joint 9 type=12 v0=3 v1=8 f0_0=5 f1_0=2 name=ss_e_ip_1 orient=1 div=7 shift=0.5
  jv[0] pts=5 (-245.85,-369.731,135.543) (-247.64,-361.599,140.089) (-229.741,-343.387,97.6986) (-227.951,-351.519,93.1527) (-245.85,-369.731,135.543)
  jv[1] pts=5 (-468.757,-366.875,42.6501) (-470.547,-358.742,47.196) (-452.648,-340.53,4.80544) (-450.858,-348.663,0.259533) (-468.757,-366.875,42.6501)
  jv[2] pts=5 (-246.454,-370.457,136.972) (-247.035,-360.873,138.66) (-229.136,-342.661,96.2697) (-228.555,-352.245,94.5816) (-246.454,-370.457,136.972)
  jv[3] pts=5 (-469.362,-367.6,44.079) (-469.943,-358.017,45.7671) (-452.044,-339.805,3.37655) (-451.463,-349.388,1.68843) (-469.362,-367.6,44.079)
  m[0][0] pts=16 (-444.885,-363.126,55.2445) (-443.99,-367.192,52.9716) (-419.222,-367.51,63.293) (-421.012,-359.377,67.8389) (-396.245,-359.694,78.1604) (-394.455,-367.827,73.6145) (-369.687,-368.144,83.936) (-371.477,-360.012,88.4819) (-346.71,-360.329,98.8033) (-344.92,-368.462,94.2574) (-320.152,-368.779,104.579) (-321.942,-360.646,109.125) (-297.175,-360.964,119.446) (-295.385,-369.097,114.9) (-270.617,-369.414,125.222) (-271.512,-365.348,127.495)
  m[0][1] pts=2 (-444.885,-363.126,55.2445) (-271.512,-365.348,127.495)
  f[0][0] pts=16 (-444.885,-363.126,55.2445) (-444.594,-367.918,54.4005) (-419.827,-368.235,64.7219) (-420.408,-358.652,66.41) (-395.64,-358.969,76.7315) (-395.059,-368.553,75.0434) (-370.292,-368.87,85.3648) (-370.873,-359.286,87.053) (-346.105,-359.604,97.3744) (-345.524,-369.187,95.6863) (-320.757,-369.505,106.008) (-321.337,-359.921,107.696) (-296.57,-360.238,118.017) (-295.989,-369.822,116.329) (-271.222,-370.139,126.651) (-271.512,-365.348,127.495)
  f[0][1] pts=2 (-444.885,-363.126,55.2445) (-271.512,-365.348,127.495)
  m[1][0] pts=16 (-426.986,-344.914,12.854) (-426.091,-348.98,10.581) (-401.323,-349.298,20.9025) (-403.113,-341.165,25.4484) (-378.346,-341.482,35.7698) (-376.556,-349.615,31.2239) (-351.788,-349.933,41.5454) (-353.578,-341.8,46.0913) (-328.811,-342.117,56.4128) (-327.021,-350.25,51.8669) (-302.253,-350.567,62.1883) (-304.043,-342.435,66.7342) (-279.276,-342.752,77.0557) (-277.486,-350.885,72.5098) (-252.718,-351.202,82.8312) (-253.613,-347.136,85.1042)
  m[1][1] pts=2 (-426.986,-344.914,12.854) (-253.613,-347.136,85.1042)
  f[1][0] pts=16 (-426.986,-344.914,12.854) (-426.695,-349.706,12.0099) (-401.928,-350.023,22.3314) (-402.509,-340.44,24.0195) (-377.741,-340.757,34.3409) (-377.16,-350.341,32.6528) (-352.393,-350.658,42.9743) (-352.974,-341.074,44.6624) (-328.206,-341.392,54.9839) (-327.625,-350.975,53.2957) (-302.858,-351.293,63.6172) (-303.439,-341.709,65.3053) (-278.671,-342.026,75.6268) (-278.09,-351.61,73.9387) (-253.323,-351.928,84.2601) (-253.613,-347.136,85.1042)
  f[1][1] pts=2 (-426.986,-344.914,12.854) (-253.613,-347.136,85.1042)
joint 13 type=12 v0=5 v1=8 f0_0=2 f1_0=7 name=ss_e_ip_1 orient=1 div=5 shift=0.5
  jv[0] pts=5 (-464.691,-339.946,-3.7733) (-458.945,-336.105,3.04624) (-485.53,-350.136,42.6372) (-491.276,-353.978,35.8177) (-464.691,-339.946,-3.7733)
  jv[1] pts=5 (-565.394,-173.803,-12.5128) (-559.647,-169.962,-5.69324) (-586.233,-183.993,33.8978) (-591.979,-187.834,27.0782) (-565.394,-173.803,-12.5128)
  jv[2] pts=5 (-492.404,-354.597,37.0382) (-484.403,-349.517,41.4168) (-457.818,-335.486,1.82576) (-465.819,-340.565,-2.55283) (-492.404,-354.597,37.0382)
  jv[3] pts=5 (-593.106,-188.453,28.2987) (-585.105,-183.374,32.6773) (-558.52,-169.343,-6.91372) (-566.521,-174.422,-11.2923) (-593.106,-188.453,28.2987)
  m[0][0] pts=12 (-548.135,-195.617,-7.85451) (-551.008,-197.538,-11.2643) (-536.622,-221.273,-10.0158) (-530.875,-217.431,-3.19625) (-516.489,-241.166,-1.94775) (-522.236,-245.008,-8.76729) (-507.85,-268.742,-7.51879) (-502.103,-264.901,-0.699252) (-487.717,-288.635,0.549245) (-493.463,-292.477,-6.2703) (-479.077,-316.212,-5.0218) (-476.204,-314.291,-1.61203)
  m[0][1] pts=2 (-548.135,-195.617,-7.85451) (-476.204,-314.291,-1.61203)
  f[0][0] pts=12 (-574.72,-209.648,31.7365) (-578.72,-212.188,29.5472) (-564.334,-235.923,30.7957) (-556.333,-230.843,35.1743) (-541.947,-254.578,36.4228) (-549.948,-259.658,32.0442) (-535.562,-283.392,33.2927) (-527.561,-278.313,37.6713) (-513.175,-302.047,38.9198) (-521.176,-307.127,34.5412) (-506.79,-330.862,35.7897) (-502.789,-328.322,37.979)
  f[0][1] pts=2 (-574.72,-209.648,31.7365) (-502.789,-328.322,37.979)
  m[1][0] pts=12 (-574.72,-209.648,31.7365) (-577.593,-211.569,28.3267) (-563.207,-235.304,29.5752) (-557.46,-231.462,36.3948) (-543.074,-255.197,37.6433) (-548.821,-259.039,30.8237) (-534.435,-282.773,32.0722) (-528.688,-278.932,38.8918) (-514.302,-302.666,40.1402) (-520.049,-306.508,33.3207) (-505.662,-330.243,34.5692) (-502.789,-328.322,37.979)
  m[1][1] pts=2 (-574.72,-209.648,31.7365) (-502.789,-328.322,37.979)
  f[1][0] pts=12 (-548.135,-195.617,-7.85451) (-552.135,-198.157,-10.0438) (-537.749,-221.892,-8.79531) (-529.748,-216.812,-4.41672) (-515.362,-240.547,-3.16822) (-523.363,-245.627,-7.54681) (-508.977,-269.361,-6.29832) (-500.976,-264.282,-1.91973) (-486.59,-288.016,-0.67123) (-494.591,-293.096,-5.04982) (-480.205,-316.831,-3.80132) (-476.204,-314.291,-1.61203)
  f[1][1] pts=2 (-548.135,-195.617,-7.85451) (-476.204,-314.291,-1.61203)
joint 15 type=12 v0=6 v1=8 f0_0=6 f1_0=3 name=ss_e_ip_1 orient=1 div=5 shift=0.5
  jv[0] pts=5 (-150.801,-216.503,205.846) (-159.563,-212.605,207.488) (-149.823,-198.096,160.93) (-141.062,-201.994,159.288) (-150.801,-216.503,205.846)
  jv[1] pts=5 (-224.707,-357.582,146.421) (-233.469,-353.683,148.063) (-223.729,-339.175,101.505) (-214.967,-343.073,99.863) (-224.707,-357.582,146.421)
  jv[2] pts=5 (-141.483,-202.602,161.254) (-149.402,-197.489,158.964) (-159.142,-211.997,205.522) (-151.223,-217.111,207.812) (-141.483,-202.602,161.254)
  jv[3] pts=5 (-215.388,-343.68,101.829) (-223.307,-338.567,99.539) (-233.047,-353.076,146.097) (-225.128,-358.189,148.387) (-215.388,-343.68,101.829)
  m[0][0] pts=12 (-218.53,-335.478,155.731) (-214.149,-337.428,154.91) (-203.591,-317.274,163.4) (-212.353,-313.375,165.042) (-201.795,-293.221,173.531) (-193.033,-297.119,171.889) (-182.475,-276.965,180.378) (-191.237,-273.067,182.02) (-180.679,-252.913,190.509) (-171.917,-256.811,188.867) (-161.359,-236.657,197.357) (-165.74,-234.708,198.178)
  m[0][1] pts=2 (-218.53,-335.478,155.731) (-165.74,-234.708,198.178)
  f[0][0] pts=12 (-208.79,-320.97,109.173) (-204.83,-323.526,110.318) (-194.272,-303.372,118.808) (-202.191,-298.259,116.517) (-191.634,-278.105,125.007) (-183.714,-283.218,127.297) (-173.157,-263.064,135.786) (-181.076,-257.951,133.496) (-170.518,-237.797,141.985) (-162.599,-242.91,144.275) (-152.041,-222.756,152.764) (-156,-220.199,151.619)
  f[0][1] pts=2 (-208.79,-320.97,109.173) (-156,-220.199,151.619)
  m[1][0] pts=12 (-208.79,-320.97,109.173) (-204.409,-322.919,108.352) (-193.851,-302.765,116.841) (-202.613,-298.866,118.484) (-192.055,-278.712,126.973) (-183.293,-282.611,125.331) (-172.735,-262.457,133.82) (-181.497,-258.558,135.462) (-170.939,-238.404,143.951) (-162.177,-242.303,142.309) (-151.619,-222.149,150.798) (-156,-220.199,151.619)
  m[1][1] pts=2 (-208.79,-320.97,109.173) (-156,-220.199,151.619)
  f[1][0] pts=12 (-218.53,-335.478,155.731) (-214.57,-338.035,156.876) (-204.012,-317.881,165.366) (-211.931,-312.768,163.076) (-201.373,-292.614,171.565) (-193.454,-297.727,173.855) (-182.896,-277.573,182.344) (-190.816,-272.46,180.054) (-180.258,-252.306,188.543) (-172.339,-257.419,190.833) (-161.781,-237.265,199.323) (-165.74,-234.708,198.178)
  f[1][1] pts=2 (-218.53,-335.478,155.731) (-165.74,-234.708,198.178)
joint 20 type=12 v0=8 v1=10 f0_0=6 f1_0=6 name=ss_e_ip_1 orient=1 div=5 shift=0.5
  jv[0] pts=5 (-489.054,-9.07957,54.5164) (-497.217,-4.36679,52.0435) (-524.692,-8.04002,93.349) (-516.529,-12.7528,95.8218) (-489.054,-9.07957,54.5164)
  jv[1] pts=5 (-559.251,-162.315,-5.80368) (-567.414,-157.602,-8.27656) (-594.889,-161.275,33.0289) (-586.726,-165.988,35.5018) (-559.251,-162.315,-5.80368)
  jv[2] pts=5 (-490.191,-9.068,55.8101) (-496.08,-4.37837,50.7498) (-523.555,-8.0516,92.0553) (-517.666,-12.7412,97.1155) (-490.191,-9.068,55.8101)
  jv[3] pts=5 (-560.388,-162.303,-4.50999) (-566.277,-157.614,-9.57025) (-593.752,-161.287,31.7352) (-587.863,-165.977,36.7955) (-560.388,-162.303,-4.50999)
  m[0][0] pts=12 (-553.304,-138.068,1.57703) (-549.223,-140.424,2.81347) (-539.195,-118.533,11.4306) (-547.357,-113.821,8.95774) (-537.329,-91.9298,17.5749) (-529.167,-96.6426,20.0478) (-519.138,-74.7519,28.6649) (-527.301,-70.0391,26.192) (-517.273,-48.1483,34.8092) (-509.11,-52.8611,37.2821) (-499.082,-30.9703,45.8992) (-503.163,-28.6139,44.6628)
  m[0][1] pts=2 (-553.304,-138.068,1.57703) (-503.163,-28.6139,44.6628)
  f[0][0] pts=12 (-553.304,-138.068,1.57703) (-550.36,-140.413,4.10716) (-540.332,-118.522,12.7243) (-546.221,-113.832,7.66406) (-536.192,-91.9414,16.2812) (-530.303,-96.631,21.3415) (-520.275,-74.7403,29.9586) (-526.164,-70.0507,24.8984) (-516.136,-48.1599,33.5155) (-510.247,-52.8495,38.5758) (-500.219,-30.9588,47.1929) (-503.163,-28.6139,44.6628)
  f[0][1] pts=2 (-553.304,-138.068,1.57703) (-503.163,-28.6139,44.6628)
  m[1][0] pts=12 (-580.779,-141.741,42.8825) (-576.698,-144.097,44.1189) (-566.67,-122.207,52.7361) (-574.833,-117.494,50.2632) (-564.804,-95.6031,58.8804) (-556.642,-100.316,61.3532) (-546.613,-78.4251,69.9704) (-554.776,-73.7123,67.4975) (-544.748,-51.8215,76.1147) (-536.585,-56.5343,78.5875) (-526.557,-34.6436,87.2047) (-530.638,-32.2872,85.9682)
  m[1][1] pts=2 (-580.779,-141.741,42.8825) (-530.638,-32.2872,85.9682)
  f[1][0] pts=12 (-580.779,-141.741,42.8825) (-577.835,-144.086,45.4126) (-567.807,-122.195,54.0298) (-573.696,-117.505,48.9695) (-563.667,-95.6146,57.5867) (-557.779,-100.304,62.6469) (-547.75,-78.4135,71.2641) (-553.639,-73.7239,66.2038) (-543.611,-51.8331,74.821) (-537.722,-56.5228,79.8812) (-527.694,-34.632,88.4984) (-530.638,-32.2872,85.9682)
  f[1][1] pts=2 (-580.779,-141.741,42.8825) (-530.638,-32.2872,85.9682)
joint 21 type=12 v0=8 v1=11 f0_0=4 f1_0=7 name=ss_e_ip_1 orient=1 div=6 shift=0.5
  jv[0] pts=5 (-149.205,-189.462,160.664) (-141.324,-185.675,164.732) (-151.389,-190.513,213.103) (-159.27,-194.301,209.035) (-149.205,-189.462,160.664)
  jv[1] pts=5 (-236.194,-8.48778,160.664) (-228.314,-4.69993,164.732) (-238.379,-9.53796,213.103) (-246.259,-13.3258,209.035) (-236.194,-8.48778,160.664)
  jv[2] pts=5 (-159.766,-194.539,211.069) (-150.893,-190.274,211.069) (-140.828,-185.436,162.698) (-149.701,-189.701,162.698) (-159.766,-194.539,211.069)
  jv[3] pts=5 (-246.756,-13.5645,211.069) (-237.882,-9.29931,211.069) (-227.817,-4.46127,162.698) (-236.69,-8.72643,162.698) (-246.756,-13.5645,211.069)
  m[0][0] pts=12 (-219.827,-32.4474,162.698) (-223.767,-34.3413,160.664) (-211.34,-60.1948,160.664) (-203.459,-56.407,164.732) (-191.032,-82.2605,164.732) (-198.913,-86.0484,160.664) (-186.486,-111.902,160.664) (-178.605,-108.114,164.732) (-166.178,-133.968,164.732) (-174.059,-137.755,160.664) (-161.632,-163.609,160.664) (-157.691,-161.715,162.698)
  m[0][1] pts=2 (-219.827,-32.4474,162.698) (-157.691,-161.715,162.698)
  f[0][0] pts=12 (-229.892,-37.2854,211.069) (-234.329,-39.418,211.069) (-221.902,-65.2715,211.069) (-213.028,-61.0064,211.069) (-200.601,-86.8599,211.069) (-209.474,-91.1251,211.069) (-197.047,-116.979,211.069) (-188.174,-112.713,211.069) (-175.747,-138.567,211.069) (-184.62,-142.832,211.069) (-172.193,-168.686,211.069) (-167.757,-166.553,211.069)
  f[0][1] pts=2 (-229.892,-37.2854,211.069) (-167.757,-166.553,211.069)
  m[1][0] pts=12 (-229.892,-37.2854,211.069) (-233.832,-39.1793,209.035) (-221.405,-65.0329,209.035) (-213.525,-61.245,213.103) (-201.098,-87.0985,213.103) (-208.978,-90.8864,209.035) (-196.551,-116.74,209.035) (-188.671,-112.952,213.103) (-176.244,-138.806,213.103) (-184.124,-142.593,209.035) (-171.697,-168.447,209.035) (-167.757,-166.553,211.069)
  m[1][1] pts=2 (-229.892,-37.2854,211.069) (-167.757,-166.553,211.069)
  f[1][0] pts=12 (-219.827,-32.4474,162.698) (-224.263,-34.58,162.698) (-211.836,-60.4335,162.698) (-202.963,-56.1683,162.698) (-190.536,-82.0219,162.698) (-199.409,-86.287,162.698) (-186.982,-112.141,162.698) (-178.109,-107.875,162.698) (-165.682,-133.729,162.698) (-174.555,-137.994,162.698) (-162.128,-163.848,162.698) (-157.691,-161.715,162.698)
  f[1][1] pts=2 (-219.827,-32.4474,162.698) (-157.691,-161.715,162.698)
joint 22 type=12 v0=8 v1=13 f0_0=5 f1_0=2 name=ss_e_ip_1 orient=1 div=7 shift=0.5
  jv[0] pts=5 (-240.957,-4.6206,159.446) (-241.621,4.6206,161.03) (-260.724,4.6206,206.587) (-260.06,-4.6206,205.003) (-240.957,-4.6206,159.446)
  jv[1] pts=5 (-483.846,-4.6206,57.5988) (-484.51,4.6206,59.1829) (-503.613,4.6206,104.739) (-502.949,-4.6206,103.155) (-483.846,-4.6206,57.5988)
  jv[2] pts=5 (-241.621,-4.6206,161.03) (-240.957,4.6206,159.446) (-260.06,4.6206,205.003) (-260.724,-4.6206,206.587) (-241.621,-4.6206,161.03)
  jv[3] pts=5 (-484.51,-4.6206,59.1829) (-483.846,4.6206,57.5988) (-502.949,4.6206,103.155) (-503.613,-4.6206,104.739) (-484.51,-4.6206,59.1829)
  m[0][0] pts=16 (-457.19,-2.9829e-12,69.7072) (-456.858,-4.6206,68.9152) (-429.871,-4.6206,80.2316) (-430.535,4.6206,81.8157) (-403.547,4.6206,93.132) (-402.883,-4.6206,91.548) (-375.895,-4.6206,102.864) (-376.56,4.6206,104.448) (-349.572,4.6206,115.765) (-348.908,-4.6206,114.181) (-321.92,-4.6206,125.497) (-322.584,4.6206,127.081) (-295.597,4.6206,138.398) (-294.932,-4.6206,136.813) (-267.945,-4.6206,148.13) (-268.277,6.45212e-13,148.922)
  m[0][1] pts=2 (-457.19,-2.9829e-12,69.7072) (-268.277,6.45212e-13,148.922)
  f[0][0] pts=16 (-457.19,-2.97974e-12,69.7072) (-457.523,-4.6206,70.4993) (-430.535,-4.6206,81.8157) (-429.871,4.6206,80.2316) (-402.883,4.6206,91.548) (-403.547,-4.6206,93.132) (-376.56,-4.6206,104.448) (-375.895,4.6206,102.864) (-348.908,4.6206,114.181) (-349.572,-4.6206,115.765) (-322.584,-4.6206,127.081) (-321.92,4.6206,125.497) (-294.932,4.6206,136.813) (-295.597,-4.6206,138.398) (-268.609,-4.6206,149.714) (-268.277,6.45607e-13,148.922)
  f[0][1] pts=2 (-457.19,-2.97974e-12,69.7072) (-268.277,6.45607e-13,148.922)
  m[1][0] pts=16 (-476.293,-4.67044e-12,115.264) (-475.961,-4.6206,114.472) (-448.973,-4.6206,125.788) (-449.638,4.6206,127.372) (-422.65,4.6206,138.689) (-421.986,-4.6206,137.104) (-394.998,-4.6206,148.421) (-395.662,4.6206,150.005) (-368.675,4.6206,161.321) (-368.01,-4.6206,159.737) (-341.023,-4.6206,171.054) (-341.687,4.6206,172.638) (-314.699,4.6206,183.954) (-314.035,-4.6206,182.37) (-287.047,-4.6206,193.686) (-287.38,-1.04233e-12,194.478)
  m[1][1] pts=2 (-476.293,-4.67044e-12,115.264) (-287.38,-1.04233e-12,194.478)
  f[1][0] pts=16 (-476.293,-4.66728e-12,115.264) (-476.625,-4.6206,116.056) (-449.638,-4.6206,127.372) (-448.973,4.6206,125.788) (-421.986,4.6206,137.104) (-422.65,-4.6206,138.689) (-395.662,-4.6206,150.005) (-394.998,4.6206,148.421) (-368.01,4.6206,159.737) (-368.675,-4.6206,161.321) (-341.687,-4.6206,172.638) (-341.023,4.6206,171.054) (-314.035,4.6206,182.37) (-314.699,-4.6206,183.954) (-287.712,-4.6206,195.27) (-287.38,-1.04193e-12,194.478)
  f[1][1] pts=2 (-476.293,-4.66728e-12,115.264) (-287.38,-1.04193e-12,194.478)
