# session joints after joint_create_geometry + orient
# count=6
joint 0 type=13 v0=0 v1=1 f0_0=4 f1_0=2 name=ss_e_r_2 orient=1 div=1 shift=1
  jv[0] pts=5 (-60,1060,123.042) (60,1060,123.042) (60,1060,3.04217) (-60,1060,3.04217) (-60,1060,123.042)
  jv[1] pts=5 (-60,940,123.042) (60,940,123.042) (60,940,3.04217) (-60,940,3.04217) (-60,940,123.042)
  m[0][0] pts=9 (24,980,30.0422) (-14,980,30.0422) (-74.3554,955,30.0422) (-120,955,30.0422) (-120,1045,30.0422) (-74.3554,1045,30.0422) (-14,1020,30.0422) (24,1020,30.0422) (24,980,30.0422)
  m[0][1] pts=9 (24,980,30.0422) (-14,980,30.0422) (-74.3554,955,30.0422) (-120,955,30.0422) (-120,1045,30.0422) (-74.3554,1045,30.0422) (-14,1020,30.0422) (24,1020,30.0422) (24,980,30.0422)
  f[0][0] pts=9 (-24,980,30.0422) (-24,1020,30.0422) (14,1020,30.0422) (74.3554,1045,30.0422) (120,1045,30.0422) (120,955,30.0422) (74.3554,955,30.0422) (14,980,30.0422) (-24,980,30.0422)
  f[0][1] pts=9 (-24,980,30.0422) (-24,1020,30.0422) (14,1020,30.0422) (74.3554,1045,30.0422) (120,1045,30.0422) (120,955,30.0422) (74.3554,955,30.0422) (14,980,30.0422) (-24,980,30.0422)
  m[1][0] pts=9 (24,980,147.042) (-14,980,147.042) (-74.3554,955,147.042) (-120,955,147.042) (-120,1045,147.042) (-74.3554,1045,147.042) (-14,1020,147.042) (24,1020,147.042) (24,980,147.042)
  m[1][1] pts=9 (24,980,147.042) (-14,980,147.042) (-74.3554,955,147.042) (-120,955,147.042) (-120,1045,147.042) (-74.3554,1045,147.042) (-14,1020,147.042) (24,1020,147.042) (24,980,147.042)
  f[1][0] pts=9 (-24,980,147.042) (-24,1020,147.042) (14,1020,147.042) (74.3554,1045,147.042) (120,1045,147.042) (120,955,147.042) (74.3554,955,147.042) (14,980,147.042) (-24,980,147.042)
  f[1][1] pts=9 (-24,980,147.042) (-24,1020,147.042) (14,1020,147.042) (74.3554,1045,147.042) (120,1045,147.042) (120,955,147.042) (74.3554,955,147.042) (14,980,147.042) (-24,980,147.042)
joint 1 type=13 v0=2 v1=3 f0_0=4 f1_0=2 name=ss_e_r_2 orient=1 div=1 shift=1
  jv[0] pts=5 (-60,660,122.584) (60,660,122.584) (60,660,2.58379) (-60,660,2.58379) (-60,660,122.584)
  jv[1] pts=5 (-60,540,122.584) (60,540,122.584) (60,540,2.58379) (-60,540,2.58379) (-60,540,122.584)
  m[0][0] pts=9 (24,580,29.5838) (-14,580,29.5838) (-74.3554,555,29.5838) (-120,555,29.5838) (-120,645,29.5838) (-74.3554,645,29.5838) (-14,620,29.5838) (24,620,29.5838) (24,580,29.5838)
  m[0][1] pts=9 (24,580,29.5838) (-14,580,29.5838) (-74.3554,555,29.5838) (-120,555,29.5838) (-120,645,29.5838) (-74.3554,645,29.5838) (-14,620,29.5838) (24,620,29.5838) (24,580,29.5838)
  f[0][0] pts=9 (-24,580,29.5838) (-24,620,29.5838) (14,620,29.5838) (74.3554,645,29.5838) (120,645,29.5838) (120,555,29.5838) (74.3554,555,29.5838) (14,580,29.5838) (-24,580,29.5838)
  f[0][1] pts=9 (-24,580,29.5838) (-24,620,29.5838) (14,620,29.5838) (74.3554,645,29.5838) (120,645,29.5838) (120,555,29.5838) (74.3554,555,29.5838) (14,580,29.5838) (-24,580,29.5838)
  m[1][0] pts=9 (24,580,146.584) (-14,580,146.584) (-74.3554,555,146.584) (-120,555,146.584) (-120,645,146.584) (-74.3554,645,146.584) (-14,620,146.584) (24,620,146.584) (24,580,146.584)
  m[1][1] pts=9 (24,580,146.584) (-14,580,146.584) (-74.3554,555,146.584) (-120,555,146.584) (-120,645,146.584) (-74.3554,645,146.584) (-14,620,146.584) (24,620,146.584) (24,580,146.584)
  f[1][0] pts=9 (-24,580,146.584) (-24,620,146.584) (14,620,146.584) (74.3554,645,146.584) (120,645,146.584) (120,555,146.584) (74.3554,555,146.584) (14,580,146.584) (-24,580,146.584)
  f[1][1] pts=9 (-24,580,146.584) (-24,620,146.584) (14,620,146.584) (74.3554,645,146.584) (120,645,146.584) (120,555,146.584) (74.3554,555,146.584) (14,580,146.584) (-24,580,146.584)
joint 2 type=13 v0=4 v1=5 f0_0=4 f1_0=2 name=ss_e_r_2 orient=1 div=1 shift=1
  jv[0] pts=5 (-60,260,121.191) (60,260,121.191) (60,260,1.19097) (-60,260,1.19097) (-60,260,121.191)
  jv[1] pts=5 (-60,140,121.191) (60,140,121.191) (60,140,1.19097) (-60,140,1.19097) (-60,140,121.191)
  m[0][0] pts=9 (24,180,28.191) (-14,180,28.191) (-74.3554,155,28.191) (-120,155,28.191) (-120,245,28.191) (-74.3554,245,28.191) (-14,220,28.191) (24,220,28.191) (24,180,28.191)
  m[0][1] pts=9 (24,180,28.191) (-14,180,28.191) (-74.3554,155,28.191) (-120,155,28.191) (-120,245,28.191) (-74.3554,245,28.191) (-14,220,28.191) (24,220,28.191) (24,180,28.191)
  f[0][0] pts=9 (-24,180,28.191) (-24,220,28.191) (14,220,28.191) (74.3554,245,28.191) (120,245,28.191) (120,155,28.191) (74.3554,155,28.191) (14,180,28.191) (-24,180,28.191)
  f[0][1] pts=9 (-24,180,28.191) (-24,220,28.191) (14,220,28.191) (74.3554,245,28.191) (120,245,28.191) (120,155,28.191) (74.3554,155,28.191) (14,180,28.191) (-24,180,28.191)
  m[1][0] pts=9 (24,180,145.191) (-14,180,145.191) (-74.3554,155,145.191) (-120,155,145.191) (-120,245,145.191) (-74.3554,245,145.191) (-14,220,145.191) (24,220,145.191) (24,180,145.191)
  m[1][1] pts=9 (24,180,145.191) (-14,180,145.191) (-74.3554,155,145.191) (-120,155,145.191) (-120,245,145.191) (-74.3554,245,145.191) (-14,220,145.191) (24,220,145.191) (24,180,145.191)
  f[1][0] pts=9 (-24,180,145.191) (-24,220,145.191) (14,220,145.191) (74.3554,245,145.191) (120,245,145.191) (120,155,145.191) (74.3554,155,145.191) (14,180,145.191) (-24,180,145.191)
  f[1][1] pts=9 (-24,180,145.191) (-24,220,145.191) (14,220,145.191) (74.3554,245,145.191) (120,245,145.191) (120,155,145.191) (74.3554,155,145.191) (14,180,145.191) (-24,180,145.191)
joint 3 type=13 v0=6 v1=7 f0_0=4 f1_0=2 name=ss_e_r_2 orient=1 div=1 shift=1
  jv[0] pts=5 (-60,-140,118.809) (60,-140,118.809) (60,-140,-1.19097) (-60,-140,-1.19097) (-60,-140,118.809)
  jv[1] pts=5 (-60,-260,118.809) (60,-260,118.809) (60,-260,-1.19097) (-60,-260,-1.19097) (-60,-260,118.809)
  m[0][0] pts=9 (24,-220,25.809) (-14,-220,25.809) (-74.3554,-245,25.809) (-120,-245,25.809) (-120,-155,25.809) (-74.3554,-155,25.809) (-14,-180,25.809) (24,-180,25.809) (24,-220,25.809)
  m[0][1] pts=9 (24,-220,25.809) (-14,-220,25.809) (-74.3554,-245,25.809) (-120,-245,25.809) (-120,-155,25.809) (-74.3554,-155,25.809) (-14,-180,25.809) (24,-180,25.809) (24,-220,25.809)
  f[0][0] pts=9 (-24,-220,25.809) (-24,-180,25.809) (14,-180,25.809) (74.3554,-155,25.809) (120,-155,25.809) (120,-245,25.809) (74.3554,-245,25.809) (14,-220,25.809) (-24,-220,25.809)
  f[0][1] pts=9 (-24,-220,25.809) (-24,-180,25.809) (14,-180,25.809) (74.3554,-155,25.809) (120,-155,25.809) (120,-245,25.809) (74.3554,-245,25.809) (14,-220,25.809) (-24,-220,25.809)
  m[1][0] pts=9 (24,-220,142.809) (-14,-220,142.809) (-74.3554,-245,142.809) (-120,-245,142.809) (-120,-155,142.809) (-74.3554,-155,142.809) (-14,-180,142.809) (24,-180,142.809) (24,-220,142.809)
  m[1][1] pts=9 (24,-220,142.809) (-14,-220,142.809) (-74.3554,-245,142.809) (-120,-245,142.809) (-120,-155,142.809) (-74.3554,-155,142.809) (-14,-180,142.809) (24,-180,142.809) (24,-220,142.809)
  f[1][0] pts=9 (-24,-220,142.809) (-24,-180,142.809) (14,-180,142.809) (74.3554,-155,142.809) (120,-155,142.809) (120,-245,142.809) (74.3554,-245,142.809) (14,-220,142.809) (-24,-220,142.809)
  f[1][1] pts=9 (-24,-220,142.809) (-24,-180,142.809) (14,-180,142.809) (74.3554,-155,142.809) (120,-155,142.809) (120,-245,142.809) (74.3554,-245,142.809) (14,-220,142.809) (-24,-220,142.809)
joint 4 type=13 v0=8 v1=9 f0_0=4 f1_0=2 name=ss_e_r_2 orient=1 div=1 shift=1
  jv[0] pts=5 (-60,-540,115.341) (60,-540,115.341) (60,-540,-4.65917) (-60,-540,-4.65917) (-60,-540,115.341)
  jv[1] pts=5 (-60,-660,115.341) (60,-660,115.341) (60,-660,-4.65917) (-60,-660,-4.65917) (-60,-660,115.341)
  m[0][0] pts=9 (24,-620,22.3408) (-14,-620,22.3408) (-74.3554,-645,22.3408) (-120,-645,22.3408) (-120,-555,22.3408) (-74.3554,-555,22.3408) (-14,-580,22.3408) (24,-580,22.3408) (24,-620,22.3408)
  m[0][1] pts=9 (24,-620,22.3408) (-14,-620,22.3408) (-74.3554,-645,22.3408) (-120,-645,22.3408) (-120,-555,22.3408) (-74.3554,-555,22.3408) (-14,-580,22.3408) (24,-580,22.3408) (24,-620,22.3408)
  f[0][0] pts=9 (-24,-620,22.3408) (-24,-580,22.3408) (14,-580,22.3408) (74.3554,-555,22.3408) (120,-555,22.3408) (120,-645,22.3408) (74.3554,-645,22.3408) (14,-620,22.3408) (-24,-620,22.3408)
  f[0][1] pts=9 (-24,-620,22.3408) (-24,-580,22.3408) (14,-580,22.3408) (74.3554,-555,22.3408) (120,-555,22.3408) (120,-645,22.3408) (74.3554,-645,22.3408) (14,-620,22.3408) (-24,-620,22.3408)
  m[1][0] pts=9 (24,-620,139.341) (-14,-620,139.341) (-74.3554,-645,139.341) (-120,-645,139.341) (-120,-555,139.341) (-74.3554,-555,139.341) (-14,-580,139.341) (24,-580,139.341) (24,-620,139.341)
  m[1][1] pts=9 (24,-620,139.341) (-14,-620,139.341) (-74.3554,-645,139.341) (-120,-645,139.341) (-120,-555,139.341) (-74.3554,-555,139.341) (-14,-580,139.341) (24,-580,139.341) (24,-620,139.341)
  f[1][0] pts=9 (-24,-620,139.341) (-24,-580,139.341) (14,-580,139.341) (74.3554,-555,139.341) (120,-555,139.341) (120,-645,139.341) (74.3554,-645,139.341) (14,-620,139.341) (-24,-620,139.341)
  f[1][1] pts=9 (-24,-620,139.341) (-24,-580,139.341) (14,-580,139.341) (74.3554,-555,139.341) (120,-555,139.341) (120,-645,139.341) (74.3554,-645,139.341) (14,-620,139.341) (-24,-620,139.341)
joint 5 type=13 v0=10 v1=11 f0_0=4 f1_0=2 name=ss_e_r_2 orient=1 div=1 shift=1
  jv[0] pts=5 (-60,-940,110.637) (60,-940,110.637) (60,-940,-9.36318) (-60,-940,-9.36318) (-60,-940,110.637)
  jv[1] pts=5 (-60,-1060,110.637) (60,-1060,110.637) (60,-1060,-9.36318) (-60,-1060,-9.36318) (-60,-1060,110.637)
  m[0][0] pts=9 (24,-1020,17.6368) (-14,-1020,17.6368) (-74.3554,-1045,17.6368) (-120,-1045,17.6368) (-120,-955,17.6368) (-74.3554,-955,17.6368) (-14,-980,17.6368) (24,-980,17.6368) (24,-1020,17.6368)
  m[0][1] pts=9 (24,-1020,17.6368) (-14,-1020,17.6368) (-74.3554,-1045,17.6368) (-120,-1045,17.6368) (-120,-955,17.6368) (-74.3554,-955,17.6368) (-14,-980,17.6368) (24,-980,17.6368) (24,-1020,17.6368)
  f[0][0] pts=9 (-24,-1020,17.6368) (-24,-980,17.6368) (14,-980,17.6368) (74.3554,-955,17.6368) (120,-955,17.6368) (120,-1045,17.6368) (74.3554,-1045,17.6368) (14,-1020,17.6368) (-24,-1020,17.6368)
  f[0][1] pts=9 (-24,-1020,17.6368) (-24,-980,17.6368) (14,-980,17.6368) (74.3554,-955,17.6368) (120,-955,17.6368) (120,-1045,17.6368) (74.3554,-1045,17.6368) (14,-1020,17.6368) (-24,-1020,17.6368)
  m[1][0] pts=9 (24,-1020,134.637) (-14,-1020,134.637) (-74.3554,-1045,134.637) (-120,-1045,134.637) (-120,-955,134.637) (-74.3554,-955,134.637) (-14,-980,134.637) (24,-980,134.637) (24,-1020,134.637)
  m[1][1] pts=9 (24,-1020,134.637) (-14,-1020,134.637) (-74.3554,-1045,134.637) (-120,-1045,134.637) (-120,-955,134.637) (-74.3554,-955,134.637) (-14,-980,134.637) (24,-980,134.637) (24,-1020,134.637)
  f[1][0] pts=9 (-24,-1020,134.637) (-24,-980,134.637) (14,-980,134.637) (74.3554,-955,134.637) (120,-955,134.637) (120,-1045,134.637) (74.3554,-1045,134.637) (14,-1020,134.637) (-24,-1020,134.637)
  f[1][1] pts=9 (-24,-1020,134.637) (-24,-980,134.637) (14,-980,134.637) (74.3554,-955,134.637) (120,-955,134.637) (120,-1045,134.637) (74.3554,-1045,134.637) (14,-1020,134.637) (-24,-1020,134.637)
