# session joints after joint_create_geometry + orient
# count=12
joint 0 type=20 v0=1 v1=0 f0_0=2 f1_0=0 name=ts_e_p_5 orient=1 div=2 shift=0.5
  jv[0] pts=5 (9.5,414.503,103.266) (9.5,414.503,123.266) (9.5,434.503,123.266) (9.5,434.503,103.266) (9.5,414.503,103.266)
  jv[1] pts=5 (-9.5,414.503,103.266) (-9.5,414.503,123.266) (-9.5,434.503,123.266) (-9.5,434.503,103.266) (-9.5,414.503,103.266)
  m[0][0] pts=44 (-153.794,414.503,103.266) (-153.794,356.364,103.266) (-143.853,356.364,103.266) (-143.853,424.038,103.266) (-138.882,424.038,103.266) (-138.882,434.503,103.266) (-145.51,434.503,103.266) (-145.51,436.581,103.266) (-142.748,444.719,103.266) (-127.835,444.719,103.266) (-127.835,356.364,103.266) (-117.893,356.364,103.266) (-117.893,444.719,103.266) (-102.981,444.719,103.266) (-100.219,436.581,103.266) (-100.219,434.503,103.266) (-106.847,434.503,103.266) (-106.847,424.038,103.266) (-101.876,424.038,103.266) (-101.876,356.364,103.266) (-91.9343,356.364,103.266) (-91.9343,414.503,103.266) (91.9344,414.503,103.266) (91.9344,356.364,103.266) (101.876,356.364,103.266) (101.876,424.038,103.266) (106.847,424.038,103.266) (106.847,434.503,103.266) (100.219,434.503,103.266) (100.219,436.581,103.266) (102.981,444.719,103.266) (117.893,444.719,103.266) (117.893,356.364,103.266) (127.835,356.364,103.266) (127.835,444.719,103.266) (142.748,444.719,103.266) (145.51,436.581,103.266) (145.51,434.503,103.266) (138.882,434.503,103.266) (138.882,424.038,103.266) (143.853,424.038,103.266) (143.853,356.364,103.266) (153.794,356.364,103.266) (153.794,414.503,103.266)
  m[0][1] pts=2 (-153.794,414.503,103.266) (153.794,414.503,103.266)
  f[0][0] pts=5 (-143.853,414.503,103.266) (-101.876,414.503,103.266) (-101.876,414.503,123.266) (-143.853,414.503,123.266) (-143.853,414.503,103.266)
  f[0][1] pts=5 (101.876,414.503,103.266) (143.853,414.503,103.266) (143.853,414.503,123.266) (101.876,414.503,123.266) (101.876,414.503,103.266)
  f[0][2] pts=5 (-143.853,414.503,103.266) (-143.853,414.503,123.266) (143.853,414.503,123.266) (143.853,414.503,103.266) (-143.853,414.503,103.266)
  m[1][0] pts=44 (-153.794,414.503,123.266) (-153.794,356.364,123.266) (-143.853,356.364,123.266) (-143.853,424.038,123.266) (-138.882,424.038,123.266) (-138.882,434.503,123.266) (-145.51,434.503,123.266) (-145.51,436.581,123.266) (-142.748,444.719,123.266) (-127.835,444.719,123.266) (-127.835,356.364,123.266) (-117.893,356.364,123.266) (-117.893,444.719,123.266) (-102.981,444.719,123.266) (-100.219,436.581,123.266) (-100.219,434.503,123.266) (-106.847,434.503,123.266) (-106.847,424.038,123.266) (-101.876,424.038,123.266) (-101.876,356.364,123.266) (-91.9343,356.364,123.266) (-91.9343,414.503,123.266) (91.9344,414.503,123.266) (91.9344,356.364,123.266) (101.876,356.364,123.266) (101.876,424.038,123.266) (106.847,424.038,123.266) (106.847,434.503,123.266) (100.219,434.503,123.266) (100.219,436.581,123.266) (102.981,444.719,123.266) (117.893,444.719,123.266) (117.893,356.364,123.266) (127.835,356.364,123.266) (127.835,444.719,123.266) (142.748,444.719,123.266) (145.51,436.581,123.266) (145.51,434.503,123.266) (138.882,434.503,123.266) (138.882,424.038,123.266) (143.853,424.038,123.266) (143.853,356.364,123.266) (153.794,356.364,123.266) (153.794,414.503,123.266)
  m[1][1] pts=2 (-153.794,414.503,123.266) (153.794,414.503,123.266)
  f[1][0] pts=5 (-143.853,434.503,103.266) (-101.876,434.503,103.266) (-101.876,434.503,123.266) (-143.853,434.503,123.266) (-143.853,434.503,103.266)
  f[1][1] pts=5 (101.876,434.503,103.266) (143.853,434.503,103.266) (143.853,434.503,123.266) (101.876,434.503,123.266) (101.876,434.503,103.266)
  f[1][2] pts=5 (-143.853,434.503,103.266) (-143.853,434.503,123.266) (143.853,434.503,123.266) (143.853,434.503,103.266) (-143.853,434.503,103.266)
joint 1 type=20 v0=3 v1=0 f0_0=5 f1_0=0 name=ts_e_p_5 orient=1 div=2 shift=0.5
  jv[0] pts=5 (-9.5,414.503,-103.266) (-9.5,414.503,-123.266) (-9.5,434.503,-123.266) (-9.5,434.503,-103.266) (-9.5,414.503,-103.266)
  jv[1] pts=5 (9.5,414.503,-103.266) (9.5,414.503,-123.266) (9.5,434.503,-123.266) (9.5,434.503,-103.266) (9.5,414.503,-103.266)
  m[0][0] pts=44 (153.794,414.503,-103.266) (153.794,356.364,-103.266) (143.853,356.364,-103.266) (143.853,424.038,-103.266) (138.882,424.038,-103.266) (138.882,434.503,-103.266) (145.51,434.503,-103.266) (145.51,436.581,-103.266) (142.748,444.719,-103.266) (127.835,444.719,-103.266) (127.835,356.364,-103.266) (117.893,356.364,-103.266) (117.893,444.719,-103.266) (102.981,444.719,-103.266) (100.219,436.581,-103.266) (100.219,434.503,-103.266) (106.847,434.503,-103.266) (106.847,424.038,-103.266) (101.876,424.038,-103.266) (101.876,356.364,-103.266) (91.9344,356.364,-103.266) (91.9344,414.503,-103.266) (-91.9343,414.503,-103.266) (-91.9343,356.364,-103.266) (-101.876,356.364,-103.266) (-101.876,424.038,-103.266) (-106.847,424.038,-103.266) (-106.847,434.503,-103.266) (-100.219,434.503,-103.266) (-100.219,436.581,-103.266) (-102.981,444.719,-103.266) (-117.893,444.719,-103.266) (-117.893,356.364,-103.266) (-127.835,356.364,-103.266) (-127.835,444.719,-103.266) (-142.748,444.719,-103.266) (-145.51,436.581,-103.266) (-145.51,434.503,-103.266) (-138.882,434.503,-103.266) (-138.882,424.038,-103.266) (-143.853,424.038,-103.266) (-143.853,356.364,-103.266) (-153.794,356.364,-103.266) (-153.794,414.503,-103.266)
  m[0][1] pts=2 (153.794,414.503,-103.266) (-153.794,414.503,-103.266)
  f[0][0] pts=5 (143.853,414.503,-103.266) (101.876,414.503,-103.266) (101.876,414.503,-123.266) (143.853,414.503,-123.266) (143.853,414.503,-103.266)
  f[0][1] pts=5 (-101.876,414.503,-103.266) (-143.853,414.503,-103.266) (-143.853,414.503,-123.266) (-101.876,414.503,-123.266) (-101.876,414.503,-103.266)
  f[0][2] pts=5 (143.853,414.503,-103.266) (143.853,414.503,-123.266) (-143.853,414.503,-123.266) (-143.853,414.503,-103.266) (143.853,414.503,-103.266)
  m[1][0] pts=44 (153.794,414.503,-123.266) (153.794,356.364,-123.266) (143.853,356.364,-123.266) (143.853,424.038,-123.266) (138.882,424.038,-123.266) (138.882,434.503,-123.266) (145.51,434.503,-123.266) (145.51,436.581,-123.266) (142.748,444.719,-123.266) (127.835,444.719,-123.266) (127.835,356.364,-123.266) (117.893,356.364,-123.266) (117.893,444.719,-123.266) (102.981,444.719,-123.266) (100.219,436.581,-123.266) (100.219,434.503,-123.266) (106.847,434.503,-123.266) (106.847,424.038,-123.266) (101.876,424.038,-123.266) (101.876,356.364,-123.266) (91.9344,356.364,-123.266) (91.9344,414.503,-123.266) (-91.9343,414.503,-123.266) (-91.9343,356.364,-123.266) (-101.876,356.364,-123.266) (-101.876,424.038,-123.266) (-106.847,424.038,-123.266) (-106.847,434.503,-123.266) (-100.219,434.503,-123.266) (-100.219,436.581,-123.266) (-102.981,444.719,-123.266) (-117.893,444.719,-123.266) (-117.893,356.364,-123.266) (-127.835,356.364,-123.266) (-127.835,444.719,-123.266) (-142.748,444.719,-123.266) (-145.51,436.581,-123.266) (-145.51,434.503,-123.266) (-138.882,434.503,-123.266) (-138.882,424.038,-123.266) (-143.853,424.038,-123.266) (-143.853,356.364,-123.266) (-153.794,356.364,-123.266) (-153.794,414.503,-123.266)
  m[1][1] pts=2 (153.794,414.503,-123.266) (-153.794,414.503,-123.266)
  f[1][0] pts=5 (143.853,434.503,-103.266) (101.876,434.503,-103.266) (101.876,434.503,-123.266) (143.853,434.503,-123.266) (143.853,434.503,-103.266)
  f[1][1] pts=5 (-101.876,434.503,-103.266) (-143.853,434.503,-103.266) (-143.853,434.503,-123.266) (-101.876,434.503,-123.266) (-101.876,434.503,-103.266)
  f[1][2] pts=5 (143.853,434.503,-103.266) (143.853,434.503,-123.266) (-143.853,434.503,-123.266) (-143.853,434.503,-103.266) (143.853,434.503,-103.266)
joint 2 type=20 v0=4 v1=0 f0_0=2 f1_0=0 name=ts_e_p_5 orient=1 div=1 shift=0.5
  jv[0] pts=5 (123.266,414.503,9.5) (103.266,414.503,9.5) (103.266,434.503,9.5) (123.266,434.503,9.5) (123.266,414.503,9.5)
  jv[1] pts=5 (123.266,414.503,-9.5) (103.266,414.503,-9.5) (103.266,434.503,-9.5) (123.266,434.503,-9.5) (123.266,414.503,-9.5)
  m[0][0] pts=22 (123.266,414.503,-30.93) (123.266,356.364,-30.93) (123.266,356.364,-20.9882) (123.266,424.038,-20.9882) (123.266,424.038,-16.0173) (123.266,434.503,-16.0173) (123.266,434.503,-22.6452) (123.266,436.581,-22.6452) (123.266,444.719,-19.8836) (123.266,444.719,-4.97089) (123.266,356.364,-4.97089) (123.266,356.364,4.9709) (123.266,444.719,4.9709) (123.266,444.719,19.8836) (123.266,436.581,22.6452) (123.266,434.503,22.6452) (123.266,434.503,16.0173) (123.266,424.038,16.0173) (123.266,424.038,20.9882) (123.266,356.364,20.9882) (123.266,356.364,30.93) (123.266,414.503,30.93)
  m[0][1] pts=2 (123.266,414.503,-30.93) (123.266,414.503,30.93)
  f[0][0] pts=5 (123.266,414.503,-20.9882) (123.266,414.503,20.9882) (103.266,414.503,20.9882) (103.266,414.503,-20.9882) (123.266,414.503,-20.9882)
  f[0][1] pts=5 (123.266,414.503,-20.9882) (103.266,414.503,-20.9882) (103.266,414.503,20.9882) (123.266,414.503,20.9882) (123.266,414.503,-20.9882)
  m[1][0] pts=22 (103.266,414.503,-30.93) (103.266,356.364,-30.93) (103.266,356.364,-20.9882) (103.266,424.038,-20.9882) (103.266,424.038,-16.0173) (103.266,434.503,-16.0173) (103.266,434.503,-22.6452) (103.266,436.581,-22.6452) (103.266,444.719,-19.8836) (103.266,444.719,-4.97089) (103.266,356.364,-4.97089) (103.266,356.364,4.9709) (103.266,444.719,4.9709) (103.266,444.719,19.8836) (103.266,436.581,22.6452) (103.266,434.503,22.6452) (103.266,434.503,16.0173) (103.266,424.038,16.0173) (103.266,424.038,20.9882) (103.266,356.364,20.9882) (103.266,356.364,30.93) (103.266,414.503,30.93)
  m[1][1] pts=2 (103.266,414.503,-30.93) (103.266,414.503,30.93)
  f[1][0] pts=5 (123.266,434.503,-20.9882) (123.266,434.503,20.9882) (103.266,434.503,20.9882) (103.266,434.503,-20.9882) (123.266,434.503,-20.9882)
  f[1][1] pts=5 (123.266,434.503,-20.9882) (103.266,434.503,-20.9882) (103.266,434.503,20.9882) (123.266,434.503,20.9882) (123.266,434.503,-20.9882)
joint 3 type=20 v0=5 v1=0 f0_0=2 f1_0=0 name=ts_e_p_5 orient=1 div=1 shift=0.5
  jv[0] pts=5 (-103.266,414.503,9.5) (-123.266,414.503,9.5) (-123.266,434.503,9.5) (-103.266,434.503,9.5) (-103.266,414.503,9.5)
  jv[1] pts=5 (-103.266,414.503,-9.5) (-123.266,414.503,-9.5) (-123.266,434.503,-9.5) (-103.266,434.503,-9.5) (-103.266,414.503,-9.5)
  m[0][0] pts=22 (-103.266,414.503,-30.93) (-103.266,356.364,-30.93) (-103.266,356.364,-20.9882) (-103.266,424.038,-20.9882) (-103.266,424.038,-16.0173) (-103.266,434.503,-16.0173) (-103.266,434.503,-22.6452) (-103.266,436.581,-22.6452) (-103.266,444.719,-19.8836) (-103.266,444.719,-4.97089) (-103.266,356.364,-4.97089) (-103.266,356.364,4.9709) (-103.266,444.719,4.9709) (-103.266,444.719,19.8836) (-103.266,436.581,22.6452) (-103.266,434.503,22.6452) (-103.266,434.503,16.0173) (-103.266,424.038,16.0173) (-103.266,424.038,20.9882) (-103.266,356.364,20.9882) (-103.266,356.364,30.93) (-103.266,414.503,30.93)
  m[0][1] pts=2 (-103.266,414.503,-30.93) (-103.266,414.503,30.93)
  f[0][0] pts=5 (-103.266,414.503,-20.9882) (-103.266,414.503,20.9882) (-123.266,414.503,20.9882) (-123.266,414.503,-20.9882) (-103.266,414.503,-20.9882)
  f[0][1] pts=5 (-103.266,414.503,-20.9882) (-123.266,414.503,-20.9882) (-123.266,414.503,20.9882) (-103.266,414.503,20.9882) (-103.266,414.503,-20.9882)
  m[1][0] pts=22 (-123.266,414.503,-30.93) (-123.266,356.364,-30.93) (-123.266,356.364,-20.9882) (-123.266,424.038,-20.9882) (-123.266,424.038,-16.0173) (-123.266,434.503,-16.0173) (-123.266,434.503,-22.6452) (-123.266,436.581,-22.6452) (-123.266,444.719,-19.8836) (-123.266,444.719,-4.97089) (-123.266,356.364,-4.97089) (-123.266,356.364,4.9709) (-123.266,444.719,4.9709) (-123.266,444.719,19.8836) (-123.266,436.581,22.6452) (-123.266,434.503,22.6452) (-123.266,434.503,16.0173) (-123.266,424.038,16.0173) (-123.266,424.038,20.9882) (-123.266,356.364,20.9882) (-123.266,356.364,30.93) (-123.266,414.503,30.93)
  m[1][1] pts=2 (-123.266,414.503,-30.93) (-123.266,414.503,30.93)
  f[1][0] pts=5 (-103.266,434.503,-20.9882) (-103.266,434.503,20.9882) (-123.266,434.503,20.9882) (-123.266,434.503,-20.9882) (-103.266,434.503,-20.9882)
  f[1][1] pts=5 (-103.266,434.503,-20.9882) (-123.266,434.503,-20.9882) (-123.266,434.503,20.9882) (-103.266,434.503,20.9882) (-103.266,434.503,-20.9882)
joint 4 type=20 v0=1 v1=2 f0_0=4 f1_0=1 name=ts_e_p_5 orient=1 div=2 shift=0.5
  jv[0] pts=5 (10,-414.503,103.266) (10,-414.503,123.266) (10,-434.503,123.266) (10,-434.503,103.266) (10,-414.503,103.266)
  jv[1] pts=5 (-10,-414.503,103.266) (-10,-414.503,123.266) (-10,-434.503,123.266) (-10,-434.503,103.266) (-10,-414.503,103.266)
  m[0][0] pts=44 (-161.889,-414.503,103.266) (-161.889,-356.364,103.266) (-151.424,-356.364,103.266) (-151.424,-424.038,103.266) (-146.191,-424.038,103.266) (-146.191,-434.503,103.266) (-153.168,-434.503,103.266) (-153.168,-436.581,103.266) (-150.261,-444.719,103.266) (-134.563,-444.719,103.266) (-134.563,-356.364,103.266) (-124.098,-356.364,103.266) (-124.098,-444.719,103.266) (-108.401,-444.719,103.266) (-105.494,-436.581,103.266) (-105.494,-434.503,103.266) (-112.471,-434.503,103.266) (-112.471,-424.038,103.266) (-107.238,-424.038,103.266) (-107.238,-356.364,103.266) (-96.773,-356.364,103.266) (-96.773,-414.503,103.266) (96.773,-414.503,103.266) (96.773,-356.364,103.266) (107.238,-356.364,103.266) (107.238,-424.038,103.266) (112.471,-424.038,103.266) (112.471,-434.503,103.266) (105.494,-434.503,103.266) (105.494,-436.581,103.266) (108.401,-444.719,103.266) (124.098,-444.719,103.266) (124.098,-356.364,103.266) (134.563,-356.364,103.266) (134.563,-444.719,103.266) (150.261,-444.719,103.266) (153.168,-436.581,103.266) (153.168,-434.503,103.266) (146.191,-434.503,103.266) (146.191,-424.038,103.266) (151.424,-424.038,103.266) (151.424,-356.364,103.266) (161.889,-356.364,103.266) (161.889,-414.503,103.266)
  m[0][1] pts=2 (-161.889,-414.503,103.266) (161.889,-414.503,103.266)
  f[0][0] pts=5 (-151.424,-414.503,103.266) (-107.238,-414.503,103.266) (-107.238,-414.503,123.266) (-151.424,-414.503,123.266) (-151.424,-414.503,103.266)
  f[0][1] pts=5 (107.238,-414.503,103.266) (151.424,-414.503,103.266) (151.424,-414.503,123.266) (107.238,-414.503,123.266) (107.238,-414.503,103.266)
  f[0][2] pts=5 (-151.424,-414.503,103.266) (-151.424,-414.503,123.266) (151.424,-414.503,123.266) (151.424,-414.503,103.266) (-151.424,-414.503,103.266)
  m[1][0] pts=44 (-161.889,-414.503,123.266) (-161.889,-356.364,123.266) (-151.424,-356.364,123.266) (-151.424,-424.038,123.266) (-146.191,-424.038,123.266) (-146.191,-434.503,123.266) (-153.168,-434.503,123.266) (-153.168,-436.581,123.266) (-150.261,-444.719,123.266) (-134.563,-444.719,123.266) (-134.563,-356.364,123.266) (-124.098,-356.364,123.266) (-124.098,-444.719,123.266) (-108.401,-444.719,123.266) (-105.494,-436.581,123.266) (-105.494,-434.503,123.266) (-112.471,-434.503,123.266) (-112.471,-424.038,123.266) (-107.238,-424.038,123.266) (-107.238,-356.364,123.266) (-96.773,-356.364,123.266) (-96.773,-414.503,123.266) (96.773,-414.503,123.266) (96.773,-356.364,123.266) (107.238,-356.364,123.266) (107.238,-424.038,123.266) (112.471,-424.038,123.266) (112.471,-434.503,123.266) (105.494,-434.503,123.266) (105.494,-436.581,123.266) (108.401,-444.719,123.266) (124.098,-444.719,123.266) (124.098,-356.364,123.266) (134.563,-356.364,123.266) (134.563,-444.719,123.266) (150.261,-444.719,123.266) (153.168,-436.581,123.266) (153.168,-434.503,123.266) (146.191,-434.503,123.266) (146.191,-424.038,123.266) (151.424,-424.038,123.266) (151.424,-356.364,123.266) (161.889,-356.364,123.266) (161.889,-414.503,123.266)
  m[1][1] pts=2 (-161.889,-414.503,123.266) (161.889,-414.503,123.266)
  f[1][0] pts=5 (-151.424,-434.503,103.266) (-107.238,-434.503,103.266) (-107.238,-434.503,123.266) (-151.424,-434.503,123.266) (-151.424,-434.503,103.266)
  f[1][1] pts=5 (107.238,-434.503,103.266) (151.424,-434.503,103.266) (151.424,-434.503,123.266) (107.238,-434.503,123.266) (107.238,-434.503,103.266)
  f[1][2] pts=5 (-151.424,-434.503,103.266) (-151.424,-434.503,123.266) (151.424,-434.503,123.266) (151.424,-434.503,103.266) (-151.424,-434.503,103.266)
joint 5 type=20 v0=4 v1=1 f0_0=3 f1_0=0 name=ts_e_p_5 orient=1 div=3 shift=0.5
  jv[0] pts=5 (123.266,-10,103.266) (103.266,-10,103.266) (103.266,-10,123.266) (123.266,-10,123.266) (123.266,-10,103.266)
  jv[1] pts=5 (123.266,10,103.266) (103.266,10,103.266) (103.266,10,123.266) (123.266,10,123.266) (123.266,10,103.266)
  m[0][0] pts=66 (123.266,308.893,103.266) (123.266,308.893,45.1271) (123.266,298.428,45.1271) (123.266,298.428,112.801) (123.266,293.196,112.801) (123.266,293.196,123.266) (123.266,300.173,123.266) (123.266,300.173,125.344) (123.266,297.266,133.482) (123.266,281.568,133.482) (123.266,281.568,45.1271) (123.266,271.103,45.1271) (123.266,271.103,133.482) (123.266,255.405,133.482) (123.266,252.499,125.344) (123.266,252.499,123.266) (123.266,259.475,123.266) (123.266,259.475,112.801) (123.266,254.243,112.801) (123.266,254.243,45.1271) (123.266,243.778,45.1271) (123.266,243.778,103.266) (123.266,32.5579,103.266) (123.266,32.5579,45.1271) (123.266,22.0929,45.1271) (123.266,22.0929,112.801) (123.266,16.8603,112.801) (123.266,16.8603,123.266) (123.266,23.837,123.266) (123.266,23.837,125.344) (123.266,20.9301,133.482) (123.266,5.23252,133.482) (123.266,5.23252,45.1271) (123.266,-5.23252,45.1271) (123.266,-5.23252,133.482) (123.266,-20.9301,133.482) (123.266,-23.837,125.344) (123.266,-23.837,123.266) (123.266,-16.8603,123.266) (123.266,-16.8603,112.801) (123.266,-22.0929,112.801) (123.266,-22.0929,45.1271) (123.266,-32.5579,45.1271) (123.266,-32.5579,103.266) (123.266,-243.778,103.266) (123.266,-243.778,45.1271) (123.266,-254.243,45.1271) (123.266,-254.243,112.801) (123.266,-259.475,112.801) (123.266,-259.475,123.266) (123.266,-252.499,123.266) (123.266,-252.499,125.344) (123.266,-255.405,133.482) (123.266,-271.103,133.482) (123.266,-271.103,45.1271) (123.266,-281.568,45.1271) (123.266,-281.568,133.482) (123.266,-297.266,133.482) (123.266,-300.173,125.344) (123.266,-300.173,123.266) (123.266,-293.196,123.266) (123.266,-293.196,112.801) (123.266,-298.428,112.801) (123.266,-298.428,45.1271) (123.266,-308.893,45.1271) (123.266,-308.893,103.266)
  m[0][1] pts=2 (123.266,308.893,103.266) (123.266,-308.893,103.266)
  f[0][0] pts=5 (123.266,298.428,103.266) (123.266,254.243,103.266) (103.266,254.243,103.266) (103.266,298.428,103.266) (123.266,298.428,103.266)
  f[0][1] pts=5 (123.266,22.0929,103.266) (123.266,-22.0929,103.266) (103.266,-22.0929,103.266) (103.266,22.0929,103.266) (123.266,22.0929,103.266)
  f[0][2] pts=5 (123.266,-254.243,103.266) (123.266,-298.428,103.266) (103.266,-298.428,103.266) (103.266,-254.243,103.266) (123.266,-254.243,103.266)
  f[0][3] pts=5 (123.266,298.428,103.266) (103.266,298.428,103.266) (103.266,-298.428,103.266) (123.266,-298.428,103.266) (123.266,298.428,103.266)
  m[1][0] pts=66 (103.266,308.893,103.266) (103.266,308.893,45.1271) (103.266,298.428,45.1271) (103.266,298.428,112.801) (103.266,293.196,112.801) (103.266,293.196,123.266) (103.266,300.173,123.266) (103.266,300.173,125.344) (103.266,297.266,133.482) (103.266,281.568,133.482) (103.266,281.568,45.1271) (103.266,271.103,45.1271) (103.266,271.103,133.482) (103.266,255.405,133.482) (103.266,252.499,125.344) (103.266,252.499,123.266) (103.266,259.475,123.266) (103.266,259.475,112.801) (103.266,254.243,112.801) (103.266,254.243,45.1271) (103.266,243.778,45.1271) (103.266,243.778,103.266) (103.266,32.5579,103.266) (103.266,32.5579,45.1271) (103.266,22.0929,45.1271) (103.266,22.0929,112.801) (103.266,16.8603,112.801) (103.266,16.8603,123.266) (103.266,23.837,123.266) (103.266,23.837,125.344) (103.266,20.9301,133.482) (103.266,5.23252,133.482) (103.266,5.23252,45.1271) (103.266,-5.23252,45.1271) (103.266,-5.23252,133.482) (103.266,-20.9301,133.482) (103.266,-23.837,125.344) (103.266,-23.837,123.266) (103.266,-16.8603,123.266) (103.266,-16.8603,112.801) (103.266,-22.0929,112.801) (103.266,-22.0929,45.1271) (103.266,-32.5579,45.1271) (103.266,-32.5579,103.266) (103.266,-243.778,103.266) (103.266,-243.778,45.1271) (103.266,-254.243,45.1271) (103.266,-254.243,112.801) (103.266,-259.475,112.801) (103.266,-259.475,123.266) (103.266,-252.499,123.266) (103.266,-252.499,125.344) (103.266,-255.405,133.482) (103.266,-271.103,133.482) (103.266,-271.103,45.1271) (103.266,-281.568,45.1271) (103.266,-281.568,133.482) (103.266,-297.266,133.482) (103.266,-300.173,125.344) (103.266,-300.173,123.266) (103.266,-293.196,123.266) (103.266,-293.196,112.801) (103.266,-298.428,112.801) (103.266,-298.428,45.1271) (103.266,-308.893,45.1271) (103.266,-308.893,103.266)
  m[1][1] pts=2 (103.266,308.893,103.266) (103.266,-308.893,103.266)
  f[1][0] pts=5 (123.266,298.428,123.266) (123.266,254.243,123.266) (103.266,254.243,123.266) (103.266,298.428,123.266) (123.266,298.428,123.266)
  f[1][1] pts=5 (123.266,22.0929,123.266) (123.266,-22.0929,123.266) (103.266,-22.0929,123.266) (103.266,22.0929,123.266) (123.266,22.0929,123.266)
  f[1][2] pts=5 (123.266,-254.243,123.266) (123.266,-298.428,123.266) (103.266,-298.428,123.266) (103.266,-254.243,123.266) (123.266,-254.243,123.266)
  f[1][3] pts=5 (123.266,298.428,123.266) (103.266,298.428,123.266) (103.266,-298.428,123.266) (123.266,-298.428,123.266) (123.266,298.428,123.266)
joint 6 type=20 v0=5 v1=1 f0_0=3 f1_0=0 name=ts_e_p_5 orient=1 div=3 shift=0.5
  jv[0] pts=5 (-103.266,-10,103.266) (-123.266,-10,103.266) (-123.266,-10,123.266) (-103.266,-10,123.266) (-103.266,-10,103.266)
  jv[1] pts=5 (-103.266,10,103.266) (-123.266,10,103.266) (-123.266,10,123.266) (-103.266,10,123.266) (-103.266,10,103.266)
  m[0][0] pts=66 (-103.266,308.893,103.266) (-103.266,308.893,45.1271) (-103.266,298.428,45.1271) (-103.266,298.428,112.801) (-103.266,293.196,112.801) (-103.266,293.196,123.266) (-103.266,300.173,123.266) (-103.266,300.173,125.344) (-103.266,297.266,133.482) (-103.266,281.568,133.482) (-103.266,281.568,45.1271) (-103.266,271.103,45.1271) (-103.266,271.103,133.482) (-103.266,255.405,133.482) (-103.266,252.499,125.344) (-103.266,252.499,123.266) (-103.266,259.475,123.266) (-103.266,259.475,112.801) (-103.266,254.243,112.801) (-103.266,254.243,45.1271) (-103.266,243.778,45.1271) (-103.266,243.778,103.266) (-103.266,32.5579,103.266) (-103.266,32.5579,45.1271) (-103.266,22.0929,45.1271) (-103.266,22.0929,112.801) (-103.266,16.8603,112.801) (-103.266,16.8603,123.266) (-103.266,23.837,123.266) (-103.266,23.837,125.344) (-103.266,20.9301,133.482) (-103.266,5.23252,133.482) (-103.266,5.23252,45.1271) (-103.266,-5.23252,45.1271) (-103.266,-5.23252,133.482) (-103.266,-20.9301,133.482) (-103.266,-23.837,125.344) (-103.266,-23.837,123.266) (-103.266,-16.8603,123.266) (-103.266,-16.8603,112.801) (-103.266,-22.0929,112.801) (-103.266,-22.0929,45.1271) (-103.266,-32.5579,45.1271) (-103.266,-32.5579,103.266) (-103.266,-243.778,103.266) (-103.266,-243.778,45.1271) (-103.266,-254.243,45.1271) (-103.266,-254.243,112.801) (-103.266,-259.475,112.801) (-103.266,-259.475,123.266) (-103.266,-252.499,123.266) (-103.266,-252.499,125.344) (-103.266,-255.405,133.482) (-103.266,-271.103,133.482) (-103.266,-271.103,45.1271) (-103.266,-281.568,45.1271) (-103.266,-281.568,133.482) (-103.266,-297.266,133.482) (-103.266,-300.173,125.344) (-103.266,-300.173,123.266) (-103.266,-293.196,123.266) (-103.266,-293.196,112.801) (-103.266,-298.428,112.801) (-103.266,-298.428,45.1271) (-103.266,-308.893,45.1271) (-103.266,-308.893,103.266)
  m[0][1] pts=2 (-103.266,308.893,103.266) (-103.266,-308.893,103.266)
  f[0][0] pts=5 (-103.266,298.428,103.266) (-103.266,254.243,103.266) (-123.266,254.243,103.266) (-123.266,298.428,103.266) (-103.266,298.428,103.266)
  f[0][1] pts=5 (-103.266,22.0929,103.266) (-103.266,-22.0929,103.266) (-123.266,-22.0929,103.266) (-123.266,22.0929,103.266) (-103.266,22.0929,103.266)
  f[0][2] pts=5 (-103.266,-254.243,103.266) (-103.266,-298.428,103.266) (-123.266,-298.428,103.266) (-123.266,-254.243,103.266) (-103.266,-254.243,103.266)
  f[0][3] pts=5 (-103.266,298.428,103.266) (-123.266,298.428,103.266) (-123.266,-298.428,103.266) (-103.266,-298.428,103.266) (-103.266,298.428,103.266)
  m[1][0] pts=66 (-123.266,308.893,103.266) (-123.266,308.893,45.1271) (-123.266,298.428,45.1271) (-123.266,298.428,112.801) (-123.266,293.196,112.801) (-123.266,293.196,123.266) (-123.266,300.173,123.266) (-123.266,300.173,125.344) (-123.266,297.266,133.482) (-123.266,281.568,133.482) (-123.266,281.568,45.1271) (-123.266,271.103,45.1271) (-123.266,271.103,133.482) (-123.266,255.405,133.482) (-123.266,252.499,125.344) (-123.266,252.499,123.266) (-123.266,259.475,123.266) (-123.266,259.475,112.801) (-123.266,254.243,112.801) (-123.266,254.243,45.1271) (-123.266,243.778,45.1271) (-123.266,243.778,103.266) (-123.266,32.5579,103.266) (-123.266,32.5579,45.1271) (-123.266,22.0929,45.1271) (-123.266,22.0929,112.801) (-123.266,16.8603,112.801) (-123.266,16.8603,123.266) (-123.266,23.837,123.266) (-123.266,23.837,125.344) (-123.266,20.9301,133.482) (-123.266,5.23252,133.482) (-123.266,5.23252,45.1271) (-123.266,-5.23252,45.1271) (-123.266,-5.23252,133.482) (-123.266,-20.9301,133.482) (-123.266,-23.837,125.344) (-123.266,-23.837,123.266) (-123.266,-16.8603,123.266) (-123.266,-16.8603,112.801) (-123.266,-22.0929,112.801) (-123.266,-22.0929,45.1271) (-123.266,-32.5579,45.1271) (-123.266,-32.5579,103.266) (-123.266,-243.778,103.266) (-123.266,-243.778,45.1271) (-123.266,-254.243,45.1271) (-123.266,-254.243,112.801) (-123.266,-259.475,112.801) (-123.266,-259.475,123.266) (-123.266,-252.499,123.266) (-123.266,-252.499,125.344) (-123.266,-255.405,133.482) (-123.266,-271.103,133.482) (-123.266,-271.103,45.1271) (-123.266,-281.568,45.1271) (-123.266,-281.568,133.482) (-123.266,-297.266,133.482) (-123.266,-300.173,125.344) (-123.266,-300.173,123.266) (-123.266,-293.196,123.266) (-123.266,-293.196,112.801) (-123.266,-298.428,112.801) (-123.266,-298.428,45.1271) (-123.266,-308.893,45.1271) (-123.266,-308.893,103.266)
  m[1][1] pts=2 (-123.266,308.893,103.266) (-123.266,-308.893,103.266)
  f[1][0] pts=5 (-103.266,298.428,123.266) (-103.266,254.243,123.266) (-123.266,254.243,123.266) (-123.266,298.428,123.266) (-103.266,298.428,123.266)
  f[1][1] pts=5 (-103.266,22.0929,123.266) (-103.266,-22.0929,123.266) (-123.266,-22.0929,123.266) (-123.266,22.0929,123.266) (-103.266,22.0929,123.266)
  f[1][2] pts=5 (-103.266,-254.243,123.266) (-103.266,-298.428,123.266) (-123.266,-298.428,123.266) (-123.266,-254.243,123.266) (-103.266,-254.243,123.266)
  f[1][3] pts=5 (-103.266,298.428,123.266) (-123.266,298.428,123.266) (-123.266,-298.428,123.266) (-103.266,-298.428,123.266) (-103.266,298.428,123.266)
joint 7 type=20 v0=3 v1=2 f0_0=3 f1_0=1 name=ts_e_p_5 orient=1 div=2 shift=0.5
  jv[0] pts=5 (10,-414.503,-103.266) (10,-414.503,-123.266) (10,-434.503,-123.266) (10,-434.503,-103.266) (10,-414.503,-103.266)
  jv[1] pts=5 (-10,-414.503,-103.266) (-10,-414.503,-123.266) (-10,-434.503,-123.266) (-10,-434.503,-103.266) (-10,-414.503,-103.266)
  m[0][0] pts=44 (-161.889,-414.503,-103.266) (-161.889,-356.364,-103.266) (-151.424,-356.364,-103.266) (-151.424,-424.038,-103.266) (-146.191,-424.038,-103.266) (-146.191,-434.503,-103.266) (-153.168,-434.503,-103.266) (-153.168,-436.581,-103.266) (-150.261,-444.719,-103.266) (-134.563,-444.719,-103.266) (-134.563,-356.364,-103.266) (-124.098,-356.364,-103.266) (-124.098,-444.719,-103.266) (-108.401,-444.719,-103.266) (-105.494,-436.581,-103.266) (-105.494,-434.503,-103.266) (-112.471,-434.503,-103.266) (-112.471,-424.038,-103.266) (-107.238,-424.038,-103.266) (-107.238,-356.364,-103.266) (-96.773,-356.364,-103.266) (-96.773,-414.503,-103.266) (96.773,-414.503,-103.266) (96.773,-356.364,-103.266) (107.238,-356.364,-103.266) (107.238,-424.038,-103.266) (112.471,-424.038,-103.266) (112.471,-434.503,-103.266) (105.494,-434.503,-103.266) (105.494,-436.581,-103.266) (108.401,-444.719,-103.266) (124.098,-444.719,-103.266) (124.098,-356.364,-103.266) (134.563,-356.364,-103.266) (134.563,-444.719,-103.266) (150.261,-444.719,-103.266) (153.168,-436.581,-103.266) (153.168,-434.503,-103.266) (146.191,-434.503,-103.266) (146.191,-424.038,-103.266) (151.424,-424.038,-103.266) (151.424,-356.364,-103.266) (161.889,-356.364,-103.266) (161.889,-414.503,-103.266)
  m[0][1] pts=2 (-161.889,-414.503,-103.266) (161.889,-414.503,-103.266)
  f[0][0] pts=5 (-151.424,-414.503,-103.266) (-107.238,-414.503,-103.266) (-107.238,-414.503,-123.266) (-151.424,-414.503,-123.266) (-151.424,-414.503,-103.266)
  f[0][1] pts=5 (107.238,-414.503,-103.266) (151.424,-414.503,-103.266) (151.424,-414.503,-123.266) (107.238,-414.503,-123.266) (107.238,-414.503,-103.266)
  f[0][2] pts=5 (-151.424,-414.503,-103.266) (-151.424,-414.503,-123.266) (151.424,-414.503,-123.266) (151.424,-414.503,-103.266) (-151.424,-414.503,-103.266)
  m[1][0] pts=44 (-161.889,-414.503,-123.266) (-161.889,-356.364,-123.266) (-151.424,-356.364,-123.266) (-151.424,-424.038,-123.266) (-146.191,-424.038,-123.266) (-146.191,-434.503,-123.266) (-153.168,-434.503,-123.266) (-153.168,-436.581,-123.266) (-150.261,-444.719,-123.266) (-134.563,-444.719,-123.266) (-134.563,-356.364,-123.266) (-124.098,-356.364,-123.266) (-124.098,-444.719,-123.266) (-108.401,-444.719,-123.266) (-105.494,-436.581,-123.266) (-105.494,-434.503,-123.266) (-112.471,-434.503,-123.266) (-112.471,-424.038,-123.266) (-107.238,-424.038,-123.266) (-107.238,-356.364,-123.266) (-96.773,-356.364,-123.266) (-96.773,-414.503,-123.266) (96.773,-414.503,-123.266) (96.773,-356.364,-123.266) (107.238,-356.364,-123.266) (107.238,-424.038,-123.266) (112.471,-424.038,-123.266) (112.471,-434.503,-123.266) (105.494,-434.503,-123.266) (105.494,-436.581,-123.266) (108.401,-444.719,-123.266) (124.098,-444.719,-123.266) (124.098,-356.364,-123.266) (134.563,-356.364,-123.266) (134.563,-444.719,-123.266) (150.261,-444.719,-123.266) (153.168,-436.581,-123.266) (153.168,-434.503,-123.266) (146.191,-434.503,-123.266) (146.191,-424.038,-123.266) (151.424,-424.038,-123.266) (151.424,-356.364,-123.266) (161.889,-356.364,-123.266) (161.889,-414.503,-123.266)
  m[1][1] pts=2 (-161.889,-414.503,-123.266) (161.889,-414.503,-123.266)
  f[1][0] pts=5 (-151.424,-434.503,-103.266) (-107.238,-434.503,-103.266) (-107.238,-434.503,-123.266) (-151.424,-434.503,-123.266) (-151.424,-434.503,-103.266)
  f[1][1] pts=5 (107.238,-434.503,-103.266) (151.424,-434.503,-103.266) (151.424,-434.503,-123.266) (107.238,-434.503,-123.266) (107.238,-434.503,-103.266)
  f[1][2] pts=5 (-151.424,-434.503,-103.266) (-151.424,-434.503,-123.266) (151.424,-434.503,-123.266) (151.424,-434.503,-103.266) (-151.424,-434.503,-103.266)
joint 8 type=20 v0=4 v1=2 f0_0=4 f1_0=1 name=ts_e_p_5 orient=1 div=1 shift=0.5
  jv[0] pts=5 (123.266,-414.503,-10) (103.266,-414.503,-10) (103.266,-434.503,-10) (123.266,-434.503,-10) (123.266,-414.503,-10)
  jv[1] pts=5 (123.266,-414.503,10) (103.266,-414.503,10) (103.266,-434.503,10) (123.266,-434.503,10) (123.266,-414.503,10)
  m[0][0] pts=22 (123.266,-414.503,32.5579) (123.266,-356.364,32.5579) (123.266,-356.364,22.0929) (123.266,-424.038,22.0929) (123.266,-424.038,16.8603) (123.266,-434.503,16.8603) (123.266,-434.503,23.837) (123.266,-436.581,23.837) (123.266,-444.719,20.9301) (123.266,-444.719,5.23252) (123.266,-356.364,5.23252) (123.266,-356.364,-5.23252) (123.266,-444.719,-5.23252) (123.266,-444.719,-20.9301) (123.266,-436.581,-23.837) (123.266,-434.503,-23.837) (123.266,-434.503,-16.8603) (123.266,-424.038,-16.8603) (123.266,-424.038,-22.0929) (123.266,-356.364,-22.0929) (123.266,-356.364,-32.5579) (123.266,-414.503,-32.5579)
  m[0][1] pts=2 (123.266,-414.503,32.5579) (123.266,-414.503,-32.5579)
  f[0][0] pts=5 (123.266,-414.503,22.0929) (123.266,-414.503,-22.0929) (103.266,-414.503,-22.0929) (103.266,-414.503,22.0929) (123.266,-414.503,22.0929)
  f[0][1] pts=5 (123.266,-414.503,22.0929) (103.266,-414.503,22.0929) (103.266,-414.503,-22.0929) (123.266,-414.503,-22.0929) (123.266,-414.503,22.0929)
  m[1][0] pts=22 (103.266,-414.503,32.5579) (103.266,-356.364,32.5579) (103.266,-356.364,22.0929) (103.266,-424.038,22.0929) (103.266,-424.038,16.8603) (103.266,-434.503,16.8603) (103.266,-434.503,23.837) (103.266,-436.581,23.837) (103.266,-444.719,20.9301) (103.266,-444.719,5.23252) (103.266,-356.364,5.23252) (103.266,-356.364,-5.23252) (103.266,-444.719,-5.23252) (103.266,-444.719,-20.9301) (103.266,-436.581,-23.837) (103.266,-434.503,-23.837) (103.266,-434.503,-16.8603) (103.266,-424.038,-16.8603) (103.266,-424.038,-22.0929) (103.266,-356.364,-22.0929) (103.266,-356.364,-32.5579) (103.266,-414.503,-32.5579)
  m[1][1] pts=2 (103.266,-414.503,32.5579) (103.266,-414.503,-32.5579)
  f[1][0] pts=5 (123.266,-434.503,22.0929) (123.266,-434.503,-22.0929) (103.266,-434.503,-22.0929) (103.266,-434.503,22.0929) (123.266,-434.503,22.0929)
  f[1][1] pts=5 (123.266,-434.503,22.0929) (103.266,-434.503,22.0929) (103.266,-434.503,-22.0929) (123.266,-434.503,-22.0929) (123.266,-434.503,22.0929)
joint 9 type=20 v0=5 v1=2 f0_0=4 f1_0=1 name=ts_e_p_5 orient=1 div=1 shift=0.5
  jv[0] pts=5 (-103.266,-414.503,-10) (-123.266,-414.503,-10) (-123.266,-434.503,-10) (-103.266,-434.503,-10) (-103.266,-414.503,-10)
  jv[1] pts=5 (-103.266,-414.503,10) (-123.266,-414.503,10) (-123.266,-434.503,10) (-103.266,-434.503,10) (-103.266,-414.503,10)
  m[0][0] pts=22 (-103.266,-414.503,32.5579) (-103.266,-356.364,32.5579) (-103.266,-356.364,22.0929) (-103.266,-424.038,22.0929) (-103.266,-424.038,16.8603) (-103.266,-434.503,16.8603) (-103.266,-434.503,23.837) (-103.266,-436.581,23.837) (-103.266,-444.719,20.9301) (-103.266,-444.719,5.23252) (-103.266,-356.364,5.23252) (-103.266,-356.364,-5.23252) (-103.266,-444.719,-5.23252) (-103.266,-444.719,-20.9301) (-103.266,-436.581,-23.837) (-103.266,-434.503,-23.837) (-103.266,-434.503,-16.8603) (-103.266,-424.038,-16.8603) (-103.266,-424.038,-22.0929) (-103.266,-356.364,-22.0929) (-103.266,-356.364,-32.5579) (-103.266,-414.503,-32.5579)
  m[0][1] pts=2 (-103.266,-414.503,32.5579) (-103.266,-414.503,-32.5579)
  f[0][0] pts=5 (-103.266,-414.503,22.0929) (-103.266,-414.503,-22.0929) (-123.266,-414.503,-22.0929) (-123.266,-414.503,22.0929) (-103.266,-414.503,22.0929)
  f[0][1] pts=5 (-103.266,-414.503,22.0929) (-123.266,-414.503,22.0929) (-123.266,-414.503,-22.0929) (-103.266,-414.503,-22.0929) (-103.266,-414.503,22.0929)
  m[1][0] pts=22 (-123.266,-414.503,32.5579) (-123.266,-356.364,32.5579) (-123.266,-356.364,22.0929) (-123.266,-424.038,22.0929) (-123.266,-424.038,16.8603) (-123.266,-434.503,16.8603) (-123.266,-434.503,23.837) (-123.266,-436.581,23.837) (-123.266,-444.719,20.9301) (-123.266,-444.719,5.23252) (-123.266,-356.364,5.23252) (-123.266,-356.364,-5.23252) (-123.266,-444.719,-5.23252) (-123.266,-444.719,-20.9301) (-123.266,-436.581,-23.837) (-123.266,-434.503,-23.837) (-123.266,-434.503,-16.8603) (-123.266,-424.038,-16.8603) (-123.266,-424.038,-22.0929) (-123.266,-356.364,-22.0929) (-123.266,-356.364,-32.5579) (-123.266,-414.503,-32.5579)
  m[1][1] pts=2 (-123.266,-414.503,32.5579) (-123.266,-414.503,-32.5579)
  f[1][0] pts=5 (-103.266,-434.503,22.0929) (-103.266,-434.503,-22.0929) (-123.266,-434.503,-22.0929) (-123.266,-434.503,22.0929) (-103.266,-434.503,22.0929)
  f[1][1] pts=5 (-103.266,-434.503,22.0929) (-123.266,-434.503,22.0929) (-123.266,-434.503,-22.0929) (-103.266,-434.503,-22.0929) (-103.266,-434.503,22.0929)
joint 10 type=20 v0=4 v1=3 f0_0=5 f1_0=0 name=ts_e_p_5 orient=1 div=3 shift=0.5
  jv[0] pts=5 (123.266,9.5,-103.266) (103.266,9.5,-103.266) (103.266,9.5,-123.266) (123.266,9.5,-123.266) (123.266,9.5,-103.266)
  jv[1] pts=5 (123.266,-9.5,-103.266) (103.266,-9.5,-103.266) (103.266,-9.5,-123.266) (123.266,-9.5,-123.266) (123.266,-9.5,-103.266)
  m[0][0] pts=66 (123.266,-293.449,-103.266) (123.266,-293.449,-45.1271) (123.266,-283.507,-45.1271) (123.266,-283.507,-112.801) (123.266,-278.536,-112.801) (123.266,-278.536,-123.266) (123.266,-285.164,-123.266) (123.266,-285.164,-125.344) (123.266,-282.402,-133.482) (123.266,-267.49,-133.482) (123.266,-267.49,-45.1271) (123.266,-257.548,-45.1271) (123.266,-257.548,-133.482) (123.266,-242.635,-133.482) (123.266,-239.874,-125.344) (123.266,-239.874,-123.266) (123.266,-246.501,-123.266) (123.266,-246.501,-112.801) (123.266,-241.531,-112.801) (123.266,-241.531,-45.1271) (123.266,-231.589,-45.1271) (123.266,-231.589,-103.266) (123.266,-30.93,-103.266) (123.266,-30.93,-45.1271) (123.266,-20.9882,-45.1271) (123.266,-20.9882,-112.801) (123.266,-16.0173,-112.801) (123.266,-16.0173,-123.266) (123.266,-22.6452,-123.266) (123.266,-22.6452,-125.344) (123.266,-19.8836,-133.482) (123.266,-4.9709,-133.482) (123.266,-4.9709,-45.1271) (123.266,4.97089,-45.1271) (123.266,4.97089,-133.482) (123.266,19.8836,-133.482) (123.266,22.6452,-125.344) (123.266,22.6452,-123.266) (123.266,16.0173,-123.266) (123.266,16.0173,-112.801) (123.266,20.9882,-112.801) (123.266,20.9882,-45.1271) (123.266,30.93,-45.1271) (123.266,30.93,-103.266) (123.266,231.589,-103.266) (123.266,231.589,-45.1271) (123.266,241.531,-45.1271) (123.266,241.531,-112.801) (123.266,246.501,-112.801) (123.266,246.501,-123.266) (123.266,239.874,-123.266) (123.266,239.874,-125.344) (123.266,242.635,-133.482) (123.266,257.548,-133.482) (123.266,257.548,-45.1271) (123.266,267.49,-45.1271) (123.266,267.49,-133.482) (123.266,282.402,-133.482) (123.266,285.164,-125.344) (123.266,285.164,-123.266) (123.266,278.536,-123.266) (123.266,278.536,-112.801) (123.266,283.507,-112.801) (123.266,283.507,-45.1271) (123.266,293.449,-45.1271) (123.266,293.449,-103.266)
  m[0][1] pts=2 (123.266,-293.449,-103.266) (123.266,293.449,-103.266)
  f[0][0] pts=5 (123.266,-283.507,-103.266) (123.266,-241.531,-103.266) (103.266,-241.531,-103.266) (103.266,-283.507,-103.266) (123.266,-283.507,-103.266)
  f[0][1] pts=5 (123.266,-20.9882,-103.266) (123.266,20.9882,-103.266) (103.266,20.9882,-103.266) (103.266,-20.9882,-103.266) (123.266,-20.9882,-103.266)
  f[0][2] pts=5 (123.266,241.531,-103.266) (123.266,283.507,-103.266) (103.266,283.507,-103.266) (103.266,241.531,-103.266) (123.266,241.531,-103.266)
  f[0][3] pts=5 (123.266,-283.507,-103.266) (103.266,-283.507,-103.266) (103.266,283.507,-103.266) (123.266,283.507,-103.266) (123.266,-283.507,-103.266)
  m[1][0] pts=66 (103.266,-293.449,-103.266) (103.266,-293.449,-45.1271) (103.266,-283.507,-45.1271) (103.266,-283.507,-112.801) (103.266,-278.536,-112.801) (103.266,-278.536,-123.266) (103.266,-285.164,-123.266) (103.266,-285.164,-125.344) (103.266,-282.402,-133.482) (103.266,-267.49,-133.482) (103.266,-267.49,-45.1271) (103.266,-257.548,-45.1271) (103.266,-257.548,-133.482) (103.266,-242.635,-133.482) (103.266,-239.874,-125.344) (103.266,-239.874,-123.266) (103.266,-246.501,-123.266) (103.266,-246.501,-112.801) (103.266,-241.531,-112.801) (103.266,-241.531,-45.1271) (103.266,-231.589,-45.1271) (103.266,-231.589,-103.266) (103.266,-30.93,-103.266) (103.266,-30.93,-45.1271) (103.266,-20.9882,-45.1271) (103.266,-20.9882,-112.801) (103.266,-16.0173,-112.801) (103.266,-16.0173,-123.266) (103.266,-22.6452,-123.266) (103.266,-22.6452,-125.344) (103.266,-19.8836,-133.482) (103.266,-4.9709,-133.482) (103.266,-4.9709,-45.1271) (103.266,4.97089,-45.1271) (103.266,4.97089,-133.482) (103.266,19.8836,-133.482) (103.266,22.6452,-125.344) (103.266,22.6452,-123.266) (103.266,16.0173,-123.266) (103.266,16.0173,-112.801) (103.266,20.9882,-112.801) (103.266,20.9882,-45.1271) (103.266,30.93,-45.1271) (103.266,30.93,-103.266) (103.266,231.589,-103.266) (103.266,231.589,-45.1271) (103.266,241.531,-45.1271) (103.266,241.531,-112.801) (103.266,246.501,-112.801) (103.266,246.501,-123.266) (103.266,239.874,-123.266) (103.266,239.874,-125.344) (103.266,242.635,-133.482) (103.266,257.548,-133.482) (103.266,257.548,-45.1271) (103.266,267.49,-45.1271) (103.266,267.49,-133.482) (103.266,282.402,-133.482) (103.266,285.164,-125.344) (103.266,285.164,-123.266) (103.266,278.536,-123.266) (103.266,278.536,-112.801) (103.266,283.507,-112.801) (103.266,283.507,-45.1271) (103.266,293.449,-45.1271) (103.266,293.449,-103.266)
  m[1][1] pts=2 (103.266,-293.449,-103.266) (103.266,293.449,-103.266)
  f[1][0] pts=5 (123.266,-283.507,-123.266) (123.266,-241.531,-123.266) (103.266,-241.531,-123.266) (103.266,-283.507,-123.266) (123.266,-283.507,-123.266)
  f[1][1] pts=5 (123.266,-20.9882,-123.266) (123.266,20.9882,-123.266) (103.266,20.9882,-123.266) (103.266,-20.9882,-123.266) (123.266,-20.9882,-123.266)
  f[1][2] pts=5 (123.266,241.531,-123.266) (123.266,283.507,-123.266) (103.266,283.507,-123.266) (103.266,241.531,-123.266) (123.266,241.531,-123.266)
  f[1][3] pts=5 (123.266,-283.507,-123.266) (103.266,-283.507,-123.266) (103.266,283.507,-123.266) (123.266,283.507,-123.266) (123.266,-283.507,-123.266)
joint 11 type=20 v0=5 v1=3 f0_0=5 f1_0=0 name=ts_e_p_5 orient=1 div=3 shift=0.5
  jv[0] pts=5 (-103.266,9.5,-103.266) (-123.266,9.5,-103.266) (-123.266,9.5,-123.266) (-103.266,9.5,-123.266) (-103.266,9.5,-103.266)
  jv[1] pts=5 (-103.266,-9.5,-103.266) (-123.266,-9.5,-103.266) (-123.266,-9.5,-123.266) (-103.266,-9.5,-123.266) (-103.266,-9.5,-103.266)
  m[0][0] pts=66 (-103.266,-293.449,-103.266) (-103.266,-293.449,-45.1271) (-103.266,-283.507,-45.1271) (-103.266,-283.507,-112.801) (-103.266,-278.536,-112.801) (-103.266,-278.536,-123.266) (-103.266,-285.164,-123.266) (-103.266,-285.164,-125.344) (-103.266,-282.402,-133.482) (-103.266,-267.49,-133.482) (-103.266,-267.49,-45.1271) (-103.266,-257.548,-45.1271) (-103.266,-257.548,-133.482) (-103.266,-242.635,-133.482) (-103.266,-239.874,-125.344) (-103.266,-239.874,-123.266) (-103.266,-246.501,-123.266) (-103.266,-246.501,-112.801) (-103.266,-241.531,-112.801) (-103.266,-241.531,-45.1271) (-103.266,-231.589,-45.1271) (-103.266,-231.589,-103.266) (-103.266,-30.93,-103.266) (-103.266,-30.93,-45.1271) (-103.266,-20.9882,-45.1271) (-103.266,-20.9882,-112.801) (-103.266,-16.0173,-112.801) (-103.266,-16.0173,-123.266) (-103.266,-22.6452,-123.266) (-103.266,-22.6452,-125.344) (-103.266,-19.8836,-133.482) (-103.266,-4.9709,-133.482) (-103.266,-4.9709,-45.1271) (-103.266,4.97089,-45.1271) (-103.266,4.97089,-133.482) (-103.266,19.8836,-133.482) (-103.266,22.6452,-125.344) (-103.266,22.6452,-123.266) (-103.266,16.0173,-123.266) (-103.266,16.0173,-112.801) (-103.266,20.9882,-112.801) (-103.266,20.9882,-45.1271) (-103.266,30.93,-45.1271) (-103.266,30.93,-103.266) (-103.266,231.589,-103.266) (-103.266,231.589,-45.1271) (-103.266,241.531,-45.1271) (-103.266,241.531,-112.801) (-103.266,246.501,-112.801) (-103.266,246.501,-123.266) (-103.266,239.874,-123.266) (-103.266,239.874,-125.344) (-103.266,242.635,-133.482) (-103.266,257.548,-133.482) (-103.266,257.548,-45.1271) (-103.266,267.49,-45.1271) (-103.266,267.49,-133.482) (-103.266,282.402,-133.482) (-103.266,285.164,-125.344) (-103.266,285.164,-123.266) (-103.266,278.536,-123.266) (-103.266,278.536,-112.801) (-103.266,283.507,-112.801) (-103.266,283.507,-45.1271) (-103.266,293.449,-45.1271) (-103.266,293.449,-103.266)
  m[0][1] pts=2 (-103.266,-293.449,-103.266) (-103.266,293.449,-103.266)
  f[0][0] pts=5 (-103.266,-283.507,-103.266) (-103.266,-241.531,-103.266) (-123.266,-241.531,-103.266) (-123.266,-283.507,-103.266) (-103.266,-283.507,-103.266)
  f[0][1] pts=5 (-103.266,-20.9882,-103.266) (-103.266,20.9882,-103.266) (-123.266,20.9882,-103.266) (-123.266,-20.9882,-103.266) (-103.266,-20.9882,-103.266)
  f[0][2] pts=5 (-103.266,241.531,-103.266) (-103.266,283.507,-103.266) (-123.266,283.507,-103.266) (-123.266,241.531,-103.266) (-103.266,241.531,-103.266)
  f[0][3] pts=5 (-103.266,-283.507,-103.266) (-123.266,-283.507,-103.266) (-123.266,283.507,-103.266) (-103.266,283.507,-103.266) (-103.266,-283.507,-103.266)
  m[1][0] pts=66 (-123.266,-293.449,-103.266) (-123.266,-293.449,-45.1271) (-123.266,-283.507,-45.1271) (-123.266,-283.507,-112.801) (-123.266,-278.536,-112.801) (-123.266,-278.536,-123.266) (-123.266,-285.164,-123.266) (-123.266,-285.164,-125.344) (-123.266,-282.402,-133.482) (-123.266,-267.49,-133.482) (-123.266,-267.49,-45.1271) (-123.266,-257.548,-45.1271) (-123.266,-257.548,-133.482) (-123.266,-242.635,-133.482) (-123.266,-239.874,-125.344) (-123.266,-239.874,-123.266) (-123.266,-246.501,-123.266) (-123.266,-246.501,-112.801) (-123.266,-241.531,-112.801) (-123.266,-241.531,-45.1271) (-123.266,-231.589,-45.1271) (-123.266,-231.589,-103.266) (-123.266,-30.93,-103.266) (-123.266,-30.93,-45.1271) (-123.266,-20.9882,-45.1271) (-123.266,-20.9882,-112.801) (-123.266,-16.0173,-112.801) (-123.266,-16.0173,-123.266) (-123.266,-22.6452,-123.266) (-123.266,-22.6452,-125.344) (-123.266,-19.8836,-133.482) (-123.266,-4.9709,-133.482) (-123.266,-4.9709,-45.1271) (-123.266,4.97089,-45.1271) (-123.266,4.97089,-133.482) (-123.266,19.8836,-133.482) (-123.266,22.6452,-125.344) (-123.266,22.6452,-123.266) (-123.266,16.0173,-123.266) (-123.266,16.0173,-112.801) (-123.266,20.9882,-112.801) (-123.266,20.9882,-45.1271) (-123.266,30.93,-45.1271) (-123.266,30.93,-103.266) (-123.266,231.589,-103.266) (-123.266,231.589,-45.1271) (-123.266,241.531,-45.1271) (-123.266,241.531,-112.801) (-123.266,246.501,-112.801) (-123.266,246.501,-123.266) (-123.266,239.874,-123.266) (-123.266,239.874,-125.344) (-123.266,242.635,-133.482) (-123.266,257.548,-133.482) (-123.266,257.548,-45.1271) (-123.266,267.49,-45.1271) (-123.266,267.49,-133.482) (-123.266,282.402,-133.482) (-123.266,285.164,-125.344) (-123.266,285.164,-123.266) (-123.266,278.536,-123.266) (-123.266,278.536,-112.801) (-123.266,283.507,-112.801) (-123.266,283.507,-45.1271) (-123.266,293.449,-45.1271) (-123.266,293.449,-103.266)
  m[1][1] pts=2 (-123.266,-293.449,-103.266) (-123.266,293.449,-103.266)
  f[1][0] pts=5 (-103.266,-283.507,-123.266) (-103.266,-241.531,-123.266) (-123.266,-241.531,-123.266) (-123.266,-283.507,-123.266) (-103.266,-283.507,-123.266)
  f[1][1] pts=5 (-103.266,-20.9882,-123.266) (-103.266,20.9882,-123.266) (-123.266,20.9882,-123.266) (-123.266,-20.9882,-123.266) (-103.266,-20.9882,-123.266)
  f[1][2] pts=5 (-103.266,241.531,-123.266) (-103.266,283.507,-123.266) (-123.266,283.507,-123.266) (-123.266,241.531,-123.266) (-103.266,241.531,-123.266)
  f[1][3] pts=5 (-103.266,-283.507,-123.266) (-123.266,-283.507,-123.266) (-123.266,283.507,-123.266) (-103.266,283.507,-123.266) (-103.266,-283.507,-123.266)
