# session joints after joint_create_geometry + orient
# count=13
joint 0 type=20 v0=0 v1=2 f0_0=5 f1_0=1 name=ts_e_p_3 orient=1 div=3 shift=0.5
  jv[0] pts=5 (332.441,-853.908,-157.649) (358.47,-853.908,-123.758) (370.504,-893.908,-151.962) (344.474,-893.908,-185.853) (332.441,-853.908,-157.649)
  jv[1] pts=5 (-519.21,-853.908,496.46) (-493.18,-853.908,530.351) (-481.147,-893.908,502.146) (-507.177,-893.908,468.255) (-519.21,-853.908,496.46)
  m[0][0] pts=9 (263.843,-853.908,-51.0793) (275.876,-893.908,-79.2836) (181.248,-893.908,-6.60484) (169.215,-853.908,21.5994) (-114.669,-853.908,239.636) (-102.635,-893.908,211.431) (-197.263,-893.908,284.11) (-209.297,-853.908,312.314) (-398.553,-853.908,457.672)
  m[0][1] pts=2 (263.843,-853.908,-51.0793) (-398.553,-853.908,457.672)
  f[0][0] pts=5 (263.843,-853.908,-51.0793) (169.215,-853.908,21.5994) (143.185,-853.908,-12.2915) (237.813,-853.908,-84.9702) (263.843,-853.908,-51.0793)
  f[0][1] pts=5 (-114.669,-853.908,239.636) (-209.297,-853.908,312.314) (-235.327,-853.908,278.423) (-140.699,-853.908,205.745) (-114.669,-853.908,239.636)
  f[0][2] pts=5 (263.843,-853.908,-51.0793) (237.813,-853.908,-84.9702) (-140.699,-853.908,205.745) (-114.669,-853.908,239.636) (263.843,-853.908,-51.0793)
  m[1][0] pts=9 (237.813,-853.908,-84.9702) (249.846,-893.908,-113.174) (155.219,-893.908,-40.4957) (143.185,-853.908,-12.2915) (-140.699,-853.908,205.745) (-128.665,-893.908,177.54) (-223.293,-893.908,250.219) (-235.327,-853.908,278.423) (-424.582,-853.908,423.781)
  m[1][1] pts=2 (237.813,-853.908,-84.9702) (-424.582,-853.908,423.781)
  f[1][0] pts=5 (275.876,-893.908,-79.2836) (181.248,-893.908,-6.60484) (155.219,-893.908,-40.4957) (249.846,-893.908,-113.174) (275.876,-893.908,-79.2836)
  f[1][1] pts=5 (-102.635,-893.908,211.431) (-197.263,-893.908,284.11) (-223.293,-893.908,250.219) (-128.665,-893.908,177.54) (-102.635,-893.908,211.431)
  f[1][2] pts=5 (275.876,-893.908,-79.2836) (249.846,-893.908,-113.174) (-128.665,-893.908,177.54) (-102.635,-893.908,211.431) (275.876,-893.908,-79.2836)
joint 1 type=20 v0=0 v1=3 f0_0=4 f1_0=1 name=ts_e_p_3 orient=1 div=3 shift=0.5
  jv[0] pts=5 (990.252,-191.289,-348.769) (1014.27,-207.092,-320.822) (1024.21,-240.132,-344.119) (1000.19,-224.33,-372.066) (990.252,-191.289,-348.769)
  jv[1] pts=5 (334.576,-846.007,-155.544) (358.592,-861.81,-127.597) (368.532,-894.85,-150.894) (344.516,-879.047,-178.841) (334.576,-846.007,-155.544)
  m[0][0] pts=9 (941.414,-279.838,-299.352) (951.354,-312.879,-322.649) (878.501,-385.625,-301.18) (868.561,-352.585,-277.883) (650.003,-570.824,-213.474) (659.943,-603.864,-236.771) (587.09,-676.611,-215.302) (577.15,-643.57,-192.005) (431.444,-789.063,-149.066)
  m[0][1] pts=2 (941.414,-279.838,-299.352) (431.444,-789.063,-149.066)
  f[0][0] pts=5 (941.414,-279.838,-299.352) (868.561,-352.585,-277.883) (844.546,-336.782,-305.83) (917.399,-264.036,-327.299) (941.414,-279.838,-299.352)
  f[0][1] pts=5 (650.003,-570.824,-213.474) (577.15,-643.57,-192.005) (553.135,-627.768,-219.952) (625.988,-555.021,-241.421) (650.003,-570.824,-213.474)
  f[0][2] pts=5 (941.414,-279.838,-299.352) (917.399,-264.036,-327.299) (625.988,-555.021,-241.421) (650.003,-570.824,-213.474) (941.414,-279.838,-299.352)
  m[1][0] pts=9 (917.399,-264.036,-327.299) (927.339,-297.076,-350.596) (854.486,-369.822,-329.127) (844.546,-336.782,-305.83) (625.988,-555.021,-241.421) (635.928,-588.062,-264.718) (563.075,-660.808,-243.249) (553.135,-627.768,-219.952) (407.429,-773.261,-177.013)
  m[1][1] pts=2 (917.399,-264.036,-327.299) (407.429,-773.261,-177.013)
  f[1][0] pts=5 (951.354,-312.879,-322.649) (878.501,-385.625,-301.18) (854.486,-369.822,-329.127) (927.339,-297.076,-350.596) (951.354,-312.879,-322.649)
  f[1][1] pts=5 (659.943,-603.864,-236.771) (587.09,-676.611,-215.302) (563.075,-660.808,-243.249) (635.928,-588.062,-264.718) (659.943,-603.864,-236.771)
  f[1][2] pts=5 (951.354,-312.879,-322.649) (927.339,-297.076,-350.596) (635.928,-588.062,-264.718) (659.943,-603.864,-236.771) (951.354,-312.879,-322.649)
joint 2 type=20 v0=0 v1=7 f0_0=3 f1_0=0 name=ts_e_p_3 orient=1 div=3 shift=0.5
  jv[0] pts=5 (260.298,-167.689,223.058) (282.707,-183.341,252.31) (271.234,-145.202,279.202) (248.825,-129.55,249.95) (260.298,-167.689,223.058)
  jv[1] pts=5 (970.034,-190.683,-332.953) (992.443,-206.335,-303.701) (980.969,-168.197,-276.809) (958.56,-152.545,-306.061) (970.034,-190.683,-332.953)
  m[0][0] pts=9 (361.567,-185.896,190.531) (350.093,-147.757,217.423) (428.953,-150.312,155.644) (440.426,-188.451,128.752) (677.005,-196.115,-56.5848) (665.531,-157.977,-29.6932) (744.391,-160.532,-91.4723) (755.864,-198.67,-118.364) (913.583,-203.78,-241.922)
  m[0][1] pts=2 (361.567,-185.896,190.531) (913.583,-203.78,-241.922)
  f[0][0] pts=5 (361.567,-185.896,190.531) (440.426,-188.451,128.752) (418.017,-172.799,99.5003) (339.158,-170.244,161.279) (361.567,-185.896,190.531)
  f[0][1] pts=5 (677.005,-196.115,-56.5848) (755.864,-198.67,-118.364) (733.455,-183.018,-147.616) (654.596,-180.464,-85.8369) (677.005,-196.115,-56.5848)
  f[0][2] pts=5 (361.567,-185.896,190.531) (339.158,-170.244,161.279) (654.596,-180.464,-85.8369) (677.005,-196.115,-56.5848) (361.567,-185.896,190.531)
  m[1][0] pts=9 (339.158,-170.244,161.279) (327.684,-132.105,188.171) (406.544,-134.66,126.392) (418.017,-172.799,99.5003) (654.596,-180.464,-85.8369) (643.122,-142.325,-58.9453) (721.982,-144.88,-120.724) (733.455,-183.018,-147.616) (891.174,-188.128,-271.174)
  m[1][1] pts=2 (339.158,-170.244,161.279) (891.174,-188.128,-271.174)
  f[1][0] pts=5 (350.093,-147.757,217.423) (428.953,-150.312,155.644) (406.544,-134.66,126.392) (327.684,-132.105,188.171) (350.093,-147.757,217.423)
  f[1][1] pts=5 (665.531,-157.977,-29.6932) (744.391,-160.532,-91.4723) (721.982,-144.88,-120.724) (643.122,-142.325,-58.9453) (665.531,-157.977,-29.6932)
  f[1][2] pts=5 (350.093,-147.757,217.423) (327.684,-132.105,188.171) (643.122,-142.325,-58.9453) (665.531,-157.977,-29.6932) (350.093,-147.757,217.423)
joint 3 type=20 v0=1 v1=2 f0_0=5 f1_0=1 name=ts_e_p_3 orient=1 div=3 shift=0.5
  jv[0] pts=5 (-265.176,-853.908,-506.897) (-239.146,-853.908,-473.006) (-227.113,-893.908,-501.21) (-253.143,-893.908,-535.101) (-265.176,-853.908,-506.897)
  jv[1] pts=5 (-1026.75,-853.908,78.0274) (-1000.72,-853.908,111.918) (-988.685,-893.908,83.7141) (-1014.72,-893.908,49.8232) (-1026.75,-853.908,78.0274)
  m[0][0] pts=9 (-323.766,-853.908,-408.014) (-311.732,-893.908,-436.218) (-396.351,-893.908,-371.227) (-408.385,-853.908,-343.023) (-662.242,-853.908,-148.048) (-650.209,-893.908,-176.252) (-734.828,-893.908,-111.261) (-746.861,-853.908,-83.0564) (-916.1,-853.908,46.9268)
  m[0][1] pts=2 (-323.766,-853.908,-408.014) (-916.1,-853.908,46.9268)
  f[0][0] pts=5 (-323.766,-853.908,-408.014) (-408.385,-853.908,-343.023) (-434.415,-853.908,-376.914) (-349.795,-853.908,-441.905) (-323.766,-853.908,-408.014)
  f[0][1] pts=5 (-662.242,-853.908,-148.048) (-746.861,-853.908,-83.0564) (-772.891,-853.908,-116.947) (-688.272,-853.908,-181.939) (-662.242,-853.908,-148.048)
  f[0][2] pts=5 (-323.766,-853.908,-408.014) (-349.795,-853.908,-441.905) (-688.272,-853.908,-181.939) (-662.242,-853.908,-148.048) (-323.766,-853.908,-408.014)
  m[1][0] pts=9 (-349.795,-853.908,-441.905) (-337.762,-893.908,-470.109) (-422.381,-893.908,-405.118) (-434.415,-853.908,-376.914) (-688.272,-853.908,-181.939) (-676.238,-893.908,-210.143) (-760.858,-893.908,-145.151) (-772.891,-853.908,-116.947) (-942.13,-853.908,13.0359)
  m[1][1] pts=2 (-349.795,-853.908,-441.905) (-942.13,-853.908,13.0359)
  f[1][0] pts=5 (-311.732,-893.908,-436.218) (-396.351,-893.908,-371.227) (-422.381,-893.908,-405.118) (-337.762,-893.908,-470.109) (-311.732,-893.908,-436.218)
  f[1][1] pts=5 (-650.209,-893.908,-176.252) (-734.828,-893.908,-111.261) (-760.858,-893.908,-145.151) (-676.238,-893.908,-210.143) (-650.209,-893.908,-176.252)
  f[1][2] pts=5 (-311.732,-893.908,-436.218) (-337.762,-893.908,-470.109) (-676.238,-893.908,-210.143) (-650.209,-893.908,-176.252) (-311.732,-893.908,-436.218)
joint 4 type=20 v0=1 v1=3 f0_0=4 f1_0=1 name=ts_e_p_3 orient=1 div=3 shift=0.5
  jv[0] pts=5 (628.586,44.3177,-767.55) (652.602,28.5151,-739.603) (662.542,-4.52531,-762.9) (638.526,11.2773,-790.847) (628.586,44.3177,-767.55)
  jv[1] pts=5 (-263.041,-846.007,-504.791) (-239.025,-861.81,-476.844) (-229.085,-894.85,-500.141) (-253.101,-879.047,-528.088) (-263.041,-846.007,-504.791)
  m[0][0] pts=9 (553.532,-70.4099,-710.408) (563.472,-103.45,-733.705) (464.402,-202.375,-704.509) (454.463,-169.335,-681.212) (157.253,-466.11,-593.626) (167.193,-499.15,-616.923) (68.1238,-598.075,-587.728) (58.1838,-565.035,-564.431) (-139.956,-762.885,-506.04)
  m[0][1] pts=2 (553.532,-70.4099,-710.408) (-139.956,-762.885,-506.04)
  f[0][0] pts=5 (553.532,-70.4099,-710.408) (454.463,-169.335,-681.212) (430.447,-153.532,-709.159) (529.517,-54.6072,-738.355) (553.532,-70.4099,-710.408)
  f[0][1] pts=5 (157.253,-466.11,-593.626) (58.1838,-565.035,-564.431) (34.1684,-549.232,-592.378) (133.238,-450.307,-621.573) (157.253,-466.11,-593.626)
  f[0][2] pts=5 (553.532,-70.4099,-710.408) (529.517,-54.6072,-738.355) (133.238,-450.307,-621.573) (157.253,-466.11,-593.626) (553.532,-70.4099,-710.408)
  m[1][0] pts=9 (529.517,-54.6072,-738.355) (539.457,-87.6477,-761.652) (440.387,-186.573,-732.456) (430.447,-153.532,-709.159) (133.238,-450.307,-621.573) (143.178,-483.348,-644.87) (44.1084,-582.272,-615.675) (34.1684,-549.232,-592.378) (-163.971,-747.082,-533.987)
  m[1][1] pts=2 (529.517,-54.6072,-738.355) (-163.971,-747.082,-533.987)
  f[1][0] pts=5 (563.472,-103.45,-733.705) (464.402,-202.375,-704.509) (440.387,-186.573,-732.456) (539.457,-87.6477,-761.652) (563.472,-103.45,-733.705)
  f[1][1] pts=5 (167.193,-499.15,-616.923) (68.1238,-598.075,-587.728) (44.1084,-582.272,-615.675) (143.178,-483.348,-644.87) (167.193,-499.15,-616.923)
  f[1][2] pts=5 (563.472,-103.45,-733.705) (539.457,-87.6477,-761.652) (143.178,-483.348,-644.87) (167.193,-499.15,-616.923) (563.472,-103.45,-733.705)
joint 5 type=20 v0=1 v1=7 f0_0=3 f1_0=0 name=ts_e_p_3 orient=1 div=2 shift=0.5
  jv[0] pts=5 (-39.2363,65.9054,-244.397) (-16.8272,50.2534,-215.145) (-28.3008,88.3918,-188.253) (-50.7099,104.044,-217.505) (-39.2363,65.9054,-244.397)
  jv[1] pts=5 (608.369,44.9235,-751.735) (630.778,29.2715,-722.483) (619.304,67.4099,-695.591) (596.895,83.0618,-724.843) (608.369,44.9235,-751.735)
  m[0][0] pts=9 (55.129,47.9221,-271.516) (43.6553,86.0604,-244.624) (115.611,83.7291,-300.995) (127.085,45.5907,-327.887) (342.954,38.5968,-496.999) (331.48,76.7351,-470.108) (403.436,74.4038,-526.479) (414.91,36.2654,-553.37) (558.822,31.6028,-666.112)
  m[0][1] pts=2 (55.129,47.9221,-271.516) (558.822,31.6028,-666.112)
  f[0][0] pts=5 (55.129,47.9221,-271.516) (127.085,45.5907,-327.887) (104.676,61.2427,-357.139) (32.7198,63.5741,-300.768) (55.129,47.9221,-271.516)
  f[0][1] pts=5 (342.954,38.5968,-496.999) (414.91,36.2654,-553.37) (392.501,51.9174,-582.622) (320.544,54.2488,-526.251) (342.954,38.5968,-496.999)
  f[0][2] pts=5 (55.129,47.9221,-271.516) (32.7198,63.5741,-300.768) (320.544,54.2488,-526.251) (342.954,38.5968,-496.999) (55.129,47.9221,-271.516)
  m[1][0] pts=9 (32.7198,63.5741,-300.768) (21.2462,101.712,-273.876) (93.2023,99.3811,-330.247) (104.676,61.2427,-357.139) (320.544,54.2488,-526.251) (309.071,92.3871,-499.36) (381.027,90.0558,-555.731) (392.501,51.9174,-582.622) (536.413,47.2548,-695.364)
  m[1][1] pts=2 (32.7198,63.5741,-300.768) (536.413,47.2548,-695.364)
  f[1][0] pts=5 (43.6553,86.0604,-244.624) (115.611,83.7291,-300.995) (93.2023,99.3811,-330.247) (21.2462,101.712,-273.876) (43.6553,86.0604,-244.624)
  f[1][1] pts=5 (331.48,76.7351,-470.108) (403.436,74.4038,-526.479) (381.027,90.0558,-555.731) (309.071,92.3871,-499.36) (331.48,76.7351,-470.108)
  f[1][2] pts=5 (43.6553,86.0604,-244.624) (21.2462,101.712,-273.876) (309.071,92.3871,-499.36) (331.48,76.7351,-470.108) (43.6553,86.0604,-244.624)
joint 6 type=11 v0=3 v1=2 f0_0=2 f1_0=4 name=ss_e_op_1 orient=1 div=5 shift=0.64
  jv[0] pts=5 (-324.457,-893.908,-556.706) (-309.116,-853.908,-582.956) (-334.467,-853.908,-539.577) (-349.808,-893.908,-513.327) (-324.457,-893.908,-556.706)
  jv[1] pts=5 (432.441,-893.908,-114.374) (447.781,-853.908,-140.625) (422.43,-853.908,-97.2455) (407.09,-893.908,-70.9952) (432.441,-893.908,-114.374)
  m[0][0] pts=12 (-216.329,-893.908,-493.515) (-200.988,-853.908,-519.766) (-77.7218,-853.908,-447.729) (-93.0625,-893.908,-421.479) (-0.0722243,-893.908,-367.135) (15.2684,-853.908,-393.385) (138.535,-853.908,-321.349) (123.194,-893.908,-295.098) (216.184,-893.908,-240.755) (231.525,-853.908,-267.005) (354.791,-853.908,-194.968) (339.45,-893.908,-168.718)
  m[0][1] pts=2 (-216.329,-893.908,-493.515) (339.45,-893.908,-168.718)
  f[0][0] pts=12 (-211.201,-853.908,-467.54) (-200.988,-853.908,-519.766) (-77.7218,-853.908,-447.729) (-118.211,-853.908,-413.196) (5.05559,-853.908,-341.16) (15.2684,-853.908,-393.385) (138.535,-853.908,-321.349) (98.0458,-853.908,-286.816) (221.312,-853.908,-214.779) (231.525,-853.908,-267.005) (354.791,-853.908,-194.968) (314.302,-853.908,-160.436)
  f[0][1] pts=2 (-211.201,-853.908,-467.54) (314.302,-853.908,-160.436)
  m[1][0] pts=12 (-226.541,-893.908,-441.29) (-211.201,-853.908,-467.54) (-118.211,-853.908,-413.196) (-133.551,-893.908,-386.946) (-10.2851,-893.908,-314.909) (5.05559,-853.908,-341.16) (98.0458,-853.908,-286.816) (82.7052,-893.908,-260.566) (205.971,-893.908,-188.529) (221.312,-853.908,-214.779) (314.302,-853.908,-160.436) (298.962,-893.908,-134.185)
  m[1][1] pts=2 (-226.541,-893.908,-441.29) (298.962,-893.908,-134.185)
  f[1][0] pts=12 (-226.541,-893.908,-441.29) (-216.329,-893.908,-493.515) (-93.0625,-893.908,-421.479) (-133.551,-893.908,-386.946) (-10.2851,-893.908,-314.909) (-0.0722243,-893.908,-367.135) (123.194,-893.908,-295.098) (82.7052,-893.908,-260.566) (205.971,-893.908,-188.529) (216.184,-893.908,-240.755) (339.45,-893.908,-168.718) (298.962,-893.908,-134.185)
  f[1][1] pts=2 (-226.541,-893.908,-441.29) (298.962,-893.908,-134.185)
joint 7 type=20 v0=3 v1=7 f0_0=4 f1_0=0 name=ss_e_ip_1 orient=1 div=2 shift=0.5
  jv[0] pts=5 (633.19,67.04,-843.058) (593.231,67.2711,-808.42) (629.755,103.922,-819.342) (669.713,103.691,-853.981) (633.19,67.04,-843.058)
  jv[1] pts=5 (1089.66,-230.328,-314.499) (1049.7,-230.097,-279.86) (1086.23,-193.446,-290.782) (1126.18,-193.677,-325.421) (1089.66,-230.328,-314.499)
  m[0][0] pts=4 (917.524,-131.09,-473.366) (937.504,-131.206,-490.685) (785.347,-32.0828,-666.872) (765.367,-31.9672,-649.552)
  m[0][1] pts=2 (917.524,-131.09,-473.366) (765.367,-31.9672,-649.552)
  f[0][0] pts=4 (917.524,-131.09,-473.366) (937.504,-131.206,-490.685) (785.347,-32.0828,-666.872) (765.367,-31.9672,-649.552)
  f[0][1] pts=2 (917.524,-131.09,-473.366) (765.367,-31.9672,-649.552)
  m[1][0] pts=4 (954.048,-94.4389,-484.288) (974.028,-94.5545,-501.608) (821.87,4.56828,-677.794) (801.891,4.68386,-660.475)
  m[1][1] pts=2 (954.048,-94.4389,-484.288) (801.891,4.68386,-660.475)
  f[1][0] pts=4 (954.048,-94.4389,-484.288) (974.028,-94.5545,-501.608) (821.87,4.56828,-677.794) (801.891,4.68386,-660.475)
  f[1][1] pts=2 (954.048,-94.4389,-484.288) (801.891,4.68386,-660.475)
joint 8 type=20 v0=4 v1=6 f0_0=2 f1_0=1 name=ts_e_p_3 orient=1 div=2 shift=0.5
  jv[0] pts=5 (232.233,-129.974,270.701) (252.475,-147.959,300.229) (221.79,-175.886,310.56) (201.549,-157.901,281.032) (232.233,-129.974,270.701)
  jv[1] pts=5 (153.096,590.759,763.954) (173.338,572.773,793.482) (142.653,544.846,803.813) (122.412,562.832,774.285) (153.096,590.759,763.954)
  m[0][0] pts=9 (243.682,-67.8781,355.035) (212.997,-95.8048,365.366) (204.204,-15.7234,420.172) (234.889,12.2033,409.841) (208.51,252.447,574.259) (177.825,224.521,584.59) (169.032,304.602,639.395) (199.717,332.529,629.065) (182.131,492.692,738.676)
  m[0][1] pts=2 (243.682,-67.8781,355.035) (182.131,492.692,738.676)
  f[0][0] pts=5 (243.682,-67.8781,355.035) (234.889,12.2033,409.841) (214.647,30.1888,380.313) (223.44,-49.8925,325.507) (243.682,-67.8781,355.035)
  f[0][1] pts=5 (208.51,252.447,574.259) (199.717,332.529,629.065) (179.475,350.514,599.537) (188.268,270.433,544.731) (208.51,252.447,574.259)
  f[0][2] pts=5 (243.682,-67.8781,355.035) (223.44,-49.8925,325.507) (188.268,270.433,544.731) (208.51,252.447,574.259) (243.682,-67.8781,355.035)
  m[1][0] pts=9 (223.44,-49.8925,325.507) (192.756,-77.8192,335.838) (183.963,2.26219,390.644) (214.647,30.1888,380.313) (188.268,270.433,544.731) (157.584,242.506,555.062) (148.791,322.588,609.868) (179.475,350.514,599.537) (161.889,510.677,709.149)
  m[1][1] pts=2 (223.44,-49.8925,325.507) (161.889,510.677,709.149)
  f[1][0] pts=5 (212.997,-95.8048,365.366) (204.204,-15.7234,420.172) (183.963,2.26219,390.644) (192.756,-77.8192,335.838) (212.997,-95.8048,365.366)
  f[1][1] pts=5 (177.825,224.521,584.59) (169.032,304.602,639.395) (148.791,322.588,609.868) (157.584,242.506,555.062) (177.825,224.521,584.59)
  f[1][2] pts=5 (212.997,-95.8048,365.366) (192.756,-77.8192,335.838) (157.584,242.506,555.062) (177.825,224.521,584.59) (212.997,-95.8048,365.366)
joint 9 type=20 v0=4 v1=7 f0_0=5 f1_0=1 name=ts_e_p_3 orient=1 div=3 shift=0.5
  jv[0] pts=5 (984.743,-153.721,-325.545) (1007.32,-169.378,-296.426) (967.248,-205.847,-282.935) (944.673,-190.191,-312.054) (984.743,-153.721,-325.545)
  jv[1] pts=5 (277.701,-132.601,233.961) (300.276,-148.257,263.08) (260.205,-184.727,276.571) (237.63,-169.07,247.452) (277.701,-132.601,233.961)
  m[0][0] pts=9 (928.758,-167.031,-234.258) (888.688,-203.5,-220.767) (810.127,-201.154,-158.6) (850.198,-164.684,-172.091) (614.517,-157.644,14.4109) (574.446,-194.113,27.902) (495.886,-191.767,90.0693) (535.957,-155.298,76.5782) (378.836,-150.604,200.913)
  m[0][1] pts=2 (928.758,-167.031,-234.258) (378.836,-150.604,200.913)
  f[0][0] pts=5 (928.758,-167.031,-234.258) (850.198,-164.684,-172.091) (827.623,-149.028,-201.21) (906.183,-151.375,-263.377) (928.758,-167.031,-234.258)
  f[0][1] pts=5 (614.517,-157.644,14.4109) (535.957,-155.298,76.5782) (513.382,-139.641,47.4591) (591.942,-141.988,-14.7082) (614.517,-157.644,14.4109)
  f[0][2] pts=5 (928.758,-167.031,-234.258) (906.183,-151.375,-263.377) (591.942,-141.988,-14.7082) (614.517,-157.644,14.4109) (928.758,-167.031,-234.258)
  m[1][0] pts=9 (906.183,-151.375,-263.377) (866.112,-187.844,-249.886) (787.552,-185.497,-187.719) (827.623,-149.028,-201.21) (591.942,-141.988,-14.7082) (551.871,-178.457,-1.2171) (473.311,-176.11,60.9502) (513.382,-139.641,47.4591) (356.261,-134.948,171.794)
  m[1][1] pts=2 (906.183,-151.375,-263.377) (356.261,-134.948,171.794)
  f[1][0] pts=5 (888.688,-203.5,-220.767) (810.127,-201.154,-158.6) (787.552,-185.497,-187.719) (866.112,-187.844,-249.886) (888.688,-203.5,-220.767)
  f[1][1] pts=5 (574.446,-194.113,27.902) (495.886,-191.767,90.0693) (473.311,-176.11,60.9502) (551.871,-178.457,-1.2171) (574.446,-194.113,27.902)
  f[1][2] pts=5 (888.688,-203.5,-220.767) (866.112,-187.844,-249.886) (551.871,-178.457,-1.2171) (574.446,-194.113,27.902) (888.688,-203.5,-220.767)
joint 10 type=20 v0=5 v1=6 f0_0=2 f1_0=1 name=ts_e_p_3 orient=1 div=3 shift=0.5
  jv[0] pts=5 (-67.4291,103.709,-196.921) (-47.1874,85.7237,-167.393) (-77.8719,57.7971,-157.062) (-98.1137,75.7826,-186.59) (-67.4291,103.709,-196.921)
  jv[1] pts=5 (-150.992,864.746,323.915) (-130.75,846.76,353.443) (-161.434,818.833,363.774) (-181.676,836.819,334.246) (-150.992,864.746,323.915)
  m[0][0] pts=9 (-56.4721,170.283,-109.522) (-87.1566,142.357,-99.1913) (-96.4413,226.916,-41.3207) (-65.7568,254.843,-51.6516) (-93.6109,508.522,121.96) (-124.295,480.595,132.291) (-133.58,565.155,190.162) (-102.896,593.081,179.831) (-121.465,762.201,295.572)
  m[0][1] pts=2 (-56.4721,170.283,-109.522) (-121.465,762.201,295.572)
  f[0][0] pts=5 (-56.4721,170.283,-109.522) (-65.7568,254.843,-51.6516) (-85.9985,272.828,-81.1793) (-76.7138,188.269,-139.05) (-56.4721,170.283,-109.522)
  f[0][1] pts=5 (-93.6109,508.522,121.96) (-102.896,593.081,179.831) (-123.137,611.067,150.303) (-113.853,526.507,92.4326) (-93.6109,508.522,121.96)
  f[0][2] pts=5 (-56.4721,170.283,-109.522) (-76.7138,188.269,-139.05) (-113.853,526.507,92.4326) (-93.6109,508.522,121.96) (-56.4721,170.283,-109.522)
  m[1][0] pts=9 (-76.7138,188.269,-139.05) (-107.398,160.342,-128.719) (-116.683,244.902,-70.8484) (-85.9985,272.828,-81.1793) (-113.853,526.507,92.4326) (-144.537,498.581,102.764) (-153.822,583.14,160.634) (-123.137,611.067,150.303) (-141.707,780.186,266.045)
  m[1][1] pts=2 (-76.7138,188.269,-139.05) (-141.707,780.186,266.045)
  f[1][0] pts=5 (-87.1566,142.357,-99.1913) (-96.4413,226.916,-41.3207) (-116.683,244.902,-70.8484) (-107.398,160.342,-128.719) (-87.1566,142.357,-99.1913)
  f[1][1] pts=5 (-124.295,480.595,132.291) (-133.58,565.155,190.162) (-153.822,583.14,160.634) (-144.537,498.581,102.764) (-124.295,480.595,132.291)
  f[1][2] pts=5 (-87.1566,142.357,-99.1913) (-107.398,160.342,-128.719) (-144.537,498.581,102.764) (-124.295,480.595,132.291) (-87.1566,142.357,-99.1913)
joint 11 type=20 v0=5 v1=7 f0_0=5 f1_0=1 name=ts_e_p_3 orient=1 div=2 shift=0.5
  jv[0] pts=5 (623.186,81.8107,-744.187) (645.761,66.1542,-715.068) (605.691,29.685,-701.577) (583.115,45.3415,-730.696) (623.186,81.8107,-744.187)
  jv[1] pts=5 (-21.9621,101.082,-233.661) (0.613141,85.4259,-204.542) (-39.4575,48.9568,-191.051) (-62.0328,64.6132,-220.17) (-21.9621,101.082,-233.661)
  m[0][0] pts=9 (574.078,68.2955,-658.343) (534.007,31.8263,-644.852) (462.324,33.9676,-588.127) (502.395,70.4368,-601.618) (287.346,76.8607,-431.442) (247.275,40.3915,-417.951) (175.592,42.5328,-361.226) (215.662,79.002,-374.717) (72.2963,83.2846,-261.267)
  m[0][1] pts=2 (574.078,68.2955,-658.343) (72.2963,83.2846,-261.267)
  f[0][0] pts=5 (574.078,68.2955,-658.343) (502.395,70.4368,-601.618) (479.82,86.0933,-630.737) (551.503,83.952,-687.462) (574.078,68.2955,-658.343)
  f[0][1] pts=5 (287.346,76.8607,-431.442) (215.662,79.002,-374.717) (193.087,94.6585,-403.836) (264.77,92.5172,-460.561) (287.346,76.8607,-431.442)
  f[0][2] pts=5 (574.078,68.2955,-658.343) (551.503,83.952,-687.462) (264.77,92.5172,-460.561) (287.346,76.8607,-431.442) (574.078,68.2955,-658.343)
  m[1][0] pts=9 (551.503,83.952,-687.462) (511.432,47.4828,-673.971) (439.749,49.6241,-617.246) (479.82,86.0933,-630.737) (264.77,92.5172,-460.561) (224.7,56.048,-447.07) (153.017,58.1893,-390.345) (193.087,94.6585,-403.836) (49.721,98.9411,-290.386)
  m[1][1] pts=2 (551.503,83.952,-687.462) (49.721,98.9411,-290.386)
  f[1][0] pts=5 (534.007,31.8263,-644.852) (462.324,33.9676,-588.127) (439.749,49.6241,-617.246) (511.432,47.4828,-673.971) (534.007,31.8263,-644.852)
  f[1][1] pts=5 (247.275,40.3915,-417.951) (175.592,42.5328,-361.226) (153.017,58.1893,-390.345) (224.7,56.048,-447.07) (247.275,40.3915,-417.951)
  f[1][2] pts=5 (534.007,31.8263,-644.852) (511.432,47.4828,-673.971) (224.7,56.048,-447.07) (247.275,40.3915,-417.951) (534.007,31.8263,-644.852)
joint 12 type=11 v0=7 v1=6 f0_0=2 f1_0=4 name=ss_e_op_1 orient=1 div=4 shift=0.64
  jv[0] pts=5 (-128.296,90.3122,-242.118) (-91.5109,87.8416,-266.925) (-97.1469,125.72,-244.384) (-133.932,128.191,-219.577) (-128.296,90.3122,-242.118)
  jv[1] pts=5 (251.276,-205.686,350.203) (288.061,-208.157,325.396) (282.425,-170.279,347.937) (245.64,-167.808,372.744) (251.276,-205.686,350.203)
  m[0][0] pts=8 (-52.3812,31.1125,-123.654) (-15.5965,28.6419,-148.461) (70.946,-38.8458,-13.4115) (34.1612,-36.3752,11.3956) (99.4476,-87.287,113.275) (136.232,-89.7576,88.4677) (222.775,-157.245,223.517) (185.99,-154.775,248.324)
  m[0][1] pts=2 (-52.3812,31.1125,-123.654) (185.99,-154.775,248.324)
  f[0][0] pts=8 (-10.6045,58.2323,-109.335) (-15.5965,28.6419,-148.461) (70.946,-38.8458,-13.4115) (54.682,7.32054,-7.45596) (141.224,-60.1671,127.593) (136.232,-89.7576,88.4677) (222.775,-157.245,223.517) (206.511,-111.079,229.472)
  f[0][1] pts=2 (-10.6045,58.2323,-109.335) (206.511,-111.079,229.472)
  m[1][0] pts=8 (-47.3892,60.7029,-84.5281) (-10.6045,58.2323,-109.335) (54.682,7.32054,-7.45596) (17.8972,9.79115,17.3511) (104.44,-57.6965,152.4) (141.224,-60.1671,127.593) (206.511,-111.079,229.472) (169.726,-108.608,254.28)
  m[1][1] pts=2 (-47.3892,60.7029,-84.5281) (169.726,-108.608,254.28)
  f[1][0] pts=8 (-47.3892,60.7029,-84.5281) (-52.3812,31.1125,-123.654) (34.1612,-36.3752,11.3956) (17.8972,9.79115,17.3511) (104.44,-57.6965,152.4) (99.4476,-87.287,113.275) (185.99,-154.775,248.324) (169.726,-108.608,254.28)
  f[1][1] pts=2 (-47.3892,60.7029,-84.5281) (169.726,-108.608,254.28)
