# session joints after joint_create_geometry + orient
# count=17
joint 0 type=12 v0=0 v1=1 f0_0=4 f1_0=5 orient=1 div=2 shift=0.5
  jv[0] pts=5 (-2465.87,-639.501,702.549) (-2465.87,-738.358,719.98) (-2465.87,-747.107,619.98) (-2465.87,-648.25,602.549) (-2465.87,-639.501,702.549)
  jv[1] pts=5 (-2008.69,-639.501,702.549) (-2008.69,-738.358,719.98) (-2008.69,-747.107,619.98) (-2008.69,-648.25,602.549) (-2008.69,-639.501,702.549)
  jv[2] pts=5 (-2465.87,-647.527,610.816) (-2465.87,-747.895,610.967) (-2465.87,-739.114,711.34) (-2465.87,-638.745,711.189) (-2465.87,-647.527,610.816)
  jv[3] pts=5 (-2008.69,-647.527,610.816) (-2008.69,-747.895,610.967) (-2008.69,-739.114,711.34) (-2008.69,-638.745,711.189) (-2008.69,-647.527,610.816)
  m[0][0] pts=12 (-2074.01,-688.93,711.264) (-2074.01,-639.501,702.549) (-2139.32,-639.501,702.549) (-2139.32,-738.358,719.98) (-2204.63,-738.358,719.98) (-2204.63,-639.501,702.549) (-2269.94,-639.501,702.549) (-2269.94,-738.358,719.98) (-2335.25,-738.358,719.98) (-2335.25,-639.501,702.549) (-2400.56,-639.501,702.549) (-2400.56,-688.93,711.264)
  m[0][1] pts=2 (-2008.69,-688.93,711.264) (-2465.87,-688.93,711.264)
  f[0][0] pts=12 (-2074.01,-697.711,610.891) (-2074.01,-647.527,610.816) (-2139.32,-647.527,610.816) (-2139.32,-747.895,610.967) (-2204.63,-747.895,610.967) (-2204.63,-647.527,610.816) (-2269.94,-647.527,610.816) (-2269.94,-747.895,610.967) (-2335.25,-747.895,610.967) (-2335.25,-647.527,610.816) (-2400.56,-647.527,610.816) (-2400.56,-697.711,610.891)
  f[0][1] pts=2 (-2008.69,-697.711,610.891) (-2465.87,-697.711,610.891)
  m[1][0] pts=12 (-2074.01,-697.678,611.264) (-2074.01,-648.25,602.549) (-2139.32,-648.25,602.549) (-2139.32,-747.107,619.98) (-2204.63,-747.107,619.98) (-2204.63,-648.25,602.549) (-2269.94,-648.25,602.549) (-2269.94,-747.107,619.98) (-2335.25,-747.107,619.98) (-2335.25,-648.25,602.549) (-2400.56,-648.25,602.549) (-2400.56,-697.678,611.264)
  m[1][1] pts=2 (-2008.69,-697.678,611.264) (-2465.87,-697.678,611.264)
  f[1][0] pts=12 (-2074.01,-688.93,711.264) (-2074.01,-638.745,711.189) (-2139.32,-638.745,711.189) (-2139.32,-739.114,711.34) (-2204.63,-739.114,711.34) (-2204.63,-638.745,711.189) (-2269.94,-638.745,711.189) (-2269.94,-739.114,711.34) (-2335.25,-739.114,711.34) (-2335.25,-638.745,711.189) (-2400.56,-638.745,711.189) (-2400.56,-688.93,711.264)
  f[1][1] pts=2 (-2008.69,-688.93,711.264) (-2465.87,-688.93,711.264)
joint 1 type=11 v0=3 v1=2 f0_0=4 f1_0=4 orient=1 div=2 shift=0.64
  jv[0] pts=5 (-1720.11,194.662,-105.039) (-1720.11,88.2438,-105.039) (-1720.11,51.8467,-205.039) (-1720.11,158.264,-205.039) (-1720.11,194.662,-105.039)
  jv[1] pts=5 (-1262.93,194.662,-105.039) (-1262.93,88.2438,-105.039) (-1262.93,51.8467,-205.039) (-1262.93,158.264,-205.039) (-1262.93,194.662,-105.039)
  m[0][0] pts=12 (-1328.24,158.264,-205.039) (-1328.24,51.8467,-205.039) (-1393.56,51.8467,-205.039) (-1393.56,158.264,-205.039) (-1458.87,158.264,-205.039) (-1458.87,51.8467,-205.039) (-1524.18,51.8467,-205.039) (-1524.18,158.264,-205.039) (-1589.49,158.264,-205.039) (-1589.49,51.8467,-205.039) (-1654.8,51.8467,-205.039) (-1654.8,158.264,-205.039)
  m[0][1] pts=2 (-1262.93,158.264,-205.039) (-1720.11,158.264,-205.039)
  f[0][0] pts=12 (-1654.8,51.8467,-205.039) (-1654.8,88.2438,-105.039) (-1589.49,88.2438,-105.039) (-1589.49,51.8467,-205.039) (-1524.18,51.8467,-205.039) (-1524.18,88.2438,-105.039) (-1458.87,88.2438,-105.039) (-1458.87,51.8467,-205.039) (-1393.56,51.8467,-205.039) (-1393.56,88.2438,-105.039) (-1328.24,88.2438,-105.039) (-1328.24,51.8467,-205.039)
  f[0][1] pts=2 (-1720.11,51.8467,-205.039) (-1262.93,51.8467,-205.039)
  m[1][0] pts=12 (-1328.24,194.662,-105.039) (-1328.24,88.2438,-105.039) (-1393.56,88.2438,-105.039) (-1393.56,194.662,-105.039) (-1458.87,194.662,-105.039) (-1458.87,88.2438,-105.039) (-1524.18,88.2438,-105.039) (-1524.18,194.662,-105.039) (-1589.49,194.662,-105.039) (-1589.49,88.2438,-105.039) (-1654.8,88.2438,-105.039) (-1654.8,194.662,-105.039)
  m[1][1] pts=2 (-1262.93,194.662,-105.039) (-1720.11,194.662,-105.039)
  f[1][0] pts=12 (-1654.8,158.264,-205.039) (-1654.8,194.662,-105.039) (-1589.49,194.662,-105.039) (-1589.49,158.264,-205.039) (-1524.18,158.264,-205.039) (-1524.18,194.662,-105.039) (-1458.87,194.662,-105.039) (-1458.87,158.264,-205.039) (-1393.56,158.264,-205.039) (-1393.56,194.662,-105.039) (-1328.24,194.662,-105.039) (-1328.24,158.264,-205.039)
  f[1][1] pts=2 (-1720.11,158.264,-205.039) (-1262.93,158.264,-205.039)
joint 2 type=11 v0=5 v1=4 f0_0=4 f1_0=4 orient=1 div=2 shift=0.64
  jv[0] pts=5 (-974.347,225.052,-105.039) (-974.347,109.582,-105.039) (-974.347,51.8467,-205.039) (-974.347,167.317,-205.039) (-974.347,225.052,-105.039)
  jv[1] pts=5 (-517.174,225.052,-105.039) (-517.174,109.582,-105.039) (-517.174,51.8467,-205.039) (-517.174,167.317,-205.039) (-517.174,225.052,-105.039)
  m[0][0] pts=12 (-582.485,167.317,-205.039) (-582.485,51.8467,-205.039) (-647.795,51.8467,-205.039) (-647.795,167.317,-205.039) (-713.106,167.317,-205.039) (-713.106,51.8467,-205.039) (-778.416,51.8467,-205.039) (-778.416,167.317,-205.039) (-843.726,167.317,-205.039) (-843.726,51.8467,-205.039) (-909.037,51.8467,-205.039) (-909.037,167.317,-205.039)
  m[0][1] pts=2 (-517.174,167.317,-205.039) (-974.347,167.317,-205.039)
  f[0][0] pts=12 (-909.037,51.8467,-205.039) (-909.037,109.582,-105.039) (-843.726,109.582,-105.039) (-843.726,51.8467,-205.039) (-778.416,51.8467,-205.039) (-778.416,109.582,-105.039) (-713.106,109.582,-105.039) (-713.106,51.8467,-205.039) (-647.795,51.8467,-205.039) (-647.795,109.582,-105.039) (-582.485,109.582,-105.039) (-582.485,51.8467,-205.039)
  f[0][1] pts=2 (-974.347,51.8467,-205.039) (-517.174,51.8467,-205.039)
  m[1][0] pts=12 (-582.485,225.052,-105.039) (-582.485,109.582,-105.039) (-647.795,109.582,-105.039) (-647.795,225.052,-105.039) (-713.106,225.052,-105.039) (-713.106,109.582,-105.039) (-778.416,109.582,-105.039) (-778.416,225.052,-105.039) (-843.726,225.052,-105.039) (-843.726,109.582,-105.039) (-909.037,109.582,-105.039) (-909.037,225.052,-105.039)
  m[1][1] pts=2 (-517.174,225.052,-105.039) (-974.347,225.052,-105.039)
  f[1][0] pts=12 (-909.037,167.317,-205.039) (-909.037,225.052,-105.039) (-843.726,225.052,-105.039) (-843.726,167.317,-205.039) (-778.416,167.317,-205.039) (-778.416,225.052,-105.039) (-713.106,225.052,-105.039) (-713.106,167.317,-205.039) (-647.795,167.317,-205.039) (-647.795,225.052,-105.039) (-582.485,225.052,-105.039) (-582.485,167.317,-205.039)
  f[1][1] pts=2 (-974.347,167.317,-205.039) (-517.174,167.317,-205.039)
joint 3 type=11 v0=7 v1=6 f0_0=4 f1_0=4 orient=1 div=2 shift=0.64
  jv[0] pts=5 (-228.587,266.297,-105.039) (-228.587,135.757,-105.039) (-228.587,51.8467,-205.039) (-228.587,182.387,-205.039) (-228.587,266.297,-105.039)
  jv[1] pts=5 (228.586,266.297,-105.039) (228.586,135.757,-105.039) (228.586,51.8467,-205.039) (228.586,182.387,-205.039) (228.586,266.297,-105.039)
  m[0][0] pts=12 (163.276,182.387,-205.039) (163.276,51.8467,-205.039) (97.9653,51.8467,-205.039) (97.9653,182.387,-205.039) (32.6548,182.387,-205.039) (32.6548,51.8467,-205.039) (-32.6558,51.8467,-205.039) (-32.6558,182.387,-205.039) (-97.9663,182.387,-205.039) (-97.9663,51.8467,-205.039) (-163.277,51.8467,-205.039) (-163.277,182.387,-205.039)
  m[0][1] pts=2 (228.586,182.387,-205.039) (-228.587,182.387,-205.039)
  f[0][0] pts=12 (-163.277,51.8467,-205.039) (-163.277,135.757,-105.039) (-97.9663,135.757,-105.039) (-97.9663,51.8467,-205.039) (-32.6558,51.8467,-205.039) (-32.6558,135.757,-105.039) (32.6548,135.757,-105.039) (32.6548,51.8467,-205.039) (97.9653,51.8467,-205.039) (97.9653,135.757,-105.039) (163.276,135.757,-105.039) (163.276,51.8467,-205.039)
  f[0][1] pts=2 (-228.587,51.8467,-205.039) (228.586,51.8467,-205.039)
  m[1][0] pts=12 (163.276,266.297,-105.039) (163.276,135.757,-105.039) (97.9653,135.757,-105.039) (97.9653,266.297,-105.039) (32.6548,266.297,-105.039) (32.6548,135.757,-105.039) (-32.6558,135.757,-105.039) (-32.6558,266.297,-105.039) (-97.9663,266.297,-105.039) (-97.9663,135.757,-105.039) (-163.277,135.757,-105.039) (-163.277,266.297,-105.039)
  m[1][1] pts=2 (228.586,266.297,-105.039) (-228.587,266.297,-105.039)
  f[1][0] pts=12 (-163.277,182.387,-205.039) (-163.277,266.297,-105.039) (-97.9663,266.297,-105.039) (-97.9663,182.387,-205.039) (-32.6558,182.387,-205.039) (-32.6558,266.297,-105.039) (32.6548,266.297,-105.039) (32.6548,182.387,-205.039) (97.9653,182.387,-205.039) (97.9653,266.297,-105.039) (163.276,266.297,-105.039) (163.276,182.387,-205.039)
  f[1][1] pts=2 (-228.587,182.387,-205.039) (228.586,182.387,-205.039)
joint 4 type=11 v0=9 v1=8 f0_0=4 f1_0=4 orient=1 div=2 shift=0.64
  jv[0] pts=5 (517.173,326.594,-105.039) (517.173,171.022,-105.039) (517.173,51.8467,-205.039) (517.173,207.419,-205.039) (517.173,326.594,-105.039)
  jv[1] pts=5 (974.347,326.594,-105.039) (974.347,171.022,-105.039) (974.347,51.8467,-205.039) (974.347,207.419,-205.039) (974.347,326.594,-105.039)
  m[0][0] pts=12 (909.037,207.419,-205.039) (909.037,51.8467,-205.039) (843.726,51.8467,-205.039) (843.726,207.419,-205.039) (778.416,207.419,-205.039) (778.416,51.8467,-205.039) (713.105,51.8467,-205.039) (713.105,207.419,-205.039) (647.794,207.419,-205.039) (647.794,51.8467,-205.039) (582.484,51.8467,-205.039) (582.484,207.419,-205.039)
  m[0][1] pts=2 (974.347,207.419,-205.039) (517.173,207.419,-205.039)
  f[0][0] pts=12 (582.484,51.8467,-205.039) (582.484,171.022,-105.039) (647.794,171.022,-105.039) (647.794,51.8467,-205.039) (713.105,51.8467,-205.039) (713.105,171.022,-105.039) (778.416,171.022,-105.039) (778.416,51.8467,-205.039) (843.726,51.8467,-205.039) (843.726,171.022,-105.039) (909.037,171.022,-105.039) (909.037,51.8467,-205.039)
  f[0][1] pts=2 (517.173,51.8467,-205.039) (974.347,51.8467,-205.039)
  m[1][0] pts=12 (909.037,326.594,-105.039) (909.037,171.022,-105.039) (843.726,171.022,-105.039) (843.726,326.594,-105.039) (778.416,326.594,-105.039) (778.416,171.022,-105.039) (713.105,171.022,-105.039) (713.105,326.594,-105.039) (647.794,326.594,-105.039) (647.794,171.022,-105.039) (582.484,171.022,-105.039) (582.484,326.594,-105.039)
  m[1][1] pts=2 (974.347,326.594,-105.039) (517.173,326.594,-105.039)
  f[1][0] pts=12 (582.484,207.419,-205.039) (582.484,326.594,-105.039) (647.794,326.594,-105.039) (647.794,207.419,-205.039) (713.105,207.419,-205.039) (713.105,326.594,-105.039) (778.416,326.594,-105.039) (778.416,207.419,-205.039) (843.726,207.419,-205.039) (843.726,326.594,-105.039) (909.037,326.594,-105.039) (909.037,207.419,-205.039)
  f[1][1] pts=2 (517.173,207.419,-205.039) (974.347,207.419,-205.039)
joint 5 type=11 v0=11 v1=10 f0_0=4 f1_0=4 orient=1 div=2 shift=0.64
  jv[0] pts=5 (1262.93,425.052,-105.039) (1262.93,225.052,-105.039) (1262.93,51.8467,-205.039) (1262.93,251.847,-205.039) (1262.93,425.052,-105.039)
  jv[1] pts=5 (1720.11,425.052,-105.039) (1720.11,225.052,-105.039) (1720.11,51.8467,-205.039) (1720.11,251.847,-205.039) (1720.11,425.052,-105.039)
  m[0][0] pts=12 (1654.8,251.847,-205.039) (1654.8,51.8467,-205.039) (1589.49,51.8467,-205.039) (1589.49,251.847,-205.039) (1524.18,251.847,-205.039) (1524.18,51.8467,-205.039) (1458.87,51.8467,-205.039) (1458.87,251.847,-205.039) (1393.55,251.847,-205.039) (1393.55,51.8467,-205.039) (1328.24,51.8467,-205.039) (1328.24,251.847,-205.039)
  m[0][1] pts=2 (1720.11,251.847,-205.039) (1262.93,251.847,-205.039)
  f[0][0] pts=12 (1328.24,51.8467,-205.039) (1328.24,225.052,-105.039) (1393.55,225.052,-105.039) (1393.55,51.8467,-205.039) (1458.87,51.8467,-205.039) (1458.87,225.052,-105.039) (1524.18,225.052,-105.039) (1524.18,51.8467,-205.039) (1589.49,51.8467,-205.039) (1589.49,225.052,-105.039) (1654.8,225.052,-105.039) (1654.8,51.8467,-205.039)
  f[0][1] pts=2 (1262.93,51.8467,-205.039) (1720.11,51.8467,-205.039)
  m[1][0] pts=12 (1654.8,425.052,-105.039) (1654.8,225.052,-105.039) (1589.49,225.052,-105.039) (1589.49,425.052,-105.039) (1524.18,425.052,-105.039) (1524.18,225.052,-105.039) (1458.87,225.052,-105.039) (1458.87,425.052,-105.039) (1393.55,425.052,-105.039) (1393.55,225.052,-105.039) (1328.24,225.052,-105.039) (1328.24,425.052,-105.039)
  m[1][1] pts=2 (1720.11,425.052,-105.039) (1262.93,425.052,-105.039)
  f[1][0] pts=12 (1328.24,251.847,-205.039) (1328.24,425.052,-105.039) (1393.55,425.052,-105.039) (1393.55,251.847,-205.039) (1458.87,251.847,-205.039) (1458.87,425.052,-105.039) (1524.18,425.052,-105.039) (1524.18,251.847,-205.039) (1589.49,251.847,-205.039) (1589.49,425.052,-105.039) (1654.8,425.052,-105.039) (1654.8,251.847,-205.039)
  f[1][1] pts=2 (1262.93,251.847,-205.039) (1720.11,251.847,-205.039)
joint 6 type=11 v0=13 v1=12 f0_0=4 f1_0=4 orient=1 div=2 shift=0.64
  jv[0] pts=5 (-3211.63,151.847,-105.039) (-3211.63,51.8467,-105.039) (-3211.63,51.8467,-205.039) (-3211.63,151.847,-205.039) (-3211.63,151.847,-105.039)
  jv[1] pts=5 (-2754.46,151.847,-105.039) (-2754.46,51.8467,-105.039) (-2754.46,51.8467,-205.039) (-2754.46,151.847,-205.039) (-2754.46,151.847,-105.039)
  m[0][0] pts=12 (-2819.77,151.847,-205.039) (-2819.77,51.8467,-205.039) (-2885.08,51.8467,-205.039) (-2885.08,151.847,-205.039) (-2950.39,151.847,-205.039) (-2950.39,51.8467,-205.039) (-3015.7,51.8467,-205.039) (-3015.7,151.847,-205.039) (-3081.01,151.847,-205.039) (-3081.01,51.8467,-205.039) (-3146.32,51.8467,-205.039) (-3146.32,151.847,-205.039)
  m[0][1] pts=2 (-2754.46,151.847,-205.039) (-3211.63,151.847,-205.039)
  f[0][0] pts=12 (-3146.32,51.8467,-205.039) (-3146.32,51.8467,-105.039) (-3081.01,51.8467,-105.039) (-3081.01,51.8467,-205.039) (-3015.7,51.8467,-205.039) (-3015.7,51.8467,-105.039) (-2950.39,51.8467,-105.039) (-2950.39,51.8467,-205.039) (-2885.08,51.8467,-205.039) (-2885.08,51.8467,-105.039) (-2819.77,51.8467,-105.039) (-2819.77,51.8467,-205.039)
  f[0][1] pts=2 (-3211.63,51.8467,-205.039) (-2754.46,51.8467,-205.039)
  m[1][0] pts=12 (-2819.77,151.847,-105.039) (-2819.77,51.8467,-105.039) (-2885.08,51.8467,-105.039) (-2885.08,151.847,-105.039) (-2950.39,151.847,-105.039) (-2950.39,51.8467,-105.039) (-3015.7,51.8467,-105.039) (-3015.7,151.847,-105.039) (-3081.01,151.847,-105.039) (-3081.01,51.8467,-105.039) (-3146.32,51.8467,-105.039) (-3146.32,151.847,-105.039)
  m[1][1] pts=2 (-2754.46,151.847,-105.039) (-3211.63,151.847,-105.039)
  f[1][0] pts=12 (-3146.32,151.847,-205.039) (-3146.32,151.847,-105.039) (-3081.01,151.847,-105.039) (-3081.01,151.847,-205.039) (-3015.7,151.847,-205.039) (-3015.7,151.847,-105.039) (-2950.39,151.847,-105.039) (-2950.39,151.847,-205.039) (-2885.08,151.847,-205.039) (-2885.08,151.847,-105.039) (-2819.77,151.847,-105.039) (-2819.77,151.847,-205.039)
  f[1][1] pts=2 (-3211.63,151.847,-205.039) (-2754.46,151.847,-205.039)
joint 7 type=11 v0=15 v1=14 f0_0=4 f1_0=4 orient=1 div=2 shift=0.64
  jv[0] pts=5 (-2465.87,171.022,-105.039) (-2465.87,69.4794,-105.039) (-2465.87,51.8467,-205.039) (-2465.87,153.389,-205.039) (-2465.87,171.022,-105.039)
  jv[1] pts=5 (-2008.69,171.022,-105.039) (-2008.69,69.4794,-105.039) (-2008.69,51.8467,-205.039) (-2008.69,153.389,-205.039) (-2008.69,171.022,-105.039)
  m[0][0] pts=12 (-2074.01,153.389,-205.039) (-2074.01,51.8467,-205.039) (-2139.32,51.8467,-205.039) (-2139.32,153.389,-205.039) (-2204.63,153.389,-205.039) (-2204.63,51.8467,-205.039) (-2269.94,51.8467,-205.039) (-2269.94,153.389,-205.039) (-2335.25,153.389,-205.039) (-2335.25,51.8467,-205.039) (-2400.56,51.8467,-205.039) (-2400.56,153.389,-205.039)
  m[0][1] pts=2 (-2008.69,153.389,-205.039) (-2465.87,153.389,-205.039)
  f[0][0] pts=12 (-2400.56,51.8467,-205.039) (-2400.56,69.4794,-105.039) (-2335.25,69.4794,-105.039) (-2335.25,51.8467,-205.039) (-2269.94,51.8467,-205.039) (-2269.94,69.4794,-105.039) (-2204.63,69.4794,-105.039) (-2204.63,51.8467,-205.039) (-2139.32,51.8467,-205.039) (-2139.32,69.4794,-105.039) (-2074.01,69.4794,-105.039) (-2074.01,51.8467,-205.039)
  f[0][1] pts=2 (-2465.87,51.8467,-205.039) (-2008.69,51.8467,-205.039)
  m[1][0] pts=12 (-2074.01,171.022,-105.039) (-2074.01,69.4794,-105.039) (-2139.32,69.4794,-105.039) (-2139.32,171.022,-105.039) (-2204.63,171.022,-105.039) (-2204.63,69.4794,-105.039) (-2269.94,69.4794,-105.039) (-2269.94,171.022,-105.039) (-2335.25,171.022,-105.039) (-2335.25,69.4794,-105.039) (-2400.56,69.4794,-105.039) (-2400.56,171.022,-105.039)
  m[1][1] pts=2 (-2008.69,171.022,-105.039) (-2465.87,171.022,-105.039)
  f[1][0] pts=12 (-2400.56,153.389,-205.039) (-2400.56,171.022,-105.039) (-2335.25,171.022,-105.039) (-2335.25,153.389,-205.039) (-2269.94,153.389,-205.039) (-2269.94,171.022,-105.039) (-2204.63,171.022,-105.039) (-2204.63,153.389,-205.039) (-2139.32,153.389,-205.039) (-2139.32,171.022,-105.039) (-2074.01,171.022,-105.039) (-2074.01,153.389,-205.039)
  f[1][1] pts=2 (-2465.87,153.389,-205.039) (-2008.69,153.389,-205.039)
joint 8 type=11 v0=17 v1=16 f0_0=4 f1_0=4 orient=1 div=2 shift=0.64
  jv[0] pts=5 (2008.69,618.975,-105.039) (2008.69,326.594,-105.039) (2008.69,51.8467,-205.039) (2008.69,344.227,-205.039) (2008.69,618.975,-105.039)
  jv[1] pts=5 (2465.87,618.975,-105.039) (2465.87,326.594,-105.039) (2465.87,51.8467,-205.039) (2465.87,344.227,-205.039) (2465.87,618.975,-105.039)
  m[0][0] pts=12 (2400.56,344.227,-205.039) (2400.56,51.8467,-205.039) (2335.25,51.8467,-205.039) (2335.25,344.227,-205.039) (2269.94,344.227,-205.039) (2269.94,51.8467,-205.039) (2204.63,51.8467,-205.039) (2204.63,344.227,-205.039) (2139.31,344.227,-205.039) (2139.31,51.8467,-205.039) (2074,51.8467,-205.039) (2074,344.227,-205.039)
  m[0][1] pts=2 (2465.87,344.227,-205.039) (2008.69,344.227,-205.039)
  f[0][0] pts=12 (2074,51.8467,-205.039) (2074,326.594,-105.039) (2139.31,326.594,-105.039) (2139.31,51.8467,-205.039) (2204.63,51.8467,-205.039) (2204.63,326.594,-105.039) (2269.94,326.594,-105.039) (2269.94,51.8467,-205.039) (2335.25,51.8467,-205.039) (2335.25,326.594,-105.039) (2400.56,326.594,-105.039) (2400.56,51.8467,-205.039)
  f[0][1] pts=2 (2008.69,51.8467,-205.039) (2465.87,51.8467,-205.039)
  m[1][0] pts=12 (2400.56,618.975,-105.039) (2400.56,326.594,-105.039) (2335.25,326.594,-105.039) (2335.25,618.975,-105.039) (2269.94,618.975,-105.039) (2269.94,326.594,-105.039) (2204.63,326.594,-105.039) (2204.63,618.975,-105.039) (2139.31,618.975,-105.039) (2139.31,326.594,-105.039) (2074,326.594,-105.039) (2074,618.975,-105.039)
  m[1][1] pts=2 (2465.87,618.975,-105.039) (2008.69,618.975,-105.039)
  f[1][0] pts=12 (2074,344.227,-205.039) (2074,618.975,-105.039) (2139.31,618.975,-105.039) (2139.31,344.227,-205.039) (2204.63,344.227,-205.039) (2204.63,618.975,-105.039) (2269.94,618.975,-105.039) (2269.94,344.227,-205.039) (2335.25,344.227,-205.039) (2335.25,618.975,-105.039) (2400.56,618.975,-105.039) (2400.56,344.227,-205.039)
  f[1][1] pts=2 (2008.69,344.227,-205.039) (2465.87,344.227,-205.039)
joint 9 type=12 v0=20 v1=21 f0_0=4 f1_0=4 orient=1 div=2 shift=0.5
  jv[0] pts=5 (-974.347,-626.055,685.383) (-974.347,-715.712,737.146) (-974.347,-742.507,637.146) (-974.347,-652.85,585.383) (-974.347,-626.055,685.383)
  jv[1] pts=5 (-517.174,-626.055,685.383) (-517.174,-715.712,737.146) (-517.174,-742.507,637.146) (-517.174,-652.85,585.383) (-517.174,-626.055,685.383)
  jv[2] pts=5 (-974.347,-645.915,611.264) (-974.347,-749.442,611.264) (-974.347,-722.647,711.264) (-974.347,-619.12,711.264) (-974.347,-645.915,611.264)
  jv[3] pts=5 (-517.174,-645.915,611.264) (-517.174,-749.442,611.264) (-517.174,-722.647,711.264) (-517.174,-619.12,711.264) (-517.174,-645.915,611.264)
  m[0][0] pts=12 (-582.485,-670.883,711.264) (-582.485,-626.055,685.383) (-647.795,-626.055,685.383) (-647.795,-715.712,737.146) (-713.106,-715.712,737.146) (-713.106,-626.055,685.383) (-778.416,-626.055,685.383) (-778.416,-715.712,737.146) (-843.726,-715.712,737.146) (-843.726,-626.055,685.383) (-909.037,-626.055,685.383) (-909.037,-670.883,711.264)
  m[0][1] pts=2 (-517.174,-670.883,711.264) (-974.347,-670.883,711.264)
  f[0][0] pts=12 (-582.485,-697.678,611.264) (-582.485,-645.915,611.264) (-647.795,-645.915,611.264) (-647.795,-749.442,611.264) (-713.106,-749.442,611.264) (-713.106,-645.915,611.264) (-778.416,-645.915,611.264) (-778.416,-749.442,611.264) (-843.726,-749.442,611.264) (-843.726,-645.915,611.264) (-909.037,-645.915,611.264) (-909.037,-697.678,611.264)
  f[0][1] pts=2 (-517.174,-697.678,611.264) (-974.347,-697.678,611.264)
  m[1][0] pts=12 (-582.485,-697.678,611.264) (-582.485,-652.85,585.383) (-647.795,-652.85,585.383) (-647.795,-742.507,637.146) (-713.106,-742.507,637.146) (-713.106,-652.85,585.383) (-778.416,-652.85,585.383) (-778.416,-742.507,637.146) (-843.726,-742.507,637.146) (-843.726,-652.85,585.383) (-909.037,-652.85,585.383) (-909.037,-697.678,611.264)
  m[1][1] pts=2 (-517.174,-697.678,611.264) (-974.347,-697.678,611.264)
  f[1][0] pts=12 (-582.485,-670.883,711.264) (-582.485,-619.12,711.264) (-647.795,-619.12,711.264) (-647.795,-722.647,711.264) (-713.106,-722.647,711.264) (-713.106,-619.12,711.264) (-778.416,-619.12,711.264) (-778.416,-722.647,711.264) (-843.726,-722.647,711.264) (-843.726,-619.12,711.264) (-909.037,-619.12,711.264) (-909.037,-670.883,711.264)
  f[1][1] pts=2 (-517.174,-670.883,711.264) (-974.347,-670.883,711.264)
joint 10 type=11 v0=23 v1=22 f0_0=4 f1_0=4 orient=1 div=2 shift=0.64
  jv[0] pts=5 (-228.587,-661.281,711.264) (-228.587,-816.854,711.264) (-228.587,-697.678,611.264) (-228.587,-542.106,611.264) (-228.587,-661.281,711.264)
  jv[1] pts=5 (228.586,-661.281,711.264) (228.586,-816.854,711.264) (228.586,-697.678,611.264) (228.586,-542.106,611.264) (228.586,-661.281,711.264)
  m[0][0] pts=12 (163.276,-542.106,611.264) (163.276,-697.678,611.264) (97.9653,-697.678,611.264) (97.9653,-542.106,611.264) (32.6548,-542.106,611.264) (32.6548,-697.678,611.264) (-32.6558,-697.678,611.264) (-32.6558,-542.106,611.264) (-97.9663,-542.106,611.264) (-97.9663,-697.678,611.264) (-163.277,-697.678,611.264) (-163.277,-542.106,611.264)
  m[0][1] pts=2 (228.586,-542.106,611.264) (-228.587,-542.106,611.264)
  f[0][0] pts=12 (-163.277,-697.678,611.264) (-163.277,-816.854,711.264) (-97.9663,-816.854,711.264) (-97.9663,-697.678,611.264) (-32.6558,-697.678,611.264) (-32.6558,-816.854,711.264) (32.6548,-816.854,711.264) (32.6548,-697.678,611.264) (97.9653,-697.678,611.264) (97.9653,-816.854,711.264) (163.276,-816.854,711.264) (163.276,-697.678,611.264)
  f[0][1] pts=2 (-228.587,-697.678,611.264) (228.586,-697.678,611.264)
  m[1][0] pts=12 (163.276,-661.281,711.264) (163.276,-816.854,711.264) (97.9653,-816.854,711.264) (97.9653,-661.281,711.264) (32.6548,-661.281,711.264) (32.6548,-816.854,711.264) (-32.6558,-816.854,711.264) (-32.6558,-661.281,711.264) (-97.9663,-661.281,711.264) (-97.9663,-816.854,711.264) (-163.277,-816.854,711.264) (-163.277,-661.281,711.264)
  m[1][1] pts=2 (228.586,-661.281,711.264) (-228.587,-661.281,711.264)
  f[1][0] pts=12 (-163.277,-542.106,611.264) (-163.277,-661.281,711.264) (-97.9663,-661.281,711.264) (-97.9663,-542.106,611.264) (-32.6558,-542.106,611.264) (-32.6558,-661.281,711.264) (32.6548,-661.281,711.264) (32.6548,-542.106,611.264) (97.9653,-542.106,611.264) (97.9653,-661.281,711.264) (163.276,-661.281,711.264) (163.276,-542.106,611.264)
  f[1][1] pts=2 (-228.587,-542.106,611.264) (228.586,-542.106,611.264)
joint 11 type=11 v0=25 v1=24 f0_0=4 f1_0=4 orient=1 div=2 shift=0.64
  jv[0] pts=5 (517.173,-651.048,711.264) (517.173,-781.588,711.264) (517.173,-697.678,611.264) (517.173,-567.138,611.264) (517.173,-651.048,711.264)
  jv[1] pts=5 (974.347,-651.048,711.264) (974.347,-781.588,711.264) (974.347,-697.678,611.264) (974.347,-567.138,611.264) (974.347,-651.048,711.264)
  m[0][0] pts=12 (909.037,-567.138,611.264) (909.037,-697.678,611.264) (843.726,-697.678,611.264) (843.726,-567.138,611.264) (778.416,-567.138,611.264) (778.416,-697.678,611.264) (713.105,-697.678,611.264) (713.105,-567.138,611.264) (647.794,-567.138,611.264) (647.794,-697.678,611.264) (582.484,-697.678,611.264) (582.484,-567.138,611.264)
  m[0][1] pts=2 (974.347,-567.138,611.264) (517.173,-567.138,611.264)
  f[0][0] pts=12 (582.484,-697.678,611.264) (582.484,-781.588,711.264) (647.794,-781.588,711.264) (647.794,-697.678,611.264) (713.105,-697.678,611.264) (713.105,-781.588,711.264) (778.416,-781.588,711.264) (778.416,-697.678,611.264) (843.726,-697.678,611.264) (843.726,-781.588,711.264) (909.037,-781.588,711.264) (909.037,-697.678,611.264)
  f[0][1] pts=2 (517.173,-697.678,611.264) (974.347,-697.678,611.264)
  m[1][0] pts=12 (909.037,-651.048,711.264) (909.037,-781.588,711.264) (843.726,-781.588,711.264) (843.726,-651.048,711.264) (778.416,-651.048,711.264) (778.416,-781.588,711.264) (713.105,-781.588,711.264) (713.105,-651.048,711.264) (647.794,-651.048,711.264) (647.794,-781.588,711.264) (582.484,-781.588,711.264) (582.484,-651.048,711.264)
  m[1][1] pts=2 (974.347,-651.048,711.264) (517.173,-651.048,711.264)
  f[1][0] pts=12 (582.484,-567.138,611.264) (582.484,-651.048,711.264) (647.794,-651.048,711.264) (647.794,-567.138,611.264) (713.105,-567.138,611.264) (713.105,-651.048,711.264) (778.416,-651.048,711.264) (778.416,-567.138,611.264) (843.726,-567.138,611.264) (843.726,-651.048,711.264) (909.037,-651.048,711.264) (909.037,-567.138,611.264)
  f[1][1] pts=2 (517.173,-567.138,611.264) (974.347,-567.138,611.264)
joint 12 type=11 v0=27 v1=26 f0_0=4 f1_0=4 orient=1 div=2 shift=0.64
  jv[0] pts=5 (2008.69,-627.658,711.264) (2008.69,-734.075,711.264) (2008.69,-697.678,611.264) (2008.69,-591.261,611.264) (2008.69,-627.658,711.264)
  jv[1] pts=5 (2465.87,-627.658,711.264) (2465.87,-734.075,711.264) (2465.87,-697.678,611.264) (2465.87,-591.261,611.264) (2465.87,-627.658,711.264)
  m[0][0] pts=12 (2400.56,-591.261,611.264) (2400.56,-697.678,611.264) (2335.25,-697.678,611.264) (2335.25,-591.261,611.264) (2269.94,-591.261,611.264) (2269.94,-697.678,611.264) (2204.63,-697.678,611.264) (2204.63,-591.261,611.264) (2139.31,-591.261,611.264) (2139.31,-697.678,611.264) (2074,-697.678,611.264) (2074,-591.261,611.264)
  m[0][1] pts=2 (2465.87,-591.261,611.264) (2008.69,-591.261,611.264)
  f[0][0] pts=12 (2074,-697.678,611.264) (2074,-734.075,711.264) (2139.31,-734.075,711.264) (2139.31,-697.678,611.264) (2204.63,-697.678,611.264) (2204.63,-734.075,711.264) (2269.94,-734.075,711.264) (2269.94,-697.678,611.264) (2335.25,-697.678,611.264) (2335.25,-734.075,711.264) (2400.56,-734.075,711.264) (2400.56,-697.678,611.264)
  f[0][1] pts=2 (2008.69,-697.678,611.264) (2465.87,-697.678,611.264)
  m[1][0] pts=12 (2400.56,-627.658,711.264) (2400.56,-734.075,711.264) (2335.25,-734.075,711.264) (2335.25,-627.658,711.264) (2269.94,-627.658,711.264) (2269.94,-734.075,711.264) (2204.63,-734.075,711.264) (2204.63,-627.658,711.264) (2139.31,-627.658,711.264) (2139.31,-734.075,711.264) (2074,-734.075,711.264) (2074,-627.658,711.264)
  m[1][1] pts=2 (2465.87,-627.658,711.264) (2008.69,-627.658,711.264)
  f[1][0] pts=12 (2074,-591.261,611.264) (2074,-627.658,711.264) (2139.31,-627.658,711.264) (2139.31,-591.261,611.264) (2204.63,-591.261,611.264) (2204.63,-627.658,711.264) (2269.94,-627.658,711.264) (2269.94,-591.261,611.264) (2335.25,-591.261,611.264) (2335.25,-627.658,711.264) (2400.56,-627.658,711.264) (2400.56,-591.261,611.264)
  f[1][1] pts=2 (2008.69,-591.261,611.264) (2465.87,-591.261,611.264)
joint 13 type=11 v0=29 v1=28 f0_0=4 f1_0=4 orient=1 div=2 shift=0.64
  jv[0] pts=5 (2754.45,-613.768,711.264) (2754.45,-715.311,711.264) (2754.45,-697.678,611.264) (2754.45,-596.136,611.264) (2754.45,-613.768,711.264)
  jv[1] pts=5 (3211.63,-613.768,711.264) (3211.63,-715.311,711.264) (3211.63,-697.678,611.264) (3211.63,-596.136,611.264) (3211.63,-613.768,711.264)
  m[0][0] pts=12 (3146.32,-596.136,611.264) (3146.32,-697.678,611.264) (3081.01,-697.678,611.264) (3081.01,-596.136,611.264) (3015.7,-596.136,611.264) (3015.7,-697.678,611.264) (2950.39,-697.678,611.264) (2950.39,-596.136,611.264) (2885.08,-596.136,611.264) (2885.08,-697.678,611.264) (2819.77,-697.678,611.264) (2819.77,-596.136,611.264)
  m[0][1] pts=2 (3211.63,-596.136,611.264) (2754.45,-596.136,611.264)
  f[0][0] pts=12 (2819.77,-697.678,611.264) (2819.77,-715.311,711.264) (2885.08,-715.311,711.264) (2885.08,-697.678,611.264) (2950.39,-697.678,611.264) (2950.39,-715.311,711.264) (3015.7,-715.311,711.264) (3015.7,-697.678,611.264) (3081.01,-697.678,611.264) (3081.01,-715.311,711.264) (3146.32,-715.311,711.264) (3146.32,-697.678,611.264)
  f[0][1] pts=2 (2754.45,-697.678,611.264) (3211.63,-697.678,611.264)
  m[1][0] pts=12 (3146.32,-613.768,711.264) (3146.32,-715.311,711.264) (3081.01,-715.311,711.264) (3081.01,-613.768,711.264) (3015.7,-613.768,711.264) (3015.7,-715.311,711.264) (2950.39,-715.311,711.264) (2950.39,-613.768,711.264) (2885.08,-613.768,711.264) (2885.08,-715.311,711.264) (2819.77,-715.311,711.264) (2819.77,-613.768,711.264)
  m[1][1] pts=2 (3211.63,-613.768,711.264) (2754.45,-613.768,711.264)
  f[1][0] pts=12 (2819.77,-596.136,611.264) (2819.77,-613.768,711.264) (2885.08,-613.768,711.264) (2885.08,-596.136,611.264) (2950.39,-596.136,611.264) (2950.39,-613.768,711.264) (3015.7,-613.768,711.264) (3015.7,-596.136,611.264) (3081.01,-596.136,611.264) (3081.01,-613.768,711.264) (3146.32,-613.768,711.264) (3146.32,-596.136,611.264)
  f[1][1] pts=2 (2754.45,-596.136,611.264) (3211.63,-596.136,611.264)
joint 14 type=12 v0=30 v1=31 f0_0=5 f1_0=4 orient=1 div=2 shift=0.5
  jv[0] pts=5 (-2754.46,-747.678,711.264) (-2754.46,-647.678,711.264) (-2754.46,-647.678,611.264) (-2754.46,-747.678,611.264) (-2754.46,-747.678,711.264)
  jv[1] pts=5 (-3211.63,-747.678,711.264) (-3211.63,-647.678,711.264) (-3211.63,-647.678,611.264) (-3211.63,-747.678,611.264) (-3211.63,-747.678,711.264)
  jv[2] pts=5 (-2754.46,-747.678,711.264) (-2754.46,-647.678,711.264) (-2754.46,-647.678,611.264) (-2754.46,-747.678,611.264) (-2754.46,-747.678,711.264)
  jv[3] pts=5 (-3211.63,-747.678,711.264) (-3211.63,-647.678,711.264) (-3211.63,-647.678,611.264) (-3211.63,-747.678,611.264) (-3211.63,-747.678,711.264)
  m[0][0] pts=12 (-3146.32,-697.678,711.264) (-3146.32,-747.678,711.264) (-3081.01,-747.678,711.264) (-3081.01,-647.678,711.264) (-3015.7,-647.678,711.264) (-3015.7,-747.678,711.264) (-2950.39,-747.678,711.264) (-2950.39,-647.678,711.264) (-2885.08,-647.678,711.264) (-2885.08,-747.678,711.264) (-2819.77,-747.678,711.264) (-2819.77,-697.678,711.264)
  m[0][1] pts=2 (-3211.63,-697.678,711.264) (-2754.46,-697.678,711.264)
  f[0][0] pts=12 (-3146.32,-697.678,711.264) (-3146.32,-747.678,711.264) (-3081.01,-747.678,711.264) (-3081.01,-647.678,711.264) (-3015.7,-647.678,711.264) (-3015.7,-747.678,711.264) (-2950.39,-747.678,711.264) (-2950.39,-647.678,711.264) (-2885.08,-647.678,711.264) (-2885.08,-747.678,711.264) (-2819.77,-747.678,711.264) (-2819.77,-697.678,711.264)
  f[0][1] pts=2 (-3211.63,-697.678,711.264) (-2754.46,-697.678,711.264)
  m[1][0] pts=12 (-3146.32,-697.678,611.264) (-3146.32,-747.678,611.264) (-3081.01,-747.678,611.264) (-3081.01,-647.678,611.264) (-3015.7,-647.678,611.264) (-3015.7,-747.678,611.264) (-2950.39,-747.678,611.264) (-2950.39,-647.678,611.264) (-2885.08,-647.678,611.264) (-2885.08,-747.678,611.264) (-2819.77,-747.678,611.264) (-2819.77,-697.678,611.264)
  m[1][1] pts=2 (-3211.63,-697.678,611.264) (-2754.46,-697.678,611.264)
  f[1][0] pts=12 (-3146.32,-697.678,611.264) (-3146.32,-747.678,611.264) (-3081.01,-747.678,611.264) (-3081.01,-647.678,611.264) (-3015.7,-647.678,611.264) (-3015.7,-747.678,611.264) (-2950.39,-747.678,611.264) (-2950.39,-647.678,611.264) (-2885.08,-647.678,611.264) (-2885.08,-747.678,611.264) (-2819.77,-747.678,611.264) (-2819.77,-697.678,611.264)
  f[1][1] pts=2 (-3211.63,-697.678,611.264) (-2754.46,-697.678,611.264)
joint 15 type=12 v0=32 v1=35 f0_0=4 f1_0=5 orient=1 div=2 shift=0.5
  jv[0] pts=5 (-1720.11,-632.336,693.9) (-1720.11,-727.755,728.629) (-1720.11,-745.388,628.629) (-1720.11,-649.969,593.9) (-1720.11,-632.336,693.9)
  jv[1] pts=5 (-1262.93,-632.336,693.9) (-1262.93,-727.755,728.629) (-1262.93,-745.388,628.629) (-1262.93,-649.969,593.9) (-1262.93,-632.336,693.9)
  jv[2] pts=5 (-1720.11,-646.907,611.264) (-1720.11,-748.45,611.264) (-1720.11,-730.817,711.264) (-1720.11,-629.274,711.264) (-1720.11,-646.907,611.264)
  jv[3] pts=5 (-1262.93,-646.907,611.264) (-1262.93,-748.45,611.264) (-1262.93,-730.817,711.264) (-1262.93,-629.274,711.264) (-1262.93,-646.907,611.264)
  m[0][0] pts=12 (-1328.24,-680.046,711.264) (-1328.24,-632.336,693.9) (-1393.56,-632.336,693.9) (-1393.56,-727.755,728.629) (-1458.87,-727.755,728.629) (-1458.87,-632.336,693.9) (-1524.18,-632.336,693.9) (-1524.18,-727.755,728.629) (-1589.49,-727.755,728.629) (-1589.49,-632.336,693.9) (-1654.8,-632.336,693.9) (-1654.8,-680.046,711.264)
  m[0][1] pts=2 (-1262.93,-680.046,711.264) (-1720.11,-680.046,711.264)
  f[0][0] pts=12 (-1328.24,-697.678,611.264) (-1328.24,-646.907,611.264) (-1393.56,-646.907,611.264) (-1393.56,-748.45,611.264) (-1458.87,-748.45,611.264) (-1458.87,-646.907,611.264) (-1524.18,-646.907,611.264) (-1524.18,-748.45,611.264) (-1589.49,-748.45,611.264) (-1589.49,-646.907,611.264) (-1654.8,-646.907,611.264) (-1654.8,-697.678,611.264)
  f[0][1] pts=2 (-1262.93,-697.678,611.264) (-1720.11,-697.678,611.264)
  m[1][0] pts=12 (-1328.24,-697.678,611.264) (-1328.24,-649.969,593.9) (-1393.56,-649.969,593.9) (-1393.56,-745.388,628.629) (-1458.87,-745.388,628.629) (-1458.87,-649.969,593.9) (-1524.18,-649.969,593.9) (-1524.18,-745.388,628.629) (-1589.49,-745.388,628.629) (-1589.49,-649.969,593.9) (-1654.8,-649.969,593.9) (-1654.8,-697.678,611.264)
  m[1][1] pts=2 (-1262.93,-697.678,611.264) (-1720.11,-697.678,611.264)
  f[1][0] pts=12 (-1328.24,-680.046,711.264) (-1328.24,-629.274,711.264) (-1393.56,-629.274,711.264) (-1393.56,-730.817,711.264) (-1458.87,-730.817,711.264) (-1458.87,-629.274,711.264) (-1524.18,-629.274,711.264) (-1524.18,-730.817,711.264) (-1589.49,-730.817,711.264) (-1589.49,-629.274,711.264) (-1654.8,-629.274,711.264) (-1654.8,-680.046,711.264)
  f[1][1] pts=2 (-1262.93,-680.046,711.264) (-1720.11,-680.046,711.264)
joint 16 type=11 v0=34 v1=33 f0_0=4 f1_0=4 orient=1 div=2 shift=0.64
  jv[0] pts=5 (1262.93,-639.943,711.264) (1262.93,-755.413,711.264) (1262.93,-697.678,611.264) (1262.93,-582.208,611.264) (1262.93,-639.943,711.264)
  jv[1] pts=5 (1720.11,-639.943,711.264) (1720.11,-755.413,711.264) (1720.11,-697.678,611.264) (1720.11,-582.208,611.264) (1720.11,-639.943,711.264)
  m[0][0] pts=12 (1654.8,-582.208,611.264) (1654.8,-697.678,611.264) (1589.49,-697.678,611.264) (1589.49,-582.208,611.264) (1524.18,-582.208,611.264) (1524.18,-697.678,611.264) (1458.87,-697.678,611.264) (1458.87,-582.208,611.264) (1393.55,-582.208,611.264) (1393.55,-697.678,611.264) (1328.24,-697.678,611.264) (1328.24,-582.208,611.264)
  m[0][1] pts=2 (1720.11,-582.208,611.264) (1262.93,-582.208,611.264)
  f[0][0] pts=12 (1328.24,-697.678,611.264) (1328.24,-755.413,711.264) (1393.55,-755.413,711.264) (1393.55,-697.678,611.264) (1458.87,-697.678,611.264) (1458.87,-755.413,711.264) (1524.18,-755.413,711.264) (1524.18,-697.678,611.264) (1589.49,-697.678,611.264) (1589.49,-755.413,711.264) (1654.8,-755.413,711.264) (1654.8,-697.678,611.264)
  f[0][1] pts=2 (1262.93,-697.678,611.264) (1720.11,-697.678,611.264)
  m[1][0] pts=12 (1654.8,-639.943,711.264) (1654.8,-755.413,711.264) (1589.49,-755.413,711.264) (1589.49,-639.943,711.264) (1524.18,-639.943,711.264) (1524.18,-755.413,711.264) (1458.87,-755.413,711.264) (1458.87,-639.943,711.264) (1393.55,-639.943,711.264) (1393.55,-755.413,711.264) (1328.24,-755.413,711.264) (1328.24,-639.943,711.264)
  m[1][1] pts=2 (1720.11,-639.943,711.264) (1262.93,-639.943,711.264)
  f[1][0] pts=12 (1328.24,-582.208,611.264) (1328.24,-639.943,711.264) (1393.55,-639.943,711.264) (1393.55,-582.208,611.264) (1458.87,-582.208,611.264) (1458.87,-639.943,711.264) (1524.18,-639.943,711.264) (1524.18,-582.208,611.264) (1589.49,-582.208,611.264) (1589.49,-639.943,711.264) (1654.8,-639.943,711.264) (1654.8,-582.208,611.264)
  f[1][1] pts=2 (1262.93,-582.208,611.264) (1720.11,-582.208,611.264)
