# session joints after joint_create_geometry + orient
# count=18
joint 0 type=12 v0=0 v1=1 f0_0=3 f1_0=5 name=ss_e_ip_1 orient=1 div=7 shift=0.5
  jv[0] pts=5 (-214.014,-256.248,-20) (-185.986,-293.752,-20) (-185.986,-293.752,20) (-214.014,-256.248,20) (-214.014,-256.248,-20)
  jv[1] pts=5 (-214.014,-506.248,-20) (-185.986,-543.752,-20) (-185.986,-543.752,20) (-214.014,-506.248,20) (-214.014,-506.248,-20)
  jv[2] pts=5 (-214.014,-256.248,-20) (-185.986,-293.752,-20) (-185.986,-293.752,20) (-214.014,-256.248,20) (-214.014,-256.248,-20)
  jv[3] pts=5 (-214.014,-506.248,-20) (-185.986,-543.752,-20) (-185.986,-543.752,20) (-214.014,-506.248,20) (-214.014,-506.248,-20)
  m[0][0] pts=16 (-200,-497.222,-20) (-214.014,-478.47,-20) (-214.014,-450.692,-20) (-185.986,-488.197,-20) (-185.986,-460.419,-20) (-214.014,-422.914,-20) (-214.014,-395.137,-20) (-185.986,-432.641,-20) (-185.986,-404.863,-20) (-214.014,-367.359,-20) (-214.014,-339.581,-20) (-185.986,-377.086,-20) (-185.986,-349.308,-20) (-214.014,-311.803,-20) (-214.014,-284.026,-20) (-200,-302.778,-20)
  m[0][1] pts=2 (-200,-497.222,-20) (-200,-302.778,-20)
  f[0][0] pts=16 (-200,-497.222,-20) (-214.014,-478.47,-20) (-214.014,-450.692,-20) (-185.986,-488.197,-20) (-185.986,-460.419,-20) (-214.014,-422.914,-20) (-214.014,-395.137,-20) (-185.986,-432.641,-20) (-185.986,-404.863,-20) (-214.014,-367.359,-20) (-214.014,-339.581,-20) (-185.986,-377.086,-20) (-185.986,-349.308,-20) (-214.014,-311.803,-20) (-214.014,-284.026,-20) (-200,-302.778,-20)
  f[0][1] pts=2 (-200,-497.222,-20) (-200,-302.778,-20)
  m[1][0] pts=16 (-200,-497.222,20) (-214.014,-478.47,20) (-214.014,-450.692,20) (-185.986,-488.197,20) (-185.986,-460.419,20) (-214.014,-422.914,20) (-214.014,-395.137,20) (-185.986,-432.641,20) (-185.986,-404.863,20) (-214.014,-367.359,20) (-214.014,-339.581,20) (-185.986,-377.086,20) (-185.986,-349.308,20) (-214.014,-311.803,20) (-214.014,-284.026,20) (-200,-302.778,20)
  m[1][1] pts=2 (-200,-497.222,20) (-200,-302.778,20)
  f[1][0] pts=16 (-200,-497.222,20) (-214.014,-478.47,20) (-214.014,-450.692,20) (-185.986,-488.197,20) (-185.986,-460.419,20) (-214.014,-422.914,20) (-214.014,-395.137,20) (-185.986,-432.641,20) (-185.986,-404.863,20) (-214.014,-367.359,20) (-214.014,-339.581,20) (-185.986,-377.086,20) (-185.986,-349.308,20) (-214.014,-311.803,20) (-214.014,-284.026,20) (-200,-302.778,20)
  f[1][1] pts=2 (-200,-497.222,20) (-200,-302.778,20)
joint 1 type=12 v0=0 v1=2 f0_0=2 f1_0=4 name=ss_e_ip_1 orient=1 div=7 shift=0.5
  jv[0] pts=5 (-510.918,-213.17,-20) (-539.082,-186.83,-20) (-539.082,-186.83,20) (-510.918,-213.17,20) (-510.918,-213.17,-20)
  jv[1] pts=5 (-260.918,-213.17,-20) (-289.082,-186.83,-20) (-289.082,-186.83,20) (-260.918,-213.17,20) (-260.918,-213.17,-20)
  jv[2] pts=5 (-510.918,-213.17,-20) (-539.082,-186.83,-20) (-539.082,-186.83,20) (-510.918,-213.17,20) (-510.918,-213.17,-20)
  jv[3] pts=5 (-260.918,-213.17,-20) (-289.082,-186.83,-20) (-289.082,-186.83,20) (-260.918,-213.17,20) (-260.918,-213.17,-20)
  m[0][0] pts=16 (-302.778,-200,-20) (-288.695,-213.17,-20) (-316.473,-213.17,-20) (-344.638,-186.83,-20) (-372.416,-186.83,-20) (-344.251,-213.17,-20) (-372.029,-213.17,-20) (-400.193,-186.83,-20) (-427.971,-186.83,-20) (-399.807,-213.17,-20) (-427.584,-213.17,-20) (-455.749,-186.83,-20) (-483.527,-186.83,-20) (-455.362,-213.17,-20) (-483.14,-213.17,-20) (-497.222,-200,-20)
  m[0][1] pts=2 (-302.778,-200,-20) (-497.222,-200,-20)
  f[0][0] pts=16 (-302.778,-200,-20) (-288.695,-213.17,-20) (-316.473,-213.17,-20) (-344.638,-186.83,-20) (-372.416,-186.83,-20) (-344.251,-213.17,-20) (-372.029,-213.17,-20) (-400.193,-186.83,-20) (-427.971,-186.83,-20) (-399.807,-213.17,-20) (-427.584,-213.17,-20) (-455.749,-186.83,-20) (-483.527,-186.83,-20) (-455.362,-213.17,-20) (-483.14,-213.17,-20) (-497.222,-200,-20)
  f[0][1] pts=2 (-302.778,-200,-20) (-497.222,-200,-20)
  m[1][0] pts=16 (-302.778,-200,20) (-288.695,-213.17,20) (-316.473,-213.17,20) (-344.638,-186.83,20) (-372.416,-186.83,20) (-344.251,-213.17,20) (-372.029,-213.17,20) (-400.193,-186.83,20) (-427.971,-186.83,20) (-399.807,-213.17,20) (-427.584,-213.17,20) (-455.749,-186.83,20) (-483.527,-186.83,20) (-455.362,-213.17,20) (-483.14,-213.17,20) (-497.222,-200,20)
  m[1][1] pts=2 (-302.778,-200,20) (-497.222,-200,20)
  f[1][0] pts=16 (-302.778,-200,20) (-288.695,-213.17,20) (-316.473,-213.17,20) (-344.638,-186.83,20) (-372.416,-186.83,20) (-344.251,-213.17,20) (-372.029,-213.17,20) (-400.193,-186.83,20) (-427.971,-186.83,20) (-399.807,-213.17,20) (-427.584,-213.17,20) (-455.749,-186.83,20) (-483.527,-186.83,20) (-455.362,-213.17,20) (-483.14,-213.17,20) (-497.222,-200,20)
  f[1][1] pts=2 (-302.778,-200,20) (-497.222,-200,20)
joint 2 type=12 v0=0 v1=3 f0_0=3 f1_0=5 name=ss_e_ip_1 orient=1 div=7 shift=0.5
  jv[0] pts=5 (-212.696,-263.127,-20) (-187.304,-286.873,-20) (-187.304,-286.873,20) (-212.696,-263.127,20) (-212.696,-263.127,-20)
  jv[1] pts=5 (-212.696,-513.127,-20) (-187.304,-536.873,-20) (-187.304,-536.873,20) (-212.696,-513.127,20) (-212.696,-513.127,-20)
  jv[2] pts=5 (-212.696,-263.127,-20) (-187.304,-286.873,-20) (-187.304,-286.873,20) (-212.696,-263.127,20) (-212.696,-263.127,-20)
  jv[3] pts=5 (-212.696,-513.127,-20) (-187.304,-536.873,-20) (-187.304,-536.873,20) (-212.696,-513.127,20) (-212.696,-513.127,-20)
  m[0][0] pts=16 (-200,-497.222,-20) (-212.696,-485.349,-20) (-212.696,-457.571,-20) (-187.304,-481.318,-20) (-187.304,-453.54,-20) (-212.696,-429.793,-20) (-212.696,-402.016,-20) (-187.304,-425.762,-20) (-187.304,-397.984,-20) (-212.696,-374.238,-20) (-212.696,-346.46,-20) (-187.304,-370.207,-20) (-187.304,-342.429,-20) (-212.696,-318.682,-20) (-212.696,-290.904,-20) (-200,-302.778,-20)
  m[0][1] pts=2 (-200,-497.222,-20) (-200,-302.778,-20)
  f[0][0] pts=16 (-200,-497.222,-20) (-212.696,-485.349,-20) (-212.696,-457.571,-20) (-187.304,-481.318,-20) (-187.304,-453.54,-20) (-212.696,-429.793,-20) (-212.696,-402.016,-20) (-187.304,-425.762,-20) (-187.304,-397.984,-20) (-212.696,-374.238,-20) (-212.696,-346.46,-20) (-187.304,-370.207,-20) (-187.304,-342.429,-20) (-212.696,-318.682,-20) (-212.696,-290.904,-20) (-200,-302.778,-20)
  f[0][1] pts=2 (-200,-497.222,-20) (-200,-302.778,-20)
  m[1][0] pts=16 (-200,-497.222,20) (-212.696,-485.349,20) (-212.696,-457.571,20) (-187.304,-481.318,20) (-187.304,-453.54,20) (-212.696,-429.793,20) (-212.696,-402.016,20) (-187.304,-425.762,20) (-187.304,-397.984,20) (-212.696,-374.238,20) (-212.696,-346.46,20) (-187.304,-370.207,20) (-187.304,-342.429,20) (-212.696,-318.682,20) (-212.696,-290.904,20) (-200,-302.778,20)
  m[1][1] pts=2 (-200,-497.222,20) (-200,-302.778,20)
  f[1][0] pts=16 (-200,-497.222,20) (-212.696,-485.349,20) (-212.696,-457.571,20) (-187.304,-481.318,20) (-187.304,-453.54,20) (-212.696,-429.793,20) (-212.696,-402.016,20) (-187.304,-425.762,20) (-187.304,-397.984,20) (-212.696,-374.238,20) (-212.696,-346.46,20) (-187.304,-370.207,20) (-187.304,-342.429,20) (-212.696,-318.682,20) (-212.696,-290.904,20) (-200,-302.778,20)
  f[1][1] pts=2 (-200,-497.222,20) (-200,-302.778,20)
joint 3 type=12 v0=1 v1=3 f0_0=2 f1_0=4 name=ss_e_ip_1 orient=1 div=7 shift=0.5
  jv[0] pts=5 (-122.835,-210.217,-20) (-127.165,-189.783,-20) (-127.165,-189.783,20) (-122.835,-210.217,20) (-122.835,-210.217,-20)
  jv[1] pts=5 (127.165,-210.217,-20) (122.835,-189.783,-20) (122.835,-189.783,20) (127.165,-210.217,20) (127.165,-210.217,-20)
  jv[2] pts=5 (-122.835,-210.217,-20) (-127.165,-189.783,-20) (-127.165,-189.783,20) (-122.835,-210.217,20) (-122.835,-210.217,-20)
  jv[3] pts=5 (127.165,-210.217,-20) (122.835,-189.783,-20) (122.835,-189.783,20) (127.165,-210.217,20) (127.165,-210.217,-20)
  m[0][0] pts=16 (97.2222,-200,-20) (99.3867,-210.217,-20) (71.609,-210.217,-20) (67.2799,-189.783,-20) (39.5021,-189.783,-20) (43.8312,-210.217,-20) (16.0534,-210.217,-20) (11.7244,-189.783,-20) (-16.0534,-189.783,-20) (-11.7244,-210.217,-20) (-39.5021,-210.217,-20) (-43.8312,-189.783,-20) (-71.609,-189.783,-20) (-67.2799,-210.217,-20) (-95.0577,-210.217,-20) (-97.2222,-200,-20)
  m[0][1] pts=2 (97.2222,-200,-20) (-97.2222,-200,-20)
  f[0][0] pts=16 (97.2222,-200,-20) (99.3867,-210.217,-20) (71.609,-210.217,-20) (67.2799,-189.783,-20) (39.5021,-189.783,-20) (43.8312,-210.217,-20) (16.0534,-210.217,-20) (11.7244,-189.783,-20) (-16.0534,-189.783,-20) (-11.7244,-210.217,-20) (-39.5021,-210.217,-20) (-43.8312,-189.783,-20) (-71.609,-189.783,-20) (-67.2799,-210.217,-20) (-95.0577,-210.217,-20) (-97.2222,-200,-20)
  f[0][1] pts=2 (97.2222,-200,-20) (-97.2222,-200,-20)
  m[1][0] pts=16 (97.2222,-200,20) (99.3867,-210.217,20) (71.609,-210.217,20) (67.2799,-189.783,20) (39.5021,-189.783,20) (43.8312,-210.217,20) (16.0534,-210.217,20) (11.7244,-189.783,20) (-16.0534,-189.783,20) (-11.7244,-210.217,20) (-39.5021,-210.217,20) (-43.8312,-189.783,20) (-71.609,-189.783,20) (-67.2799,-210.217,20) (-95.0577,-210.217,20) (-97.2222,-200,20)
  m[1][1] pts=2 (97.2222,-200,20) (-97.2222,-200,20)
  f[1][0] pts=16 (97.2222,-200,20) (99.3867,-210.217,20) (71.609,-210.217,20) (67.2799,-189.783,20) (39.5021,-189.783,20) (43.8312,-210.217,20) (16.0534,-210.217,20) (11.7244,-189.783,20) (-16.0534,-189.783,20) (-11.7244,-210.217,20) (-39.5021,-210.217,20) (-43.8312,-189.783,20) (-71.609,-189.783,20) (-67.2799,-210.217,20) (-95.0577,-210.217,20) (-97.2222,-200,20)
  f[1][1] pts=2 (97.2222,-200,20) (-97.2222,-200,20)
joint 4 type=12 v0=1 v1=6 f0_0=3 f1_0=5 name=ss_e_ip_1 orient=1 div=7 shift=0.5
  jv[0] pts=5 (185.986,-256.248,-20) (214.014,-293.752,-20) (214.014,-293.752,20) (185.986,-256.248,20) (185.986,-256.248,-20)
  jv[1] pts=5 (185.986,-506.248,-20) (214.014,-543.752,-20) (214.014,-543.752,20) (185.986,-506.248,20) (185.986,-506.248,-20)
  jv[2] pts=5 (185.986,-256.248,-20) (214.014,-293.752,-20) (214.014,-293.752,20) (185.986,-256.248,20) (185.986,-256.248,-20)
  jv[3] pts=5 (185.986,-506.248,-20) (214.014,-543.752,-20) (214.014,-543.752,20) (185.986,-506.248,20) (185.986,-506.248,-20)
  m[0][0] pts=16 (200,-497.222,-20) (185.986,-478.47,-20) (185.986,-450.692,-20) (214.014,-488.197,-20) (214.014,-460.419,-20) (185.986,-422.914,-20) (185.986,-395.137,-20) (214.014,-432.641,-20) (214.014,-404.863,-20) (185.986,-367.359,-20) (185.986,-339.581,-20) (214.014,-377.086,-20) (214.014,-349.308,-20) (185.986,-311.803,-20) (185.986,-284.026,-20) (200,-302.778,-20)
  m[0][1] pts=2 (200,-497.222,-20) (200,-302.778,-20)
  f[0][0] pts=16 (200,-497.222,-20) (185.986,-478.47,-20) (185.986,-450.692,-20) (214.014,-488.197,-20) (214.014,-460.419,-20) (185.986,-422.914,-20) (185.986,-395.137,-20) (214.014,-432.641,-20) (214.014,-404.863,-20) (185.986,-367.359,-20) (185.986,-339.581,-20) (214.014,-377.086,-20) (214.014,-349.308,-20) (185.986,-311.803,-20) (185.986,-284.026,-20) (200,-302.778,-20)
  f[0][1] pts=2 (200,-497.222,-20) (200,-302.778,-20)
  m[1][0] pts=16 (200,-497.222,20) (185.986,-478.47,20) (185.986,-450.692,20) (214.014,-488.197,20) (214.014,-460.419,20) (185.986,-422.914,20) (185.986,-395.137,20) (214.014,-432.641,20) (214.014,-404.863,20) (185.986,-367.359,20) (185.986,-339.581,20) (214.014,-377.086,20) (214.014,-349.308,20) (185.986,-311.803,20) (185.986,-284.026,20) (200,-302.778,20)
  m[1][1] pts=2 (200,-497.222,20) (200,-302.778,20)
  f[1][0] pts=16 (200,-497.222,20) (185.986,-478.47,20) (185.986,-450.692,20) (214.014,-488.197,20) (214.014,-460.419,20) (185.986,-422.914,20) (185.986,-395.137,20) (214.014,-432.641,20) (214.014,-404.863,20) (185.986,-367.359,20) (185.986,-339.581,20) (214.014,-377.086,20) (214.014,-349.308,20) (185.986,-311.803,20) (185.986,-284.026,20) (200,-302.778,20)
  f[1][1] pts=2 (200,-497.222,20) (200,-302.778,20)
joint 5 type=12 v0=1 v1=7 f0_0=3 f1_0=5 name=ss_e_ip_1 orient=1 div=7 shift=0.5
  jv[0] pts=5 (182.073,-190.377,-20) (217.927,-359.623,-20) (217.927,-359.623,20) (182.073,-190.377,20) (182.073,-190.377,-20)
  jv[1] pts=5 (182.073,-440.377,-20) (217.927,-609.623,-20) (217.927,-609.623,20) (182.073,-440.377,20) (182.073,-440.377,-20)
  jv[2] pts=5 (182.073,-190.377,-20) (217.927,-359.623,-20) (217.927,-359.623,20) (182.073,-190.377,20) (182.073,-190.377,-20)
  jv[3] pts=5 (182.073,-440.377,-20) (217.927,-609.623,-20) (217.927,-609.623,20) (182.073,-440.377,20) (182.073,-440.377,-20)
  m[0][0] pts=16 (200,-497.222,-20) (182.073,-412.6,-20) (182.073,-384.822,-20) (217.927,-554.067,-20) (217.927,-526.289,-20) (182.073,-357.044,-20) (182.073,-329.266,-20) (217.927,-498.511,-20) (217.927,-470.734,-20) (182.073,-301.489,-20) (182.073,-273.711,-20) (217.927,-442.956,-20) (217.927,-415.178,-20) (182.073,-245.933,-20) (182.073,-218.155,-20) (200,-302.778,-20)
  m[0][1] pts=2 (200,-497.222,-20) (200,-302.778,-20)
  f[0][0] pts=16 (200,-497.222,-20) (182.073,-412.6,-20) (182.073,-384.822,-20) (217.927,-554.067,-20) (217.927,-526.289,-20) (182.073,-357.044,-20) (182.073,-329.266,-20) (217.927,-498.511,-20) (217.927,-470.734,-20) (182.073,-301.489,-20) (182.073,-273.711,-20) (217.927,-442.956,-20) (217.927,-415.178,-20) (182.073,-245.933,-20) (182.073,-218.155,-20) (200,-302.778,-20)
  f[0][1] pts=2 (200,-497.222,-20) (200,-302.778,-20)
  m[1][0] pts=16 (200,-497.222,20) (182.073,-412.6,20) (182.073,-384.822,20) (217.927,-554.067,20) (217.927,-526.289,20) (182.073,-357.044,20) (182.073,-329.266,20) (217.927,-498.511,20) (217.927,-470.734,20) (182.073,-301.489,20) (182.073,-273.711,20) (217.927,-442.956,20) (217.927,-415.178,20) (182.073,-245.933,20) (182.073,-218.155,20) (200,-302.778,20)
  m[1][1] pts=2 (200,-497.222,20) (200,-302.778,20)
  f[1][0] pts=16 (200,-497.222,20) (182.073,-412.6,20) (182.073,-384.822,20) (217.927,-554.067,20) (217.927,-526.289,20) (182.073,-357.044,20) (182.073,-329.266,20) (217.927,-498.511,20) (217.927,-470.734,20) (182.073,-301.489,20) (182.073,-273.711,20) (217.927,-442.956,20) (217.927,-415.178,20) (182.073,-245.933,20) (182.073,-218.155,20) (200,-302.778,20)
  f[1][1] pts=2 (200,-497.222,20) (200,-302.778,20)
joint 6 type=12 v0=2 v1=3 f0_0=3 f1_0=5 name=ss_e_ip_1 orient=1 div=7 shift=0.5
  jv[0] pts=5 (-212.696,136.873,-20) (-187.304,113.127,-20) (-187.304,113.127,20) (-212.696,136.873,20) (-212.696,136.873,-20)
  jv[1] pts=5 (-212.696,-113.127,-20) (-187.304,-136.873,-20) (-187.304,-136.873,20) (-212.696,-113.127,20) (-212.696,-113.127,-20)
  jv[2] pts=5 (-212.696,136.873,-20) (-187.304,113.127,-20) (-187.304,113.127,20) (-212.696,136.873,20) (-212.696,136.873,-20)
  jv[3] pts=5 (-212.696,-113.127,-20) (-187.304,-136.873,-20) (-187.304,-136.873,20) (-212.696,-113.127,20) (-212.696,-113.127,-20)
  m[0][0] pts=16 (-200,-97.2222,-20) (-212.696,-85.3489,-20) (-212.696,-57.5712,-20) (-187.304,-81.3177,-20) (-187.304,-53.54,-20) (-212.696,-29.7934,-20) (-212.696,-2.0156,-20) (-187.304,-25.7622,-20) (-187.304,2.0156,-20) (-212.696,25.7622,-20) (-212.696,53.54,-20) (-187.304,29.7934,-20) (-187.304,57.5712,-20) (-212.696,81.3177,-20) (-212.696,109.096,-20) (-200,97.2222,-20)
  m[0][1] pts=2 (-200,-97.2222,-20) (-200,97.2222,-20)
  f[0][0] pts=16 (-200,-97.2222,-20) (-212.696,-85.3489,-20) (-212.696,-57.5712,-20) (-187.304,-81.3177,-20) (-187.304,-53.54,-20) (-212.696,-29.7934,-20) (-212.696,-2.0156,-20) (-187.304,-25.7622,-20) (-187.304,2.0156,-20) (-212.696,25.7622,-20) (-212.696,53.54,-20) (-187.304,29.7934,-20) (-187.304,57.5712,-20) (-212.696,81.3177,-20) (-212.696,109.096,-20) (-200,97.2222,-20)
  f[0][1] pts=2 (-200,-97.2222,-20) (-200,97.2222,-20)
  m[1][0] pts=16 (-200,-97.2222,20) (-212.696,-85.3489,20) (-212.696,-57.5712,20) (-187.304,-81.3177,20) (-187.304,-53.54,20) (-212.696,-29.7934,20) (-212.696,-2.0156,20) (-187.304,-25.7622,20) (-187.304,2.0156,20) (-212.696,25.7622,20) (-212.696,53.54,20) (-187.304,29.7934,20) (-187.304,57.5712,20) (-212.696,81.3177,20) (-212.696,109.096,20) (-200,97.2222,20)
  m[1][1] pts=2 (-200,-97.2222,20) (-200,97.2222,20)
  f[1][0] pts=16 (-200,-97.2222,20) (-212.696,-85.3489,20) (-212.696,-57.5712,20) (-187.304,-81.3177,20) (-187.304,-53.54,20) (-212.696,-29.7934,20) (-212.696,-2.0156,20) (-187.304,-25.7622,20) (-187.304,2.0156,20) (-212.696,25.7622,20) (-212.696,53.54,20) (-187.304,29.7934,20) (-187.304,57.5712,20) (-212.696,81.3177,20) (-212.696,109.096,20) (-200,97.2222,20)
  f[1][1] pts=2 (-200,-97.2222,20) (-200,97.2222,20)
joint 7 type=12 v0=2 v1=4 f0_0=2 f1_0=4 name=ss_e_ip_1 orient=1 div=7 shift=0.5
  jv[0] pts=5 (-525,190,-20) (-525,210,-20) (-525,210,20) (-525,190,20) (-525,190,-20)
  jv[1] pts=5 (-275,190,-20) (-275,210,-20) (-275,210,20) (-275,190,20) (-275,190,-20)
  jv[2] pts=5 (-525,190,-20) (-525,210,-20) (-525,210,20) (-525,190,20) (-525,190,-20)
  jv[3] pts=5 (-275,190,-20) (-275,210,-20) (-275,210,20) (-275,190,20) (-275,190,-20)
  m[0][0] pts=16 (-302.778,200,-20) (-302.778,190,-20) (-330.556,190,-20) (-330.556,210,-20) (-358.333,210,-20) (-358.333,190,-20) (-386.111,190,-20) (-386.111,210,-20) (-413.889,210,-20) (-413.889,190,-20) (-441.667,190,-20) (-441.667,210,-20) (-469.444,210,-20) (-469.444,190,-20) (-497.222,190,-20) (-497.222,200,-20)
  m[0][1] pts=2 (-302.778,200,-20) (-497.222,200,-20)
  f[0][0] pts=16 (-302.778,200,-20) (-302.778,190,-20) (-330.556,190,-20) (-330.556,210,-20) (-358.333,210,-20) (-358.333,190,-20) (-386.111,190,-20) (-386.111,210,-20) (-413.889,210,-20) (-413.889,190,-20) (-441.667,190,-20) (-441.667,210,-20) (-469.444,210,-20) (-469.444,190,-20) (-497.222,190,-20) (-497.222,200,-20)
  f[0][1] pts=2 (-302.778,200,-20) (-497.222,200,-20)
  m[1][0] pts=16 (-302.778,200,20) (-302.778,190,20) (-330.556,190,20) (-330.556,210,20) (-358.333,210,20) (-358.333,190,20) (-386.111,190,20) (-386.111,210,20) (-413.889,210,20) (-413.889,190,20) (-441.667,190,20) (-441.667,210,20) (-469.444,210,20) (-469.444,190,20) (-497.222,190,20) (-497.222,200,20)
  m[1][1] pts=2 (-302.778,200,20) (-497.222,200,20)
  f[1][0] pts=16 (-302.778,200,20) (-302.778,190,20) (-330.556,190,20) (-330.556,210,20) (-358.333,210,20) (-358.333,190,20) (-386.111,190,20) (-386.111,210,20) (-413.889,210,20) (-413.889,190,20) (-441.667,190,20) (-441.667,210,20) (-469.444,210,20) (-469.444,190,20) (-497.222,190,20) (-497.222,200,20)
  f[1][1] pts=2 (-302.778,200,20) (-497.222,200,20)
joint 8 type=12 v0=2 v1=5 f0_0=3 f1_0=5 name=ss_e_ip_1 orient=1 div=7 shift=0.5
  jv[0] pts=5 (-210,125,-20) (-190,125,-20) (-190,125,20) (-210,125,20) (-210,125,-20)
  jv[1] pts=5 (-210,-125,-20) (-190,-125,-20) (-190,-125,20) (-210,-125,20) (-210,-125,-20)
  jv[2] pts=5 (-210,125,-20) (-190,125,-20) (-190,125,20) (-210,125,20) (-210,125,-20)
  jv[3] pts=5 (-210,-125,-20) (-190,-125,-20) (-190,-125,20) (-210,-125,20) (-210,-125,-20)
  m[0][0] pts=16 (-200,-97.2222,-20) (-210,-97.2222,-20) (-210,-69.4444,-20) (-190,-69.4444,-20) (-190,-41.6667,-20) (-210,-41.6667,-20) (-210,-13.8889,-20) (-190,-13.8889,-20) (-190,13.8889,-20) (-210,13.8889,-20) (-210,41.6667,-20) (-190,41.6667,-20) (-190,69.4444,-20) (-210,69.4444,-20) (-210,97.2222,-20) (-200,97.2222,-20)
  m[0][1] pts=2 (-200,-97.2222,-20) (-200,97.2222,-20)
  f[0][0] pts=16 (-200,-97.2222,-20) (-210,-97.2222,-20) (-210,-69.4444,-20) (-190,-69.4444,-20) (-190,-41.6667,-20) (-210,-41.6667,-20) (-210,-13.8889,-20) (-190,-13.8889,-20) (-190,13.8889,-20) (-210,13.8889,-20) (-210,41.6667,-20) (-190,41.6667,-20) (-190,69.4444,-20) (-210,69.4444,-20) (-210,97.2222,-20) (-200,97.2222,-20)
  f[0][1] pts=2 (-200,-97.2222,-20) (-200,97.2222,-20)
  m[1][0] pts=16 (-200,-97.2222,20) (-210,-97.2222,20) (-210,-69.4444,20) (-190,-69.4444,20) (-190,-41.6667,20) (-210,-41.6667,20) (-210,-13.8889,20) (-190,-13.8889,20) (-190,13.8889,20) (-210,13.8889,20) (-210,41.6667,20) (-190,41.6667,20) (-190,69.4444,20) (-210,69.4444,20) (-210,97.2222,20) (-200,97.2222,20)
  m[1][1] pts=2 (-200,-97.2222,20) (-200,97.2222,20)
  f[1][0] pts=16 (-200,-97.2222,20) (-210,-97.2222,20) (-210,-69.4444,20) (-190,-69.4444,20) (-190,-41.6667,20) (-210,-41.6667,20) (-210,-13.8889,20) (-190,-13.8889,20) (-190,13.8889,20) (-210,13.8889,20) (-210,41.6667,20) (-190,41.6667,20) (-190,69.4444,20) (-210,69.4444,20) (-210,97.2222,20) (-200,97.2222,20)
  f[1][1] pts=2 (-200,-97.2222,20) (-200,97.2222,20)
joint 9 type=12 v0=3 v1=5 f0_0=2 f1_0=4 name=ss_e_ip_1 orient=1 div=7 shift=0.5
  jv[0] pts=5 (-125,190,-20) (-125,210,-20) (-125,210,20) (-125,190,20) (-125,190,-20)
  jv[1] pts=5 (125,190,-20) (125,210,-20) (125,210,20) (125,190,20) (125,190,-20)
  jv[2] pts=5 (-125,190,-20) (-125,210,-20) (-125,210,20) (-125,190,20) (-125,190,-20)
  jv[3] pts=5 (125,190,-20) (125,210,-20) (125,210,20) (125,190,20) (125,190,-20)
  m[0][0] pts=16 (97.2222,200,-20) (97.2222,190,-20) (69.4444,190,-20) (69.4444,210,-20) (41.6667,210,-20) (41.6667,190,-20) (13.8889,190,-20) (13.8889,210,-20) (-13.8889,210,-20) (-13.8889,190,-20) (-41.6667,190,-20) (-41.6667,210,-20) (-69.4444,210,-20) (-69.4444,190,-20) (-97.2222,190,-20) (-97.2222,200,-20)
  m[0][1] pts=2 (97.2222,200,-20) (-97.2222,200,-20)
  f[0][0] pts=16 (97.2222,200,-20) (97.2222,190,-20) (69.4444,190,-20) (69.4444,210,-20) (41.6667,210,-20) (41.6667,190,-20) (13.8889,190,-20) (13.8889,210,-20) (-13.8889,210,-20) (-13.8889,190,-20) (-41.6667,190,-20) (-41.6667,210,-20) (-69.4444,210,-20) (-69.4444,190,-20) (-97.2222,190,-20) (-97.2222,200,-20)
  f[0][1] pts=2 (97.2222,200,-20) (-97.2222,200,-20)
  m[1][0] pts=16 (97.2222,200,20) (97.2222,190,20) (69.4444,190,20) (69.4444,210,20) (41.6667,210,20) (41.6667,190,20) (13.8889,190,20) (13.8889,210,20) (-13.8889,210,20) (-13.8889,190,20) (-41.6667,190,20) (-41.6667,210,20) (-69.4444,210,20) (-69.4444,190,20) (-97.2222,190,20) (-97.2222,200,20)
  m[1][1] pts=2 (97.2222,200,20) (-97.2222,200,20)
  f[1][0] pts=16 (97.2222,200,20) (97.2222,190,20) (69.4444,190,20) (69.4444,210,20) (41.6667,210,20) (41.6667,190,20) (13.8889,190,20) (13.8889,210,20) (-13.8889,210,20) (-13.8889,190,20) (-41.6667,190,20) (-41.6667,210,20) (-69.4444,210,20) (-69.4444,190,20) (-97.2222,190,20) (-97.2222,200,20)
  f[1][1] pts=2 (97.2222,200,20) (-97.2222,200,20)
joint 10 type=12 v0=3 v1=6 f0_0=4 f1_0=2 name=ss_e_ip_1 orient=1 div=7 shift=0.5
  jv[0] pts=5 (122.835,-189.783,-20) (127.165,-210.217,-20) (127.165,-210.217,20) (122.835,-189.783,20) (122.835,-189.783,-20)
  jv[1] pts=5 (-127.165,-189.783,-20) (-122.835,-210.217,-20) (-122.835,-210.217,20) (-127.165,-189.783,20) (-127.165,-189.783,-20)
  jv[2] pts=5 (122.835,-189.783,-20) (127.165,-210.217,-20) (127.165,-210.217,20) (122.835,-189.783,20) (122.835,-189.783,-20)
  jv[3] pts=5 (-127.165,-189.783,-20) (-122.835,-210.217,-20) (-122.835,-210.217,20) (-127.165,-189.783,20) (-127.165,-189.783,-20)
  m[0][0] pts=16 (-97.2222,-200,-20) (-99.3867,-189.783,-20) (-71.609,-189.783,-20) (-67.2799,-210.217,-20) (-39.5021,-210.217,-20) (-43.8312,-189.783,-20) (-16.0534,-189.783,-20) (-11.7244,-210.217,-20) (16.0534,-210.217,-20) (11.7244,-189.783,-20) (39.5021,-189.783,-20) (43.8312,-210.217,-20) (71.609,-210.217,-20) (67.2799,-189.783,-20) (95.0577,-189.783,-20) (97.2222,-200,-20)
  m[0][1] pts=2 (-97.2222,-200,-20) (97.2222,-200,-20)
  f[0][0] pts=16 (-97.2222,-200,-20) (-99.3867,-189.783,-20) (-71.609,-189.783,-20) (-67.2799,-210.217,-20) (-39.5021,-210.217,-20) (-43.8312,-189.783,-20) (-16.0534,-189.783,-20) (-11.7244,-210.217,-20) (16.0534,-210.217,-20) (11.7244,-189.783,-20) (39.5021,-189.783,-20) (43.8312,-210.217,-20) (71.609,-210.217,-20) (67.2799,-189.783,-20) (95.0577,-189.783,-20) (97.2222,-200,-20)
  f[0][1] pts=2 (-97.2222,-200,-20) (97.2222,-200,-20)
  m[1][0] pts=16 (-97.2222,-200,20) (-99.3867,-189.783,20) (-71.609,-189.783,20) (-67.2799,-210.217,20) (-39.5021,-210.217,20) (-43.8312,-189.783,20) (-16.0534,-189.783,20) (-11.7244,-210.217,20) (16.0534,-210.217,20) (11.7244,-189.783,20) (39.5021,-189.783,20) (43.8312,-210.217,20) (71.609,-210.217,20) (67.2799,-189.783,20) (95.0577,-189.783,20) (97.2222,-200,20)
  m[1][1] pts=2 (-97.2222,-200,20) (97.2222,-200,20)
  f[1][0] pts=16 (-97.2222,-200,20) (-99.3867,-189.783,20) (-71.609,-189.783,20) (-67.2799,-210.217,20) (-39.5021,-210.217,20) (-43.8312,-189.783,20) (-16.0534,-189.783,20) (-11.7244,-210.217,20) (16.0534,-210.217,20) (11.7244,-189.783,20) (39.5021,-189.783,20) (43.8312,-210.217,20) (71.609,-210.217,20) (67.2799,-189.783,20) (95.0577,-189.783,20) (97.2222,-200,20)
  f[1][1] pts=2 (-97.2222,-200,20) (97.2222,-200,20)
joint 11 type=12 v0=3 v1=7 f0_0=3 f1_0=5 name=ss_e_ip_1 orient=1 div=7 shift=0.5
  jv[0] pts=5 (182.073,209.623,-20) (217.927,40.3774,-20) (217.927,40.3774,20) (182.073,209.623,20) (182.073,209.623,-20)
  jv[1] pts=5 (182.073,-40.3774,-20) (217.927,-209.623,-20) (217.927,-209.623,20) (182.073,-40.3774,20) (182.073,-40.3774,-20)
  jv[2] pts=5 (182.073,209.623,-20) (217.927,40.3774,-20) (217.927,40.3774,20) (182.073,209.623,20) (182.073,209.623,-20)
  jv[3] pts=5 (182.073,-40.3774,-20) (217.927,-209.623,-20) (217.927,-209.623,20) (182.073,-40.3774,20) (182.073,-40.3774,-20)
  m[0][0] pts=16 (200,-97.2222,-20) (182.073,-12.5996,-20) (182.073,15.1781,-20) (217.927,-154.067,-20) (217.927,-126.289,-20) (182.073,42.9559,-20) (182.073,70.7337,-20) (217.927,-98.5115,-20) (217.927,-70.7337,-20) (182.073,98.5115,-20) (182.073,126.289,-20) (217.927,-42.9559,-20) (217.927,-15.1781,-20) (182.073,154.067,-20) (182.073,181.845,-20) (200,97.2222,-20)
  m[0][1] pts=2 (200,-97.2222,-20) (200,97.2222,-20)
  f[0][0] pts=16 (200,-97.2222,-20) (182.073,-12.5996,-20) (182.073,15.1781,-20) (217.927,-154.067,-20) (217.927,-126.289,-20) (182.073,42.9559,-20) (182.073,70.7337,-20) (217.927,-98.5115,-20) (217.927,-70.7337,-20) (182.073,98.5115,-20) (182.073,126.289,-20) (217.927,-42.9559,-20) (217.927,-15.1781,-20) (182.073,154.067,-20) (182.073,181.845,-20) (200,97.2222,-20)
  f[0][1] pts=2 (200,-97.2222,-20) (200,97.2222,-20)
  m[1][0] pts=16 (200,-97.2222,20) (182.073,-12.5996,20) (182.073,15.1781,20) (217.927,-154.067,20) (217.927,-126.289,20) (182.073,42.9559,20) (182.073,70.7337,20) (217.927,-98.5115,20) (217.927,-70.7337,20) (182.073,98.5115,20) (182.073,126.289,20) (217.927,-42.9559,20) (217.927,-15.1781,20) (182.073,154.067,20) (182.073,181.845,20) (200,97.2222,20)
  m[1][1] pts=2 (200,-97.2222,20) (200,97.2222,20)
  f[1][0] pts=16 (200,-97.2222,20) (182.073,-12.5996,20) (182.073,15.1781,20) (217.927,-154.067,20) (217.927,-126.289,20) (182.073,42.9559,20) (182.073,70.7337,20) (217.927,-98.5115,20) (217.927,-70.7337,20) (182.073,98.5115,20) (182.073,126.289,20) (217.927,-42.9559,20) (217.927,-15.1781,20) (182.073,154.067,20) (182.073,181.845,20) (200,97.2222,20)
  f[1][1] pts=2 (200,-97.2222,20) (200,97.2222,20)
joint 12 type=12 v0=3 v1=8 f0_0=3 f1_0=5 name=ss_e_ip_1 orient=1 div=7 shift=0.5
  jv[0] pts=5 (190,125,-20) (210,125,-20) (210,125,20) (190,125,20) (190,125,-20)
  jv[1] pts=5 (190,-125,-20) (210,-125,-20) (210,-125,20) (190,-125,20) (190,-125,-20)
  jv[2] pts=5 (190,125,-20) (210,125,-20) (210,125,20) (190,125,20) (190,125,-20)
  jv[3] pts=5 (190,-125,-20) (210,-125,-20) (210,-125,20) (190,-125,20) (190,-125,-20)
  m[0][0] pts=16 (200,-97.2222,-20) (190,-97.2222,-20) (190,-69.4444,-20) (210,-69.4444,-20) (210,-41.6667,-20) (190,-41.6667,-20) (190,-13.8889,-20) (210,-13.8889,-20) (210,13.8889,-20) (190,13.8889,-20) (190,41.6667,-20) (210,41.6667,-20) (210,69.4444,-20) (190,69.4444,-20) (190,97.2222,-20) (200,97.2222,-20)
  m[0][1] pts=2 (200,-97.2222,-20) (200,97.2222,-20)
  f[0][0] pts=16 (200,-97.2222,-20) (190,-97.2222,-20) (190,-69.4444,-20) (210,-69.4444,-20) (210,-41.6667,-20) (190,-41.6667,-20) (190,-13.8889,-20) (210,-13.8889,-20) (210,13.8889,-20) (190,13.8889,-20) (190,41.6667,-20) (210,41.6667,-20) (210,69.4444,-20) (190,69.4444,-20) (190,97.2222,-20) (200,97.2222,-20)
  f[0][1] pts=2 (200,-97.2222,-20) (200,97.2222,-20)
  m[1][0] pts=16 (200,-97.2222,20) (190,-97.2222,20) (190,-69.4444,20) (210,-69.4444,20) (210,-41.6667,20) (190,-41.6667,20) (190,-13.8889,20) (210,-13.8889,20) (210,13.8889,20) (190,13.8889,20) (190,41.6667,20) (210,41.6667,20) (210,69.4444,20) (190,69.4444,20) (190,97.2222,20) (200,97.2222,20)
  m[1][1] pts=2 (200,-97.2222,20) (200,97.2222,20)
  f[1][0] pts=16 (200,-97.2222,20) (190,-97.2222,20) (190,-69.4444,20) (210,-69.4444,20) (210,-41.6667,20) (190,-41.6667,20) (190,-13.8889,20) (210,-13.8889,20) (210,13.8889,20) (190,13.8889,20) (190,41.6667,20) (210,41.6667,20) (210,69.4444,20) (190,69.4444,20) (190,97.2222,20) (200,97.2222,20)
  f[1][1] pts=2 (200,-97.2222,20) (200,97.2222,20)
joint 13 type=12 v0=4 v1=5 f0_0=3 f1_0=5 name=ss_e_ip_1 orient=1 div=7 shift=0.5
  jv[0] pts=5 (-210,525,-20) (-190,525,-20) (-190,525,20) (-210,525,20) (-210,525,-20)
  jv[1] pts=5 (-210,275,-20) (-190,275,-20) (-190,275,20) (-210,275,20) (-210,275,-20)
  jv[2] pts=5 (-210,525,-20) (-190,525,-20) (-190,525,20) (-210,525,20) (-210,525,-20)
  jv[3] pts=5 (-210,275,-20) (-190,275,-20) (-190,275,20) (-210,275,20) (-210,275,-20)
  m[0][0] pts=16 (-200,302.778,-20) (-210,302.778,-20) (-210,330.556,-20) (-190,330.556,-20) (-190,358.333,-20) (-210,358.333,-20) (-210,386.111,-20) (-190,386.111,-20) (-190,413.889,-20) (-210,413.889,-20) (-210,441.667,-20) (-190,441.667,-20) (-190,469.444,-20) (-210,469.444,-20) (-210,497.222,-20) (-200,497.222,-20)
  m[0][1] pts=2 (-200,302.778,-20) (-200,497.222,-20)
  f[0][0] pts=16 (-200,302.778,-20) (-210,302.778,-20) (-210,330.556,-20) (-190,330.556,-20) (-190,358.333,-20) (-210,358.333,-20) (-210,386.111,-20) (-190,386.111,-20) (-190,413.889,-20) (-210,413.889,-20) (-210,441.667,-20) (-190,441.667,-20) (-190,469.444,-20) (-210,469.444,-20) (-210,497.222,-20) (-200,497.222,-20)
  f[0][1] pts=2 (-200,302.778,-20) (-200,497.222,-20)
  m[1][0] pts=16 (-200,302.778,20) (-210,302.778,20) (-210,330.556,20) (-190,330.556,20) (-190,358.333,20) (-210,358.333,20) (-210,386.111,20) (-190,386.111,20) (-190,413.889,20) (-210,413.889,20) (-210,441.667,20) (-190,441.667,20) (-190,469.444,20) (-210,469.444,20) (-210,497.222,20) (-200,497.222,20)
  m[1][1] pts=2 (-200,302.778,20) (-200,497.222,20)
  f[1][0] pts=16 (-200,302.778,20) (-210,302.778,20) (-210,330.556,20) (-190,330.556,20) (-190,358.333,20) (-210,358.333,20) (-210,386.111,20) (-190,386.111,20) (-190,413.889,20) (-210,413.889,20) (-210,441.667,20) (-190,441.667,20) (-190,469.444,20) (-210,469.444,20) (-210,497.222,20) (-200,497.222,20)
  f[1][1] pts=2 (-200,302.778,20) (-200,497.222,20)
joint 14 type=12 v0=5 v1=7 f0_0=4 f1_0=2 name=ss_e_ip_1 orient=1 div=7 shift=0.5
  jv[0] pts=5 (125,210,-20) (125,190,-20) (125,190,20) (125,210,20) (125,210,-20)
  jv[1] pts=5 (-125,210,-20) (-125,190,-20) (-125,190,20) (-125,210,20) (-125,210,-20)
  jv[2] pts=5 (125,210,-20) (125,190,-20) (125,190,20) (125,210,20) (125,210,-20)
  jv[3] pts=5 (-125,210,-20) (-125,190,-20) (-125,190,20) (-125,210,20) (-125,210,-20)
  m[0][0] pts=16 (-97.2222,200,-20) (-97.2222,210,-20) (-69.4444,210,-20) (-69.4444,190,-20) (-41.6667,190,-20) (-41.6667,210,-20) (-13.8889,210,-20) (-13.8889,190,-20) (13.8889,190,-20) (13.8889,210,-20) (41.6667,210,-20) (41.6667,190,-20) (69.4444,190,-20) (69.4444,210,-20) (97.2222,210,-20) (97.2222,200,-20)
  m[0][1] pts=2 (-97.2222,200,-20) (97.2222,200,-20)
  f[0][0] pts=16 (-97.2222,200,-20) (-97.2222,210,-20) (-69.4444,210,-20) (-69.4444,190,-20) (-41.6667,190,-20) (-41.6667,210,-20) (-13.8889,210,-20) (-13.8889,190,-20) (13.8889,190,-20) (13.8889,210,-20) (41.6667,210,-20) (41.6667,190,-20) (69.4444,190,-20) (69.4444,210,-20) (97.2222,210,-20) (97.2222,200,-20)
  f[0][1] pts=2 (-97.2222,200,-20) (97.2222,200,-20)
  m[1][0] pts=16 (-97.2222,200,20) (-97.2222,210,20) (-69.4444,210,20) (-69.4444,190,20) (-41.6667,190,20) (-41.6667,210,20) (-13.8889,210,20) (-13.8889,190,20) (13.8889,190,20) (13.8889,210,20) (41.6667,210,20) (41.6667,190,20) (69.4444,190,20) (69.4444,210,20) (97.2222,210,20) (97.2222,200,20)
  m[1][1] pts=2 (-97.2222,200,20) (97.2222,200,20)
  f[1][0] pts=16 (-97.2222,200,20) (-97.2222,210,20) (-69.4444,210,20) (-69.4444,190,20) (-41.6667,190,20) (-41.6667,210,20) (-13.8889,210,20) (-13.8889,190,20) (13.8889,190,20) (13.8889,210,20) (41.6667,210,20) (41.6667,190,20) (69.4444,190,20) (69.4444,210,20) (97.2222,210,20) (97.2222,200,20)
  f[1][1] pts=2 (-97.2222,200,20) (97.2222,200,20)
joint 15 type=12 v0=5 v1=8 f0_0=3 f1_0=5 name=ss_e_ip_1 orient=1 div=7 shift=0.5
  jv[0] pts=5 (190,525,-20) (210,525,-20) (210,525,20) (190,525,20) (190,525,-20)
  jv[1] pts=5 (190,275,-20) (210,275,-20) (210,275,20) (190,275,20) (190,275,-20)
  jv[2] pts=5 (190,525,-20) (210,525,-20) (210,525,20) (190,525,20) (190,525,-20)
  jv[3] pts=5 (190,275,-20) (210,275,-20) (210,275,20) (190,275,20) (190,275,-20)
  m[0][0] pts=16 (200,302.778,-20) (190,302.778,-20) (190,330.556,-20) (210,330.556,-20) (210,358.333,-20) (190,358.333,-20) (190,386.111,-20) (210,386.111,-20) (210,413.889,-20) (190,413.889,-20) (190,441.667,-20) (210,441.667,-20) (210,469.444,-20) (190,469.444,-20) (190,497.222,-20) (200,497.222,-20)
  m[0][1] pts=2 (200,302.778,-20) (200,497.222,-20)
  f[0][0] pts=16 (200,302.778,-20) (190,302.778,-20) (190,330.556,-20) (210,330.556,-20) (210,358.333,-20) (190,358.333,-20) (190,386.111,-20) (210,386.111,-20) (210,413.889,-20) (190,413.889,-20) (190,441.667,-20) (210,441.667,-20) (210,469.444,-20) (190,469.444,-20) (190,497.222,-20) (200,497.222,-20)
  f[0][1] pts=2 (200,302.778,-20) (200,497.222,-20)
  m[1][0] pts=16 (200,302.778,20) (190,302.778,20) (190,330.556,20) (210,330.556,20) (210,358.333,20) (190,358.333,20) (190,386.111,20) (210,386.111,20) (210,413.889,20) (190,413.889,20) (190,441.667,20) (210,441.667,20) (210,469.444,20) (190,469.444,20) (190,497.222,20) (200,497.222,20)
  m[1][1] pts=2 (200,302.778,20) (200,497.222,20)
  f[1][0] pts=16 (200,302.778,20) (190,302.778,20) (190,330.556,20) (210,330.556,20) (210,358.333,20) (190,358.333,20) (190,386.111,20) (210,386.111,20) (210,413.889,20) (190,413.889,20) (190,441.667,20) (210,441.667,20) (210,469.444,20) (190,469.444,20) (190,497.222,20) (200,497.222,20)
  f[1][1] pts=2 (200,302.778,20) (200,497.222,20)
joint 16 type=12 v0=6 v1=7 f0_0=2 f1_0=4 name=ss_e_ip_1 orient=1 div=7 shift=0.5
  jv[0] pts=5 (268.739,-211.26,-20) (281.261,-188.74,-20) (281.261,-188.74,20) (268.739,-211.26,20) (268.739,-211.26,-20)
  jv[1] pts=5 (518.739,-211.26,-20) (531.261,-188.74,-20) (531.261,-188.74,20) (518.739,-211.26,20) (518.739,-211.26,-20)
  jv[2] pts=5 (268.739,-211.26,-20) (281.261,-188.74,-20) (281.261,-188.74,20) (268.739,-211.26,20) (268.739,-211.26,-20)
  jv[3] pts=5 (518.739,-211.26,-20) (531.261,-188.74,-20) (531.261,-188.74,20) (518.739,-211.26,20) (518.739,-211.26,-20)
  m[0][0] pts=16 (497.222,-200,-20) (490.961,-211.26,-20) (463.183,-211.26,-20) (475.706,-188.74,-20) (447.928,-188.74,-20) (435.406,-211.26,-20) (407.628,-211.26,-20) (420.15,-188.74,-20) (392.372,-188.74,-20) (379.85,-211.26,-20) (352.072,-211.26,-20) (364.594,-188.74,-20) (336.817,-188.74,-20) (324.294,-211.26,-20) (296.517,-211.26,-20) (302.778,-200,-20)
  m[0][1] pts=2 (497.222,-200,-20) (302.778,-200,-20)
  f[0][0] pts=16 (497.222,-200,-20) (490.961,-211.26,-20) (463.183,-211.26,-20) (475.706,-188.74,-20) (447.928,-188.74,-20) (435.406,-211.26,-20) (407.628,-211.26,-20) (420.15,-188.74,-20) (392.372,-188.74,-20) (379.85,-211.26,-20) (352.072,-211.26,-20) (364.594,-188.74,-20) (336.817,-188.74,-20) (324.294,-211.26,-20) (296.517,-211.26,-20) (302.778,-200,-20)
  f[0][1] pts=2 (497.222,-200,-20) (302.778,-200,-20)
  m[1][0] pts=16 (497.222,-200,20) (490.961,-211.26,20) (463.183,-211.26,20) (475.706,-188.74,20) (447.928,-188.74,20) (435.406,-211.26,20) (407.628,-211.26,20) (420.15,-188.74,20) (392.372,-188.74,20) (379.85,-211.26,20) (352.072,-211.26,20) (364.594,-188.74,20) (336.817,-188.74,20) (324.294,-211.26,20) (296.517,-211.26,20) (302.778,-200,20)
  m[1][1] pts=2 (497.222,-200,20) (302.778,-200,20)
  f[1][0] pts=16 (497.222,-200,20) (490.961,-211.26,20) (463.183,-211.26,20) (475.706,-188.74,20) (447.928,-188.74,20) (435.406,-211.26,20) (407.628,-211.26,20) (420.15,-188.74,20) (392.372,-188.74,20) (379.85,-211.26,20) (352.072,-211.26,20) (364.594,-188.74,20) (336.817,-188.74,20) (324.294,-211.26,20) (296.517,-211.26,20) (302.778,-200,20)
  f[1][1] pts=2 (497.222,-200,20) (302.778,-200,20)
joint 17 type=12 v0=7 v1=8 f0_0=2 f1_0=4 name=ss_e_ip_1 orient=1 div=7 shift=0.5
  jv[0] pts=5 (275,190,-20) (275,210,-20) (275,210,20) (275,190,20) (275,190,-20)
  jv[1] pts=5 (525,190,-20) (525,210,-20) (525,210,20) (525,190,20) (525,190,-20)
  jv[2] pts=5 (275,190,-20) (275,210,-20) (275,210,20) (275,190,20) (275,190,-20)
  jv[3] pts=5 (525,190,-20) (525,210,-20) (525,210,20) (525,190,20) (525,190,-20)
  m[0][0] pts=16 (497.222,200,-20) (497.222,190,-20) (469.444,190,-20) (469.444,210,-20) (441.667,210,-20) (441.667,190,-20) (413.889,190,-20) (413.889,210,-20) (386.111,210,-20) (386.111,190,-20) (358.333,190,-20) (358.333,210,-20) (330.556,210,-20) (330.556,190,-20) (302.778,190,-20) (302.778,200,-20)
  m[0][1] pts=2 (497.222,200,-20) (302.778,200,-20)
  f[0][0] pts=16 (497.222,200,-20) (497.222,190,-20) (469.444,190,-20) (469.444,210,-20) (441.667,210,-20) (441.667,190,-20) (413.889,190,-20) (413.889,210,-20) (386.111,210,-20) (386.111,190,-20) (358.333,190,-20) (358.333,210,-20) (330.556,210,-20) (330.556,190,-20) (302.778,190,-20) (302.778,200,-20)
  f[0][1] pts=2 (497.222,200,-20) (302.778,200,-20)
  m[1][0] pts=16 (497.222,200,20) (497.222,190,20) (469.444,190,20) (469.444,210,20) (441.667,210,20) (441.667,190,20) (413.889,190,20) (413.889,210,20) (386.111,210,20) (386.111,190,20) (358.333,190,20) (358.333,210,20) (330.556,210,20) (330.556,190,20) (302.778,190,20) (302.778,200,20)
  m[1][1] pts=2 (497.222,200,20) (302.778,200,20)
  f[1][0] pts=16 (497.222,200,20) (497.222,190,20) (469.444,190,20) (469.444,210,20) (441.667,210,20) (441.667,190,20) (413.889,190,20) (413.889,210,20) (386.111,210,20) (386.111,190,20) (358.333,190,20) (358.333,210,20) (330.556,210,20) (330.556,190,20) (302.778,190,20) (302.778,200,20)
  f[1][1] pts=2 (497.222,200,20) (302.778,200,20)
