# session joints after joint_create_geometry + orient
# count=23
joint 0 type=11 v0=1 v1=0 f0_0=3 f1_0=3 orient=1 div=1 shift=0.64
  jv[0] pts=5 (-146.649,-300.959,25.5865) (-152.457,-304.447,25.9138) (-146.649,-307.935,26.2412) (-140.841,-304.447,25.9138) (-146.649,-300.959,25.5865)
  jv[1] pts=5 (-146.649,-280.349,245.221) (-152.457,-283.837,245.548) (-146.649,-287.325,245.876) (-140.841,-283.837,245.548) (-146.649,-280.349,245.221)
  m[0][0] pts=10 (-146.649,-280.349,245.221) (-152.457,-283.837,245.548) (-152.457,-290.707,172.337) (-145.197,-286.347,171.928) (-140.841,-284.589,162.531) (-140.841,-289.742,107.622) (-145.197,-293.217,98.7162) (-152.457,-297.577,99.1253) (-152.457,-304.447,25.9138) (-146.649,-300.959,25.5865)
  m[0][1] pts=2 (-146.649,-280.349,245.221) (-146.649,-300.959,25.5865)
  f[0][0] pts=4 (-146.649,-287.325,245.876) (-158.265,-280.349,245.221) (-158.265,-300.959,25.5865) (-146.649,-307.935,26.2412)
  f[0][1] pts=2 (-146.649,-287.325,245.876) (-146.649,-287.325,245.876)
  f[0][2] pts=5 (-152.457,-290.707,172.337) (-146.649,-294.195,172.664) (-146.649,-301.065,99.4526) (-152.457,-297.577,99.1253) (-152.457,-290.707,172.337)
  f[0][3] pts=5 (-152.457,-290.707,172.337) (-146.649,-294.195,172.664) (-146.649,-301.065,99.4526) (-152.457,-297.577,99.1253) (-152.457,-290.707,172.337)
  m[1][0] pts=10 (-146.649,-287.325,245.876) (-146.707,-287.36,245.879) (-146.649,-294.195,172.664) (-139.389,-289.835,172.255) (-135.033,-288.078,162.858) (-135.033,-293.23,107.949) (-139.389,-296.705,99.0435) (-146.649,-301.065,99.4526) (-146.707,-307.97,26.2444) (-146.649,-307.935,26.2412)
  m[1][1] pts=2 (-146.649,-287.325,245.876) (-146.649,-307.935,26.2412)
  f[1][0] pts=4 (-146.649,-280.349,245.221) (-152.457,-276.861,244.894) (-152.457,-297.47,25.2592) (-146.649,-300.959,25.5865)
  f[1][1] pts=2 (-146.649,-280.349,245.221) (-146.649,-280.349,245.221)
  f[1][2] pts=5 (-146.649,-287.219,172.009) (-140.841,-290.707,172.337) (-140.841,-297.577,99.1253) (-146.649,-294.089,98.798) (-146.649,-287.219,172.009)
  f[1][3] pts=5 (-146.649,-287.219,172.009) (-140.841,-290.707,172.337) (-140.841,-297.577,99.1253) (-146.649,-294.089,98.798) (-146.649,-287.219,172.009)
joint 1 type=11 v0=2 v1=0 f0_0=5 f1_0=5 orient=1 div=1 shift=0.64
  jv[0] pts=5 (-130.833,-296.375,251.553) (-126.509,-291.996,251.142) (-132.616,-288.328,250.798) (-136.941,-292.707,251.209) (-130.833,-296.375,251.553)
  jv[1] pts=5 (-14.0325,-387.87,30.6657) (-9.70828,-383.49,30.2547) (-15.816,-379.822,29.9105) (-20.1402,-384.202,30.3214) (-14.0325,-387.87,30.6657)
  m[0][0] pts=10 (-14.0325,-387.87,30.6657) (-9.70828,-383.49,30.2547) (-48.6418,-352.992,103.884) (-54.047,-358.467,104.398) (-62.1568,-357.939,113.909) (-91.3569,-335.065,169.131) (-92.9805,-327.968,178.027) (-87.5752,-322.494,177.513) (-126.509,-291.996,251.142) (-130.833,-296.375,251.553)
  m[0][1] pts=2 (-14.0325,-387.87,30.6657) (-130.833,-296.375,251.553)
  f[0][0] pts=4 (-15.816,-379.822,29.9105) (-3.60053,-387.159,30.5989) (-120.401,-295.664,251.486) (-132.616,-288.328,250.798)
  f[0][1] pts=2 (-15.816,-379.822,29.9105) (-15.816,-379.822,29.9105)
  f[0][2] pts=5 (-48.6418,-352.992,103.884) (-54.7495,-349.324,103.54) (-93.683,-318.826,177.169) (-87.5752,-322.494,177.513) (-48.6418,-352.992,103.884)
  f[0][3] pts=5 (-48.6418,-352.992,103.884) (-54.7495,-349.324,103.54) (-93.683,-318.826,177.169) (-87.5752,-322.494,177.513) (-48.6418,-352.992,103.884)
  m[1][0] pts=10 (-15.816,-379.822,29.9105) (-15.7728,-379.778,29.9064) (-54.7495,-349.324,103.54) (-60.1547,-354.798,104.053) (-68.2645,-354.271,113.565) (-97.4646,-331.397,168.787) (-99.0882,-324.3,177.682) (-93.683,-318.826,177.169) (-132.573,-288.284,250.794) (-132.616,-288.328,250.798)
  m[1][1] pts=2 (-15.816,-379.822,29.9105) (-132.616,-288.328,250.798)
  f[1][0] pts=4 (-14.0325,-387.87,30.6657) (-7.92471,-391.538,31.0099) (-124.725,-300.044,251.897) (-130.833,-296.375,251.553)
  f[1][1] pts=2 (-14.0325,-387.87,30.6657) (-14.0325,-387.87,30.6657)
  f[1][2] pts=5 (-52.9659,-357.372,104.295) (-59.0737,-353.703,103.951) (-98.0072,-323.205,177.58) (-91.8994,-326.874,177.924) (-52.9659,-357.372,104.295)
  f[1][3] pts=5 (-52.9659,-357.372,104.295) (-59.0737,-353.703,103.951) (-98.0072,-323.205,177.58) (-91.8994,-326.874,177.924) (-52.9659,-357.372,104.295)
joint 2 type=11 v0=3 v1=1 f0_0=7 f1_0=7 orient=1 div=1 shift=0.64
  jv[0] pts=5 (-278.794,-387.501,31.5575) (-284.602,-384.283,28.3404) (-279.737,-381.589,25.6457) (-273.929,-384.806,28.8628) (-278.794,-387.501,31.5575)
  jv[1] pts=5 (-161.102,-295.307,254.131) (-166.91,-292.09,250.914) (-162.045,-289.396,248.22) (-156.237,-292.613,251.437) (-161.102,-295.307,254.131)
  m[0][0] pts=10 (-161.102,-295.307,254.131) (-166.91,-292.09,250.914) (-206.14,-322.821,176.723) (-198.88,-326.843,180.744) (-199.428,-333.097,173.883) (-228.851,-356.145,118.24) (-238.111,-357.574,106.553) (-245.371,-353.552,102.532) (-284.602,-384.283,28.3404) (-278.794,-387.501,31.5575)
  m[0][1] pts=2 (-161.102,-295.307,254.131) (-278.794,-387.501,31.5575)
  f[0][0] pts=4 (-162.045,-289.396,248.22) (-171.774,-294.785,253.609) (-289.467,-386.978,31.0351) (-279.737,-381.589,25.6457)
  f[0][1] pts=2 (-162.045,-289.396,248.22) (-162.045,-289.396,248.22)
  f[0][2] pts=5 (-206.14,-322.821,176.723) (-201.275,-320.127,174.028) (-240.506,-350.858,99.837) (-245.371,-353.552,102.532) (-206.14,-322.821,176.723)
  f[0][3] pts=5 (-206.14,-322.821,176.723) (-201.275,-320.127,174.028) (-240.506,-350.858,99.837) (-245.371,-353.552,102.532) (-206.14,-322.821,176.723)
  m[1][0] pts=10 (-162.045,-289.396,248.22) (-162.103,-289.363,248.187) (-201.275,-320.127,174.028) (-194.015,-324.148,178.05) (-194.563,-330.402,171.189) (-223.986,-353.45,115.545) (-233.246,-354.879,103.858) (-240.506,-350.858,99.837) (-279.795,-381.557,25.6135) (-279.737,-381.589,25.6457)
  m[1][1] pts=2 (-162.045,-289.396,248.22) (-279.737,-381.589,25.6457)
  f[1][0] pts=4 (-161.102,-295.307,254.131) (-165.966,-298.002,256.826) (-283.659,-390.195,34.2521) (-278.794,-387.501,31.5575)
  f[1][1] pts=2 (-161.102,-295.307,254.131) (-161.102,-295.307,254.131)
  f[1][2] pts=5 (-200.332,-326.038,179.94) (-195.467,-323.344,177.245) (-234.698,-354.075,103.054) (-239.563,-356.769,105.749) (-200.332,-326.038,179.94)
  f[1][3] pts=5 (-200.332,-326.038,179.94) (-195.467,-323.344,177.245) (-234.698,-354.075,103.054) (-239.563,-356.769,105.749) (-200.332,-326.038,179.94)
joint 3 type=11 v0=4 v1=2 f0_0=7 f1_0=7 orient=1 div=1 shift=0.64
  jv[0] pts=5 (-135.537,-259.478,293.662) (-136.59,-250.69,292.837) (-127.913,-241.902,292.012) (-126.86,-250.69,292.837) (-135.537,-259.478,293.662)
  jv[1] pts=5 (-18.7364,-38.5904,385.156) (-19.7891,-29.8025,384.332) (-11.1121,-21.0146,383.507) (-10.0594,-29.8025,384.332) (-18.7364,-38.5904,385.156)
  m[0][0] pts=10 (-18.7364,-38.5904,385.156) (-19.7891,-29.8025,384.332) (-58.7226,-103.432,353.833) (-57.4067,-114.417,354.864) (-61.4839,-130.211,351.67) (-90.684,-185.433,328.797) (-96.3402,-188.046,324.366) (-97.6561,-177.061,323.335) (-136.59,-250.69,292.837) (-135.537,-259.478,293.662)
  m[0][1] pts=2 (-18.7364,-38.5904,385.156) (-135.537,-259.478,293.662)
  f[0][0] pts=4 (-11.1121,-21.0146,383.507) (-28.4661,-38.5904,385.156) (-145.267,-259.478,293.662) (-127.913,-241.902,292.012)
  f[0][1] pts=2 (-11.1121,-21.0146,383.507) (-11.1121,-21.0146,383.507)
  f[0][2] pts=5 (-58.7226,-103.432,353.833) (-50.0455,-94.6437,353.009) (-88.979,-168.273,322.511) (-97.6561,-177.061,323.335) (-58.7226,-103.432,353.833)
  f[0][3] pts=5 (-58.7226,-103.432,353.833) (-50.0455,-94.6437,353.009) (-88.979,-168.273,322.511) (-97.6561,-177.061,323.335) (-58.7226,-103.432,353.833)
  m[1][0] pts=10 (-11.1121,-21.0146,383.507) (-11.1226,-20.9267,383.499) (-50.0455,-94.6437,353.009) (-48.7297,-105.629,354.04) (-52.8068,-121.423,350.846) (-82.0069,-176.645,327.972) (-87.6632,-179.258,323.541) (-88.979,-168.273,322.511) (-127.923,-241.814,292.004) (-127.913,-241.902,292.012)
  m[1][1] pts=2 (-11.1121,-21.0146,383.507) (-127.913,-241.902,292.012)
  f[1][0] pts=4 (-18.7364,-38.5904,385.156) (-27.4134,-47.3783,385.981) (-144.214,-268.266,294.486) (-135.537,-259.478,293.662)
  f[1][1] pts=2 (-18.7364,-38.5904,385.156) (-18.7364,-38.5904,385.156)
  f[1][2] pts=5 (-57.6699,-112.22,354.658) (-48.9928,-103.432,353.833) (-87.9263,-177.061,323.335) (-96.6034,-185.849,324.16) (-57.6699,-112.22,354.658)
  f[1][3] pts=5 (-57.6699,-112.22,354.658) (-48.9928,-103.432,353.833) (-87.9263,-177.061,323.335) (-96.6034,-185.849,324.16) (-57.6699,-112.22,354.658)
joint 4 type=11 v0=13 v1=2 f0_0=3 f1_0=3 orient=1 div=2 shift=0.64
  jv[0] pts=5 (-4.24549e-06,-22.9255,369.286) (4.86487,-25.6201,371.981) (-4.24549e-06,-28.3148,374.675) (-4.86488,-25.6201,371.981) (-4.24549e-06,-22.9255,369.286)
  jv[1] pts=5 (-4.2455e-06,-368.801,23.411) (4.86487,-371.495,26.1057) (-4.24549e-06,-374.19,28.8004) (-4.86488,-371.495,26.1057) (-4.2455e-06,-368.801,23.411)
  m[0][0] pts=10 (-4.2455e-06,-368.801,23.411) (4.86487,-371.495,26.1057) (4.86487,-256.204,141.397) (-1.21622,-252.835,138.029) (-4.86488,-236.403,150.42) (-4.86488,-149.934,236.888) (-1.21622,-137.543,253.321) (4.86487,-140.912,256.689) (4.86487,-25.6201,371.981) (-4.24549e-06,-22.9255,369.286)
  m[0][1] pts=2 (-4.2455e-06,-368.801,23.411) (-4.24549e-06,-22.9255,369.286)
  f[0][0] pts=4 (-4.24549e-06,-374.19,28.8004) (9.72974,-368.801,23.411) (9.72974,-22.9255,369.286) (-4.24549e-06,-28.3148,374.675)
  f[0][1] pts=2 (-4.24549e-06,-374.19,28.8004) (-4.24549e-06,-374.19,28.8004)
  f[0][2] pts=5 (4.86487,-256.204,141.397) (-4.24549e-06,-258.898,144.092) (-4.24549e-06,-143.607,259.384) (4.86487,-140.912,256.689) (4.86487,-256.204,141.397)
  f[0][3] pts=5 (4.86487,-256.204,141.397) (-4.24549e-06,-258.898,144.092) (-4.24549e-06,-143.607,259.384) (4.86487,-140.912,256.689) (4.86487,-256.204,141.397)
  m[1][0] pts=10 (-4.24549e-06,-374.19,28.8004) (0.0486445,-374.217,28.8273) (-4.24549e-06,-258.898,144.092) (-6.08109,-255.53,140.724) (-9.72975,-239.097,153.114) (-9.72975,-152.629,239.583) (-6.08109,-140.238,256.015) (-4.24549e-06,-143.607,259.384) (0.0486445,-28.3418,374.702) (-4.24549e-06,-28.3148,374.675)
  m[1][1] pts=2 (-4.24549e-06,-374.19,28.8004) (-4.24549e-06,-28.3148,374.675)
  f[1][0] pts=4 (-4.2455e-06,-368.801,23.411) (4.86487,-366.106,20.7164) (4.86487,-20.2308,366.591) (-4.24549e-06,-22.9255,369.286)
  f[1][1] pts=2 (-4.2455e-06,-368.801,23.411) (-4.2455e-06,-368.801,23.411)
  f[1][2] pts=5 (-4.24549e-06,-253.509,138.703) (-4.86488,-256.204,141.397) (-4.86488,-140.912,256.689) (-4.24549e-06,-138.217,253.994) (-4.24549e-06,-253.509,138.703)
  f[1][3] pts=5 (-4.24549e-06,-253.509,138.703) (-4.86488,-256.204,141.397) (-4.86488,-140.912,256.689) (-4.24549e-06,-138.217,253.994) (-4.24549e-06,-253.509,138.703)
joint 5 type=11 v0=5 v1=3 f0_0=5 f1_0=5 orient=1 div=1 shift=0.64
  jv[0] pts=5 (-278.374,-31.381,388.142) (-274.343,-28.224,384.985) (-280.043,-25.067,381.828) (-284.073,-28.224,384.985) (-278.374,-31.381,388.142)
  jv[1] pts=5 (-160.738,-253.847,295.994) (-156.708,-250.69,292.837) (-162.408,-247.533,289.68) (-166.438,-250.69,292.837) (-160.738,-253.847,295.994)
  m[0][0] pts=10 (-160.738,-253.847,295.994) (-156.708,-250.69,292.837) (-195.92,-176.535,323.553) (-200.958,-180.481,327.499) (-208.882,-173.579,333.707) (-238.291,-117.963,356.744) (-240.169,-106.326,358.216) (-235.132,-102.379,354.269) (-274.343,-28.224,384.985) (-278.374,-31.381,388.142)
  m[0][1] pts=2 (-160.738,-253.847,295.994) (-278.374,-31.381,388.142)
  f[0][0] pts=4 (-162.408,-247.533,289.68) (-151.009,-253.847,295.994) (-268.644,-31.381,388.142) (-280.043,-25.067,381.828)
  f[0][1] pts=2 (-162.408,-247.533,289.68) (-162.408,-247.533,289.68)
  f[0][2] pts=5 (-195.92,-176.535,323.553) (-201.62,-173.378,320.396) (-240.831,-99.2223,351.112) (-235.132,-102.379,354.269) (-195.92,-176.535,323.553)
  f[0][3] pts=5 (-195.92,-176.535,323.553) (-201.62,-173.378,320.396) (-240.831,-99.2223,351.112) (-235.132,-102.379,354.269) (-195.92,-176.535,323.553)
  m[1][0] pts=10 (-162.408,-247.533,289.68) (-162.368,-247.501,289.648) (-201.62,-173.378,320.396) (-206.657,-177.324,324.342) (-214.581,-170.422,330.55) (-243.99,-114.806,353.587) (-245.869,-103.169,355.059) (-240.831,-99.2223,351.112) (-280.003,-25.0354,381.797) (-280.043,-25.067,381.828)
  m[1][1] pts=2 (-162.408,-247.533,289.68) (-280.043,-25.067,381.828)
  f[1][0] pts=4 (-160.738,-253.847,295.994) (-155.039,-257.004,299.151) (-272.674,-34.538,391.3) (-278.374,-31.381,388.142)
  f[1][1] pts=2 (-160.738,-253.847,295.994) (-160.738,-253.847,295.994)
  f[1][2] pts=5 (-199.95,-179.692,326.71) (-205.65,-176.535,323.553) (-244.861,-102.379,354.269) (-239.162,-105.536,357.426) (-199.95,-179.692,326.71)
  f[1][3] pts=5 (-199.95,-179.692,326.71) (-205.65,-176.535,323.553) (-244.861,-102.379,354.269) (-239.162,-105.536,357.426) (-199.95,-179.692,326.71)
joint 6 type=11 v0=5 v1=4 f0_0=3 f1_0=3 orient=1 div=2 shift=0.64
  jv[0] pts=5 (-146.649,-204.302,277.335) (-151.514,-244.914,281.146) (-146.649,-285.526,284.957) (-141.784,-244.914,281.146) (-146.649,-204.302,277.335)
  jv[1] pts=5 (-146.649,285.526,277.335) (-151.514,244.914,281.146) (-146.649,204.302,284.957) (-141.784,244.914,281.146) (-146.649,285.526,277.335)
  m[0][0] pts=10 (-146.649,285.526,277.335) (-151.514,244.914,281.146) (-151.514,81.638,281.146) (-145.433,132.403,276.383) (-141.784,142.452,273.525) (-141.784,19.9949,273.525) (-145.433,-30.8733,276.383) (-151.514,-81.638,281.146) (-151.514,-244.914,281.146) (-146.649,-204.302,277.335)
  m[0][1] pts=2 (-146.649,285.526,277.335) (-146.649,-204.302,277.335)
  f[0][0] pts=4 (-146.649,204.302,284.957) (-156.379,285.526,277.335) (-156.379,-204.302,277.335) (-146.649,-285.526,284.957)
  f[0][1] pts=2 (-146.649,204.302,284.957) (-146.649,204.302,284.957)
  f[0][2] pts=5 (-151.514,81.638,281.146) (-146.649,41.0263,284.957) (-146.649,-122.25,284.957) (-151.514,-81.638,281.146) (-151.514,81.638,281.146)
  f[0][3] pts=5 (-151.514,81.638,281.146) (-146.649,41.0263,284.957) (-146.649,-122.25,284.957) (-151.514,-81.638,281.146) (-151.514,81.638,281.146)
  m[1][0] pts=10 (-146.649,204.302,284.957) (-146.698,203.896,284.995) (-146.649,41.0263,284.957) (-140.568,91.7909,280.194) (-136.919,101.84,277.335) (-136.919,-20.6168,277.335) (-140.568,-71.4851,280.194) (-146.649,-122.25,284.957) (-146.698,-285.932,284.995) (-146.649,-285.526,284.957)
  m[1][1] pts=2 (-146.649,204.302,284.957) (-146.649,-285.526,284.957)
  f[1][0] pts=4 (-146.649,285.526,277.335) (-151.514,326.137,273.525) (-151.514,-163.691,273.525) (-146.649,-204.302,277.335)
  f[1][1] pts=2 (-146.649,285.526,277.335) (-146.649,285.526,277.335)
  f[1][2] pts=5 (-146.649,122.25,277.335) (-141.784,81.638,281.146) (-141.784,-81.638,281.146) (-146.649,-41.0263,277.335) (-146.649,122.25,277.335)
  f[1][3] pts=5 (-146.649,122.25,277.335) (-141.784,81.638,281.146) (-141.784,-81.638,281.146) (-146.649,-41.0263,277.335) (-146.649,122.25,277.335)
joint 7 type=11 v0=6 v1=4 f0_0=5 f1_0=5 orient=1 div=1 shift=0.64
  jv[0] pts=5 (-131.725,252.268,296.648) (-127.797,252.463,292.103) (-131.725,249.111,289.026) (-135.652,248.917,293.571) (-131.725,252.268,296.648)
  jv[1] pts=5 (-14.9242,31.381,388.142) (-10.9967,31.5752,383.597) (-14.9242,28.224,380.521) (-18.8518,28.0298,385.066) (-14.9242,31.381,388.142)
  m[0][0] pts=10 (-14.9242,31.381,388.142) (-10.9967,31.5752,383.597) (-49.9302,105.204,353.099) (-54.8396,104.962,358.781) (-62.6519,114.02,358.377) (-91.852,169.242,335.503) (-93.7731,178.591,328.282) (-88.8637,178.833,322.601) (-127.797,252.463,292.103) (-131.725,252.268,296.648)
  m[0][1] pts=2 (-14.9242,31.381,388.142) (-131.725,252.268,296.648)
  f[0][0] pts=4 (-14.9242,28.224,380.521) (-7.06917,34.9263,386.674) (-123.87,255.814,295.179) (-131.725,249.111,289.026)
  f[0][1] pts=2 (-14.9242,28.224,380.521) (-14.9242,28.224,380.521)
  f[0][2] pts=5 (-49.9302,105.204,353.099) (-53.8577,101.853,350.023) (-92.7912,175.482,319.524) (-88.8637,178.833,322.601) (-49.9302,105.204,353.099)
  f[0][3] pts=5 (-49.9302,105.204,353.099) (-53.8577,101.853,350.023) (-92.7912,175.482,319.524) (-88.8637,178.833,322.601) (-49.9302,105.204,353.099)
  m[1][0] pts=10 (-14.9242,28.224,380.521) (-14.885,28.2259,380.475) (-53.8577,101.853,350.023) (-58.7671,101.61,355.704) (-66.5795,110.668,355.301) (-95.7796,165.89,332.427) (-97.7006,175.24,325.206) (-92.7912,175.482,319.524) (-131.685,249.113,288.981) (-131.725,249.111,289.026)
  m[1][1] pts=2 (-14.9242,28.224,380.521) (-131.725,249.111,289.026)
  f[1][0] pts=4 (-14.9242,31.381,388.142) (-10.9967,34.7322,391.219) (-127.797,255.62,299.725) (-131.725,252.268,296.648)
  f[1][1] pts=2 (-14.9242,31.381,388.142) (-14.9242,31.381,388.142)
  f[1][2] pts=5 (-53.8577,105.01,357.644) (-57.7852,101.659,354.568) (-96.7187,175.288,324.07) (-92.7912,178.639,327.146) (-53.8577,105.01,357.644)
  f[1][3] pts=5 (-53.8577,105.01,357.644) (-57.7852,101.659,354.568) (-96.7187,175.288,324.07) (-92.7912,178.639,327.146) (-53.8577,105.01,357.644)
joint 8 type=11 v0=7 v1=5 f0_0=7 f1_0=7 orient=1 div=1 shift=0.64
  jv[0] pts=5 (-284.073,20.6023,392.607) (-284.073,28.224,384.985) (-274.343,35.8457,377.364) (-274.343,28.224,384.985) (-284.073,20.6023,392.607)
  jv[1] pts=5 (-166.438,243.068,300.459) (-166.438,250.69,292.837) (-156.708,258.312,285.215) (-156.708,250.69,292.837) (-166.438,243.068,300.459)
  m[0][0] pts=10 (-166.438,243.068,300.459) (-166.438,250.69,292.837) (-205.65,176.535,323.553) (-205.65,167.008,333.08) (-210.551,152.022,342.636) (-239.96,96.4053,365.673) (-244.861,92.8522,363.796) (-244.861,102.379,354.269) (-284.073,28.224,384.985) (-284.073,20.6023,392.607)
  m[0][1] pts=2 (-166.438,243.068,300.459) (-284.073,20.6023,392.607)
  f[0][0] pts=4 (-156.708,258.312,285.215) (-176.168,243.068,300.459) (-293.803,20.6023,392.607) (-274.343,35.8457,377.364)
  f[0][1] pts=2 (-156.708,258.312,285.215) (-156.708,258.312,285.215)
  f[0][2] pts=5 (-205.65,176.535,323.553) (-195.92,184.156,315.931) (-235.132,110.001,346.648) (-244.861,102.379,354.269) (-205.65,176.535,323.553)
  f[0][3] pts=5 (-205.65,176.535,323.553) (-195.92,184.156,315.931) (-235.132,110.001,346.648) (-244.861,102.379,354.269) (-205.65,176.535,323.553)
  m[1][0] pts=10 (-156.708,258.312,285.215) (-156.708,258.388,285.139) (-195.92,184.156,315.931) (-195.92,174.629,325.459) (-200.821,159.644,335.014) (-230.23,104.027,358.052) (-235.132,100.474,356.175) (-235.132,110.001,346.648) (-274.343,35.9219,377.288) (-274.343,35.8457,377.364)
  m[1][1] pts=2 (-156.708,258.312,285.215) (-274.343,35.8457,377.364)
  f[1][0] pts=4 (-166.438,243.068,300.459) (-176.168,235.447,308.08) (-293.803,12.9806,400.229) (-284.073,20.6023,392.607)
  f[1][1] pts=2 (-166.438,243.068,300.459) (-166.438,243.068,300.459)
  f[1][2] pts=5 (-205.65,168.913,331.175) (-195.92,176.535,323.553) (-235.132,102.379,354.269) (-244.861,94.7576,361.891) (-205.65,168.913,331.175)
  f[1][3] pts=5 (-205.65,168.913,331.175) (-195.92,176.535,323.553) (-235.132,102.379,354.269) (-244.861,94.7576,361.891) (-205.65,168.913,331.175)
joint 9 type=11 v0=8 v1=6 f0_0=7 f1_0=7 orient=1 div=1 shift=0.64
  jv[0] pts=5 (-135.97,292.351,261.268) (-137.395,292.351,252.067) (-127.48,292.351,241.084) (-126.055,292.351,250.284) (-135.97,292.351,261.268)
  jv[1] pts=5 (-19.1692,383.846,40.3801) (-20.5941,383.846,31.1799) (-10.6792,383.846,20.1961) (-9.25436,383.846,29.3963) (-19.1692,383.846,40.3801)
  m[0][0] pts=10 (-19.1692,383.846,40.3801) (-20.5941,383.846,31.1799) (-59.5276,353.348,104.809) (-57.7465,353.348,116.309) (-61.5445,349.536,132.413) (-90.7446,326.662,187.635) (-96.68,322.85,189.938) (-98.4611,322.85,178.438) (-137.395,292.351,252.067) (-135.97,292.351,261.268)
  m[0][1] pts=2 (-19.1692,383.846,40.3801) (-135.97,292.351,261.268)
  f[0][0] pts=4 (-10.6792,383.846,20.1961) (-30.509,383.846,42.1637) (-147.309,292.351,263.051) (-127.48,292.351,241.084)
  f[0][1] pts=2 (-10.6792,383.846,20.1961) (-10.6792,383.846,20.1961)
  f[0][2] pts=5 (-59.5276,353.348,104.809) (-49.6127,353.348,93.8252) (-88.5462,322.85,167.454) (-98.4611,322.85,178.438) (-59.5276,353.348,104.809)
  f[0][3] pts=5 (-59.5276,353.348,104.809) (-49.6127,353.348,93.8252) (-88.5462,322.85,167.454) (-98.4611,322.85,178.438) (-59.5276,353.348,104.809)
  m[1][0] pts=10 (-10.6792,383.846,20.1961) (-10.6935,383.846,20.1041) (-49.6127,353.348,93.8252) (-47.8316,353.348,105.325) (-51.6296,349.536,121.429) (-80.8297,326.662,176.651) (-86.7651,322.85,178.955) (-88.5462,322.85,167.454) (-127.494,292.351,240.992) (-127.48,292.351,241.084)
  m[1][1] pts=2 (-10.6792,383.846,20.1961) (-127.48,292.351,241.084)
  f[1][0] pts=4 (-19.1692,383.846,40.3801) (-29.0841,383.846,51.3639) (-145.885,292.351,272.251) (-135.97,292.351,261.268)
  f[1][1] pts=2 (-19.1692,383.846,40.3801) (-19.1692,383.846,40.3801)
  f[1][2] pts=5 (-58.1027,353.348,114.009) (-48.1878,353.348,103.025) (-87.1213,322.85,176.655) (-97.0362,322.85,187.638) (-58.1027,353.348,114.009)
  f[1][3] pts=5 (-58.1027,353.348,114.009) (-48.1878,353.348,103.025) (-87.1213,322.85,176.655) (-97.0362,322.85,187.638) (-58.1027,353.348,114.009)
joint 10 type=11 v0=9 v1=7 f0_0=5 f1_0=5 orient=1 div=1 shift=0.64
  jv[0] pts=5 (-275.02,384.545,38.6936) (-273.595,384.545,29.4934) (-283.51,384.545,18.5096) (-284.935,384.545,27.7098) (-275.02,384.545,38.6936)
  jv[1] pts=5 (-157.328,292.351,261.268) (-155.903,292.351,252.067) (-165.818,292.351,241.084) (-167.243,292.351,250.284) (-157.328,292.351,261.268)
  m[0][0] pts=10 (-157.328,292.351,261.268) (-155.903,292.351,252.067) (-195.134,323.083,177.876) (-196.915,323.083,189.376) (-202.888,326.924,187.003) (-232.311,349.972,131.359) (-236.146,353.814,115.185) (-234.365,353.814,103.685) (-273.595,384.545,29.4934) (-275.02,384.545,38.6936)
  m[0][1] pts=2 (-157.328,292.351,261.268) (-275.02,384.545,38.6936)
  f[0][0] pts=4 (-165.818,292.351,241.084) (-145.988,292.351,263.051) (-263.681,384.545,40.4772) (-283.51,384.545,18.5096)
  f[0][1] pts=2 (-165.818,292.351,241.084) (-165.818,292.351,241.084)
  f[0][2] pts=5 (-195.134,323.083,177.876) (-205.049,323.083,166.892) (-244.28,353.814,92.7009) (-234.365,353.814,103.685) (-195.134,323.083,177.876)
  f[0][3] pts=5 (-195.134,323.083,177.876) (-205.049,323.083,166.892) (-244.28,353.814,92.7009) (-234.365,353.814,103.685) (-195.134,323.083,177.876)
  m[1][0] pts=10 (-165.818,292.351,241.084) (-165.804,292.351,240.992) (-205.049,323.083,166.892) (-206.83,323.083,178.392) (-212.802,326.924,176.019) (-242.226,349.972,120.375) (-246.061,353.814,104.201) (-244.28,353.814,92.7009) (-283.496,384.545,18.4176) (-283.51,384.545,18.5096)
  m[1][1] pts=2 (-165.818,292.351,241.084) (-283.51,384.545,18.5096)
  f[1][0] pts=4 (-157.328,292.351,261.268) (-147.413,292.351,272.251) (-265.106,384.545,49.6774) (-275.02,384.545,38.6936)
  f[1][1] pts=2 (-157.328,292.351,261.268) (-157.328,292.351,261.268)
  f[1][2] pts=5 (-196.559,323.083,187.076) (-206.474,323.083,176.092) (-245.705,353.814,101.901) (-235.79,353.814,112.885) (-196.559,323.083,187.076)
  f[1][3] pts=5 (-196.559,323.083,187.076) (-206.474,323.083,176.092) (-245.705,353.814,101.901) (-235.79,353.814,112.885) (-196.559,323.083,187.076)
joint 11 type=11 v0=9 v1=8 f0_0=3 f1_0=3 orient=1 div=1 shift=0.64
  jv[0] pts=5 (-146.649,279.954,249.432) (-152.457,283.837,245.548) (-146.649,287.721,241.665) (-140.841,283.837,245.548) (-146.649,279.954,249.432)
  jv[1] pts=5 (-146.649,300.564,29.7972) (-152.457,304.447,25.9138) (-146.649,308.33,22.0305) (-140.841,304.447,25.9138) (-146.649,300.564,29.7972)
  m[0][0] pts=10 (-146.649,300.564,29.7972) (-152.457,304.447,25.9138) (-152.457,297.577,99.1253) (-145.197,292.723,103.98) (-140.841,288.952,116.043) (-140.841,283.799,170.952) (-145.197,285.853,177.191) (-152.457,290.707,172.337) (-152.457,283.837,245.548) (-146.649,279.954,249.432)
  m[0][1] pts=2 (-146.649,300.564,29.7972) (-146.649,279.954,249.432)
  f[0][0] pts=4 (-146.649,308.33,22.0305) (-158.265,300.564,29.7972) (-158.265,279.954,249.432) (-146.649,287.721,241.665)
  f[0][1] pts=2 (-146.649,308.33,22.0305) (-146.649,308.33,22.0305)
  f[0][2] pts=5 (-152.457,297.577,99.1253) (-146.649,301.46,95.2419) (-146.649,294.59,168.453) (-152.457,290.707,172.337) (-152.457,297.577,99.1253)
  f[0][3] pts=5 (-152.457,297.577,99.1253) (-146.649,301.46,95.2419) (-146.649,294.59,168.453) (-152.457,290.707,172.337) (-152.457,297.577,99.1253)
  m[1][0] pts=10 (-146.649,308.33,22.0305) (-146.707,308.369,21.9917) (-146.649,301.46,95.2419) (-139.389,296.606,100.096) (-135.033,292.835,112.16) (-135.033,287.682,167.069) (-139.389,289.736,173.308) (-146.649,294.59,168.453) (-146.707,287.759,241.626) (-146.649,287.721,241.665)
  m[1][1] pts=2 (-146.649,308.33,22.0305) (-146.649,287.721,241.665)
  f[1][0] pts=4 (-146.649,300.564,29.7972) (-152.457,296.68,33.6806) (-152.457,276.07,253.315) (-146.649,279.954,249.432)
  f[1][1] pts=2 (-146.649,300.564,29.7972) (-146.649,300.564,29.7972)
  f[1][2] pts=5 (-146.649,293.694,103.009) (-140.841,297.577,99.1253) (-140.841,290.707,172.337) (-146.649,286.824,176.22) (-146.649,293.694,103.009)
  f[1][3] pts=5 (-146.649,293.694,103.009) (-140.841,297.577,99.1253) (-140.841,290.707,172.337) (-146.649,286.824,176.22) (-146.649,293.694,103.009)
joint 12 type=11 v0=11 v1=10 f0_0=3 f1_0=3 orient=1 div=1 shift=0.64
  jv[0] pts=5 (146.649,-301.23,22.6968) (140.841,-304.447,25.9138) (146.649,-307.664,29.1309) (152.457,-304.447,25.9138) (146.649,-301.23,22.6968)
  jv[1] pts=5 (146.649,-280.62,242.331) (140.841,-283.837,245.548) (146.649,-287.054,248.765) (152.457,-283.837,245.548) (146.649,-280.62,242.331)
  m[0][0] pts=10 (146.649,-280.62,242.331) (140.841,-283.837,245.548) (140.841,-290.707,172.337) (148.101,-286.686,168.315) (152.457,-285.132,156.751) (152.457,-290.284,101.843) (148.101,-293.556,95.104) (140.841,-297.577,99.1253) (140.841,-304.447,25.9138) (146.649,-301.23,22.6968)
  m[0][1] pts=2 (146.649,-280.62,242.331) (146.649,-301.23,22.6968)
  f[0][0] pts=4 (146.649,-287.054,248.765) (135.033,-280.62,242.331) (135.033,-301.23,22.6968) (146.649,-307.664,29.1309)
  f[0][1] pts=2 (146.649,-287.054,248.765) (146.649,-287.054,248.765)
  f[0][2] pts=5 (140.841,-290.707,172.337) (146.649,-293.924,175.554) (146.649,-300.794,102.342) (140.841,-297.577,99.1253) (140.841,-290.707,172.337)
  f[0][3] pts=5 (140.841,-290.707,172.337) (146.649,-293.924,175.554) (146.649,-300.794,102.342) (140.841,-297.577,99.1253) (140.841,-290.707,172.337)
  m[1][0] pts=10 (146.649,-287.054,248.765) (146.591,-287.086,248.797) (146.649,-293.924,175.554) (153.909,-289.903,171.533) (158.265,-288.349,159.968) (158.265,-293.501,105.06) (153.909,-296.773,98.321) (146.649,-300.794,102.342) (146.591,-307.696,29.1631) (146.649,-307.664,29.1309)
  m[1][1] pts=2 (146.649,-287.054,248.765) (146.649,-307.664,29.1309)
  f[1][0] pts=4 (146.649,-280.62,242.331) (140.841,-277.403,239.114) (140.841,-298.013,19.4797) (146.649,-301.23,22.6968)
  f[1][1] pts=2 (146.649,-280.62,242.331) (146.649,-280.62,242.331)
  f[1][2] pts=5 (146.649,-287.49,169.12) (152.457,-290.707,172.337) (152.457,-297.577,99.1253) (146.649,-294.36,95.9082) (146.649,-287.49,169.12)
  f[1][3] pts=5 (146.649,-287.49,169.12) (152.457,-290.707,172.337) (152.457,-297.577,99.1253) (146.649,-294.36,95.9082) (146.649,-287.49,169.12)
joint 13 type=11 v0=12 v1=10 f0_0=5 f1_0=5 orient=1 div=1 shift=0.64
  jv[0] pts=5 (161.823,-295.873,252.766) (165.826,-291.241,252.964) (161.323,-288.83,249.585) (157.321,-293.462,249.387) (161.823,-295.873,252.766)
  jv[1] pts=5 (279.516,-388.066,30.1924) (283.518,-383.434,30.3903) (279.015,-381.023,27.0107) (275.013,-385.655,26.8129) (279.516,-388.066,30.1924)
  m[0][0] pts=10 (279.516,-388.066,30.1924) (283.518,-383.434,30.3903) (244.287,-352.703,104.582) (239.284,-358.493,104.334) (231.379,-358.125,113.46) (201.956,-335.077,169.103) (200.054,-327.762,178.526) (205.056,-321.972,178.773) (165.826,-291.241,252.964) (161.823,-295.873,252.766)
  m[0][1] pts=2 (279.516,-388.066,30.1924) (161.823,-295.873,252.766)
  f[0][0] pts=4 (279.015,-381.023,27.0107) (288.021,-385.845,33.7699) (170.328,-293.652,256.344) (161.323,-288.83,249.585)
  f[0][1] pts=2 (279.015,-381.023,27.0107) (279.015,-381.023,27.0107)
  f[0][2] pts=5 (244.287,-352.703,104.582) (239.784,-350.292,101.202) (200.554,-319.561,175.393) (205.056,-321.972,178.773) (244.287,-352.703,104.582)
  f[0][3] pts=5 (244.287,-352.703,104.582) (239.784,-350.292,101.202) (200.554,-319.561,175.393) (205.056,-321.972,178.773) (244.287,-352.703,104.582)
  m[1][0] pts=10 (279.015,-381.023,27.0107) (279.055,-380.977,27.0127) (239.784,-350.292,101.202) (234.782,-356.082,100.955) (226.876,-355.714,110.08) (197.453,-332.666,165.724) (195.551,-325.351,175.146) (200.554,-319.561,175.393) (161.363,-288.784,249.587) (161.323,-288.83,249.585)
  m[1][1] pts=2 (279.015,-381.023,27.0107) (161.323,-288.83,249.585)
  f[1][0] pts=4 (279.516,-388.066,30.1924) (284.018,-390.477,33.572) (166.326,-298.284,256.146) (161.823,-295.873,252.766)
  f[1][1] pts=2 (279.516,-388.066,30.1924) (279.516,-388.066,30.1924)
  f[1][2] pts=5 (240.285,-357.335,104.384) (235.782,-354.924,101.004) (196.551,-324.193,175.195) (201.054,-326.604,178.575) (240.285,-357.335,104.384)
  f[1][3] pts=5 (240.285,-357.335,104.384) (235.782,-354.924,101.004) (196.551,-324.193,175.195) (201.054,-326.604,178.575) (240.285,-357.335,104.384)
joint 14 type=11 v0=13 v1=11 f0_0=7 f1_0=7 orient=1 div=1 shift=0.64
  jv[0] pts=5 (15.3958,-386.802,33.244) (9.58779,-383.585,30.0269) (14.4527,-380.89,27.3322) (20.2607,-384.107,30.5493) (15.3958,-386.802,33.244)
  jv[1] pts=5 (132.196,-295.307,254.131) (126.388,-292.09,250.914) (131.253,-289.396,248.22) (137.061,-292.613,251.437) (132.196,-295.307,254.131)
  m[0][0] pts=10 (132.196,-295.307,254.131) (126.388,-292.09,250.914) (87.4548,-322.588,177.285) (94.7148,-326.61,181.307) (94.2041,-332.835,174.516) (65.004,-355.709,119.294) (55.7813,-357.108,107.677) (48.5213,-353.087,103.656) (9.58779,-383.585,30.0269) (15.3958,-386.802,33.244)
  m[0][1] pts=2 (132.196,-295.307,254.131) (15.3958,-386.802,33.244)
  f[0][0] pts=4 (131.253,-289.396,248.22) (121.523,-294.785,253.609) (4.72292,-386.28,32.7216) (14.4527,-380.89,27.3322)
  f[0][1] pts=2 (131.253,-289.396,248.22) (131.253,-289.396,248.22)
  f[0][2] pts=5 (87.4548,-322.588,177.285) (92.3196,-319.894,174.591) (53.3861,-350.392,100.961) (48.5213,-353.087,103.656) (87.4548,-322.588,177.285)
  f[0][3] pts=5 (87.4548,-322.588,177.285) (92.3196,-319.894,174.591) (53.3861,-350.392,100.961) (48.5213,-353.087,103.656) (87.4548,-322.588,177.285)
  m[1][0] pts=10 (131.253,-289.396,248.22) (131.195,-289.363,248.187) (92.3196,-319.894,174.591) (99.5796,-323.915,178.612) (99.0689,-330.14,171.821) (69.8688,-353.014,116.599) (60.6461,-354.413,104.983) (53.3861,-350.392,100.961) (14.3946,-380.858,27.3) (14.4527,-380.89,27.3322)
  m[1][1] pts=2 (131.253,-289.396,248.22) (14.4527,-380.89,27.3322)
  f[1][0] pts=4 (132.196,-295.307,254.131) (127.331,-298.002,256.826) (10.5309,-389.497,35.9386) (15.3958,-386.802,33.244)
  f[1][1] pts=2 (132.196,-295.307,254.131) (132.196,-295.307,254.131)
  f[1][2] pts=5 (93.2628,-325.806,180.502) (98.1276,-323.111,177.808) (59.1941,-353.609,104.178) (54.3293,-356.304,106.873) (93.2628,-325.806,180.502)
  f[1][3] pts=5 (93.2628,-325.806,180.502) (98.1276,-323.111,177.808) (59.1941,-353.609,104.178) (54.3293,-356.304,106.873) (93.2628,-325.806,180.502)
joint 15 type=11 v0=14 v1=12 f0_0=7 f1_0=7 orient=1 div=1 shift=0.64
  jv[0] pts=5 (162.408,-250.69,297.302) (156.708,-250.69,292.837) (160.738,-250.69,288.372) (166.438,-250.69,292.837) (162.408,-250.69,297.302)
  jv[1] pts=5 (280.043,-28.224,389.45) (274.343,-28.224,384.985) (278.374,-28.224,380.521) (284.073,-28.224,384.985) (280.043,-28.224,389.45)
  m[0][0] pts=10 (280.043,-28.224,389.45) (274.343,-28.224,384.985) (235.132,-102.379,354.269) (242.256,-102.379,359.85) (241.629,-111.649,359.359) (212.221,-167.265,336.322) (203.044,-176.535,329.134) (195.92,-176.535,323.553) (156.708,-250.69,292.837) (162.408,-250.69,297.302)
  m[0][1] pts=2 (280.043,-28.224,389.45) (162.408,-250.69,297.302)
  f[0][0] pts=4 (278.374,-28.224,380.521) (270.313,-28.224,389.45) (152.678,-250.69,297.302) (160.738,-250.69,288.372)
  f[0][1] pts=2 (278.374,-28.224,380.521) (278.374,-28.224,380.521)
  f[0][2] pts=5 (235.132,-102.379,354.269) (239.162,-102.379,349.805) (199.95,-176.535,319.089) (195.92,-176.535,323.553) (235.132,-102.379,354.269)
  f[0][3] pts=5 (235.132,-102.379,354.269) (239.162,-102.379,349.805) (199.95,-176.535,319.089) (195.92,-176.535,323.553) (235.132,-102.379,354.269)
  m[1][0] pts=10 (278.374,-28.224,380.521) (278.317,-28.224,380.476) (239.162,-102.379,349.805) (246.286,-102.379,355.386) (245.659,-111.649,354.895) (216.251,-167.265,331.857) (207.075,-176.535,324.669) (199.95,-176.535,319.089) (160.681,-250.69,288.328) (160.738,-250.69,288.372)
  m[1][1] pts=2 (278.374,-28.224,380.521) (160.738,-250.69,288.372)
  f[1][0] pts=4 (280.043,-28.224,389.45) (276.013,-28.224,393.915) (158.378,-250.69,301.766) (162.408,-250.69,297.302)
  f[1][1] pts=2 (280.043,-28.224,389.45) (280.043,-28.224,389.45)
  f[1][2] pts=5 (240.831,-102.379,358.734) (244.861,-102.379,354.269) (205.65,-176.535,323.553) (201.62,-176.535,328.018) (240.831,-102.379,358.734)
  f[1][3] pts=5 (240.831,-102.379,358.734) (244.861,-102.379,354.269) (205.65,-176.535,323.553) (201.62,-176.535,328.018) (240.831,-102.379,358.734)
joint 16 type=11 v0=15 v1=13 f0_0=5 f1_0=5 orient=1 div=1 shift=0.64
  jv[0] pts=5 (14.0895,-29.8025,388.796) (19.7891,-29.8025,384.332) (15.7589,-29.8025,379.867) (10.0593,-29.8025,384.332) (14.0895,-29.8025,388.796)
  jv[1] pts=5 (130.89,-250.69,297.302) (136.59,-250.69,292.837) (132.559,-250.69,288.372) (126.86,-250.69,292.837) (130.89,-250.69,297.302)
  m[0][0] pts=10 (130.89,-250.69,297.302) (136.59,-250.69,292.837) (97.6561,-177.061,323.335) (90.5316,-177.061,328.916) (81.3903,-167.857,336.077) (52.1902,-112.635,358.951) (51.5981,-103.432,359.414) (58.7226,-103.432,353.833) (19.7891,-29.8025,384.332) (14.0895,-29.8025,388.796)
  m[0][1] pts=2 (130.89,-250.69,297.302) (14.0895,-29.8025,388.796)
  f[0][0] pts=4 (132.559,-250.69,288.372) (140.62,-250.69,297.302) (23.8193,-29.8025,388.796) (15.7589,-29.8025,379.867)
  f[0][1] pts=2 (132.559,-250.69,288.372) (132.559,-250.69,288.372)
  f[0][2] pts=5 (97.6561,-177.061,323.335) (93.6259,-177.061,318.871) (54.6924,-103.432,349.369) (58.7226,-103.432,353.833) (97.6561,-177.061,323.335)
  f[0][3] pts=5 (97.6561,-177.061,323.335) (93.6259,-177.061,318.871) (54.6924,-103.432,349.369) (58.7226,-103.432,353.833) (97.6561,-177.061,323.335)
  m[1][0] pts=10 (132.559,-250.69,288.372) (132.616,-250.69,288.328) (93.6259,-177.061,318.871) (86.5014,-177.061,324.451) (77.3601,-167.857,331.612) (48.16,-112.635,354.486) (47.5679,-103.432,354.95) (54.6924,-103.432,349.369) (15.8159,-29.8025,379.822) (15.7589,-29.8025,379.867)
  m[1][1] pts=2 (132.559,-250.69,288.372) (15.7589,-29.8025,379.867)
  f[1][0] pts=4 (130.89,-250.69,297.302) (134.92,-250.69,301.766) (18.1197,-29.8025,393.261) (14.0895,-29.8025,388.796)
  f[1][1] pts=2 (130.89,-250.69,297.302) (130.89,-250.69,297.302)
  f[1][2] pts=5 (91.9565,-177.061,327.8) (87.9263,-177.061,323.335) (48.9928,-103.432,353.833) (53.023,-103.432,358.298) (91.9565,-177.061,327.8)
  f[1][3] pts=5 (91.9565,-177.061,327.8) (87.9263,-177.061,323.335) (48.9928,-103.432,353.833) (53.023,-103.432,358.298) (91.9565,-177.061,327.8)
joint 17 type=11 v0=15 v1=14 f0_0=3 f1_0=3 orient=1 div=2 shift=0.64
  jv[0] pts=5 (146.649,-241.103,277.335) (141.784,-244.914,281.146) (146.649,-248.725,284.957) (151.514,-244.914,281.146) (146.649,-241.103,277.335)
  jv[1] pts=5 (146.649,248.725,277.335) (141.784,244.914,281.146) (146.649,241.103,284.957) (151.514,244.914,281.146) (146.649,248.725,277.335)
  m[0][0] pts=10 (146.649,248.725,277.335) (141.784,244.914,281.146) (141.784,81.638,281.146) (147.865,86.4016,276.383) (151.514,68.8502,273.525) (151.514,-53.6068,273.525) (147.865,-76.8744,276.383) (141.784,-81.638,281.146) (141.784,-244.914,281.146) (146.649,-241.103,277.335)
  m[0][1] pts=2 (146.649,248.725,277.335) (146.649,-241.103,277.335)
  f[0][0] pts=4 (146.649,241.103,284.957) (136.919,248.725,277.335) (136.919,-241.103,277.335) (146.649,-248.725,284.957)
  f[0][1] pts=2 (146.649,241.103,284.957) (146.649,241.103,284.957)
  f[0][2] pts=5 (141.784,81.638,281.146) (146.649,77.8271,284.957) (146.649,-85.4488,284.957) (141.784,-81.638,281.146) (141.784,81.638,281.146)
  f[0][3] pts=5 (141.784,81.638,281.146) (146.649,77.8271,284.957) (146.649,-85.4488,284.957) (141.784,-81.638,281.146) (141.784,81.638,281.146)
  m[1][0] pts=10 (146.649,241.103,284.957) (146.6,241.065,284.995) (146.649,77.8271,284.957) (152.73,82.5907,280.194) (156.379,65.0393,277.335) (156.379,-57.4176,277.335) (152.73,-80.6853,280.194) (146.649,-85.4488,284.957) (146.6,-248.763,284.995) (146.649,-248.725,284.957)
  m[1][1] pts=2 (146.649,241.103,284.957) (146.649,-248.725,284.957)
  f[1][0] pts=4 (146.649,248.725,277.335) (141.784,252.536,273.525) (141.784,-237.292,273.525) (146.649,-241.103,277.335)
  f[1][1] pts=2 (146.649,248.725,277.335) (146.649,248.725,277.335)
  f[1][2] pts=5 (146.649,85.4488,277.335) (151.514,81.638,281.146) (151.514,-81.638,281.146) (146.649,-77.8271,277.335) (146.649,85.4488,277.335)
  f[1][3] pts=5 (146.649,85.4488,277.335) (151.514,81.638,281.146) (151.514,-81.638,281.146) (146.649,-77.8271,277.335) (146.649,85.4488,277.335)
joint 18 type=11 v0=16 v1=14 f0_0=5 f1_0=5 orient=1 div=1 shift=0.64
  jv[0] pts=5 (166.438,243.068,300.459) (166.438,250.69,292.837) (156.708,258.312,285.215) (156.708,250.69,292.837) (166.438,243.068,300.459)
  jv[1] pts=5 (284.073,20.6023,392.607) (284.073,28.224,384.985) (274.343,35.8457,377.364) (274.343,28.224,384.985) (284.073,20.6023,392.607)
  m[0][0] pts=10 (284.073,20.6023,392.607) (284.073,28.224,384.985) (244.861,102.379,354.269) (244.861,92.8522,363.796) (239.96,96.4053,365.673) (210.551,152.022,342.636) (205.65,167.008,333.08) (205.65,176.535,323.553) (166.438,250.69,292.837) (166.438,243.068,300.459)
  m[0][1] pts=2 (284.073,20.6023,392.607) (166.438,243.068,300.459)
  f[0][0] pts=4 (274.343,35.8457,377.364) (293.803,20.6023,392.607) (176.168,243.068,300.459) (156.708,258.312,285.215)
  f[0][1] pts=2 (274.343,35.8457,377.364) (274.343,35.8457,377.364)
  f[0][2] pts=5 (244.861,102.379,354.269) (235.132,110.001,346.648) (195.92,184.156,315.931) (205.65,176.535,323.553) (244.861,102.379,354.269)
  f[0][3] pts=5 (244.861,102.379,354.269) (235.132,110.001,346.648) (195.92,184.156,315.931) (205.65,176.535,323.553) (244.861,102.379,354.269)
  m[1][0] pts=10 (274.343,35.8457,377.364) (274.343,35.9219,377.288) (235.132,110.001,346.648) (235.132,100.474,356.175) (230.23,104.027,358.052) (200.821,159.644,335.014) (195.92,174.629,325.459) (195.92,184.156,315.931) (156.708,258.388,285.139) (156.708,258.312,285.215)
  m[1][1] pts=2 (274.343,35.8457,377.364) (156.708,258.312,285.215)
  f[1][0] pts=4 (284.073,20.6023,392.607) (293.803,12.9806,400.229) (176.168,235.447,308.08) (166.438,243.068,300.459)
  f[1][1] pts=2 (284.073,20.6023,392.607) (284.073,20.6023,392.607)
  f[1][2] pts=5 (244.861,94.7576,361.891) (235.132,102.379,354.269) (195.92,176.535,323.553) (205.65,168.913,331.175) (244.861,94.7576,361.891)
  f[1][3] pts=5 (244.861,94.7576,361.891) (235.132,102.379,354.269) (195.92,176.535,323.553) (205.65,168.913,331.175) (244.861,94.7576,361.891)
joint 19 type=11 v0=17 v1=15 f0_0=7 f1_0=7 orient=1 div=1 shift=0.64
  jv[0] pts=5 (14.9242,31.381,388.142) (10.9967,31.5752,383.597) (14.9242,28.224,380.521) (18.8518,28.0298,385.066) (14.9242,31.381,388.142)
  jv[1] pts=5 (131.725,252.268,296.648) (127.797,252.463,292.103) (131.725,249.111,289.026) (135.652,248.917,293.571) (131.725,252.268,296.648)
  m[0][0] pts=10 (131.725,252.268,296.648) (127.797,252.463,292.103) (88.8637,178.833,322.601) (93.7731,178.591,328.282) (91.852,169.242,335.503) (62.6519,114.02,358.377) (54.8396,104.962,358.781) (49.9302,105.204,353.099) (10.9967,31.5752,383.597) (14.9242,31.381,388.142)
  m[0][1] pts=2 (131.725,252.268,296.648) (14.9242,31.381,388.142)
  f[0][0] pts=4 (131.725,249.111,289.026) (123.87,255.814,295.179) (7.06916,34.9263,386.674) (14.9242,28.224,380.521)
  f[0][1] pts=2 (131.725,249.111,289.026) (131.725,249.111,289.026)
  f[0][2] pts=5 (88.8637,178.833,322.601) (92.7912,175.482,319.524) (53.8577,101.853,350.023) (49.9302,105.204,353.099) (88.8637,178.833,322.601)
  f[0][3] pts=5 (88.8637,178.833,322.601) (92.7912,175.482,319.524) (53.8577,101.853,350.023) (49.9302,105.204,353.099) (88.8637,178.833,322.601)
  m[1][0] pts=10 (131.725,249.111,289.026) (131.685,249.113,288.981) (92.7912,175.482,319.524) (97.7006,175.24,325.206) (95.7796,165.89,332.427) (66.5795,110.668,355.301) (58.7671,101.61,355.704) (53.8577,101.853,350.023) (14.8849,28.2259,380.475) (14.9242,28.224,380.521)
  m[1][1] pts=2 (131.725,249.111,289.026) (14.9242,28.224,380.521)
  f[1][0] pts=4 (131.725,252.268,296.648) (127.797,255.62,299.725) (10.9967,34.7322,391.219) (14.9242,31.381,388.142)
  f[1][1] pts=2 (131.725,252.268,296.648) (131.725,252.268,296.648)
  f[1][2] pts=5 (92.7912,178.639,327.146) (96.7187,175.288,324.07) (57.7852,101.659,354.568) (53.8577,105.01,357.644) (92.7912,178.639,327.146)
  f[1][3] pts=5 (92.7912,178.639,327.146) (96.7187,175.288,324.07) (57.7852,101.659,354.568) (53.8577,105.01,357.644) (92.7912,178.639,327.146)
joint 20 type=11 v0=18 v1=16 f0_0=7 f1_0=7 orient=1 div=1 shift=0.64
  jv[0] pts=5 (162.88,296.701,250.767) (156.394,292.736,251.139) (160.266,288.002,251.584) (166.752,291.967,251.212) (162.88,296.701,250.767)
  jv[1] pts=5 (280.573,388.894,28.1935) (274.086,384.929,28.5655) (277.958,380.195,29.0097) (284.445,384.16,28.6376) (280.573,388.894,28.1935)
  m[0][0] pts=10 (280.573,388.894,28.1935) (274.086,384.929,28.5655) (234.855,354.198,102.757) (242.963,359.154,102.292) (242.925,358.286,111.287) (213.501,335.238,166.93) (203.733,328.423,176.483) (195.625,323.467,176.948) (156.394,292.736,251.139) (162.88,296.701,250.767)
  m[0][1] pts=2 (280.573,388.894,28.1935) (162.88,296.701,250.767)
  f[0][0] pts=4 (277.958,380.195,29.0097) (270.214,389.663,28.1213) (152.522,297.469,250.695) (160.266,288.002,251.584)
  f[0][1] pts=2 (277.958,380.195,29.0097) (277.958,380.195,29.0097)
  f[0][2] pts=5 (234.855,354.198,102.757) (238.727,349.464,103.201) (199.497,318.733,177.392) (195.625,323.467,176.948) (234.855,354.198,102.757)
  f[0][3] pts=5 (234.855,354.198,102.757) (238.727,349.464,103.201) (199.497,318.733,177.392) (195.625,323.467,176.948) (234.855,354.198,102.757)
  m[1][0] pts=10 (277.958,380.195,29.0097) (277.893,380.156,29.0134) (238.727,349.464,103.201) (246.835,354.42,102.736) (246.797,353.553,111.731) (217.373,330.505,167.374) (207.605,323.689,176.927) (199.497,318.733,177.392) (160.201,287.963,251.587) (160.266,288.002,251.584)
  m[1][1] pts=2 (277.958,380.195,29.0097) (160.266,288.002,251.584)
  f[1][0] pts=4 (280.573,388.894,28.1935) (276.701,393.628,27.7493) (159.008,301.434,250.323) (162.88,296.701,250.767)
  f[1][1] pts=2 (280.573,388.894,28.1935) (280.573,388.894,28.1935)
  f[1][2] pts=5 (241.342,358.163,102.385) (245.214,353.429,102.829) (205.983,322.698,177.02) (202.111,327.432,176.576) (241.342,358.163,102.385)
  f[1][3] pts=5 (241.342,358.163,102.385) (245.214,353.429,102.829) (205.983,322.698,177.02) (202.111,327.432,176.576) (241.342,358.163,102.385)
joint 21 type=11 v0=19 v1=17 f0_0=5 f1_0=5 orient=1 div=1 shift=0.64
  jv[0] pts=5 (13.617,388.195,29.88) (20.1035,384.23,30.252) (16.2315,379.497,30.6962) (9.74498,383.462,30.3241) (13.617,388.195,29.88)
  jv[1] pts=5 (130.417,296.701,250.767) (136.904,292.736,251.139) (133.032,288.002,251.584) (126.545,291.967,251.212) (130.417,296.701,250.767)
  m[0][0] pts=10 (130.417,296.701,250.767) (136.904,292.736,251.139) (97.9704,323.234,177.51) (89.8623,328.19,177.045) (80.1308,334.976,167.563) (50.9306,357.85,112.341) (50.9288,358.688,103.416) (59.037,353.732,103.881) (20.1035,384.23,30.252) (13.617,388.195,29.88)
  m[0][1] pts=2 (130.417,296.701,250.767) (13.617,388.195,29.88)
  f[0][0] pts=4 (133.032,288.002,251.584) (140.776,297.469,250.695) (23.9755,388.964,29.8078) (16.2315,379.497,30.6962)
  f[0][1] pts=2 (133.032,288.002,251.584) (133.032,288.002,251.584)
  f[0][2] pts=5 (97.9704,323.234,177.51) (94.0984,318.5,177.955) (55.165,348.999,104.325) (59.037,353.732,103.881) (97.9704,323.234,177.51)
  f[0][3] pts=5 (97.9704,323.234,177.51) (94.0984,318.5,177.955) (55.165,348.999,104.325) (59.037,353.732,103.881) (97.9704,323.234,177.51)
  m[1][0] pts=10 (133.032,288.002,251.584) (133.097,287.963,251.587) (94.0984,318.5,177.955) (85.9903,323.457,177.489) (76.2588,330.243,168.007) (47.0587,353.116,112.785) (47.0568,353.955,103.86) (55.165,348.999,104.325) (16.2963,379.457,30.6999) (16.2315,379.497,30.6962)
  m[1][1] pts=2 (133.032,288.002,251.584) (16.2315,379.497,30.6962)
  f[1][0] pts=4 (130.417,296.701,250.767) (134.289,301.434,250.323) (17.489,392.929,29.4358) (13.617,388.195,29.88)
  f[1][1] pts=2 (130.417,296.701,250.767) (130.417,296.701,250.767)
  f[1][2] pts=5 (91.4839,327.199,177.138) (87.6119,322.465,177.582) (48.6785,352.964,103.953) (52.5505,357.697,103.509) (91.4839,327.199,177.138)
  f[1][3] pts=5 (91.4839,327.199,177.138) (87.6119,322.465,177.582) (48.6785,352.964,103.953) (52.5505,357.697,103.509) (91.4839,327.199,177.138)
joint 22 type=11 v0=19 v1=18 f0_0=3 f1_0=3 orient=1 div=1 shift=0.64
  jv[0] pts=5 (146.649,280.349,245.221) (140.841,283.837,245.548) (146.649,287.325,245.876) (152.457,283.837,245.548) (146.649,280.349,245.221)
  jv[1] pts=5 (146.649,300.959,25.5865) (140.841,304.447,25.9138) (146.649,307.935,26.2412) (152.457,304.447,25.9138) (146.649,300.959,25.5865)
  m[0][0] pts=10 (146.649,300.959,25.5865) (140.841,304.447,25.9138) (140.841,297.577,99.1253) (148.101,293.217,98.7162) (152.457,289.742,107.622) (152.457,284.589,162.531) (148.101,286.347,171.928) (140.841,290.707,172.337) (140.841,283.837,245.548) (146.649,280.349,245.221)
  m[0][1] pts=2 (146.649,300.959,25.5865) (146.649,280.349,245.221)
  f[0][0] pts=4 (146.649,307.935,26.2412) (135.033,300.959,25.5865) (135.033,280.349,245.221) (146.649,287.325,245.876)
  f[0][1] pts=2 (146.649,307.935,26.2412) (146.649,307.935,26.2412)
  f[0][2] pts=5 (140.841,297.577,99.1253) (146.649,301.065,99.4526) (146.649,294.195,172.664) (140.841,290.707,172.337) (140.841,297.577,99.1253)
  f[0][3] pts=5 (140.841,297.577,99.1253) (146.649,301.065,99.4526) (146.649,294.195,172.664) (140.841,290.707,172.337) (140.841,297.577,99.1253)
  m[1][0] pts=10 (146.649,307.935,26.2412) (146.591,307.97,26.2444) (146.649,301.065,99.4526) (153.909,296.705,99.0435) (158.265,293.23,107.949) (158.265,288.078,162.858) (153.909,289.835,172.255) (146.649,294.195,172.664) (146.591,287.36,245.879) (146.649,287.325,245.876)
  m[1][1] pts=2 (146.649,307.935,26.2412) (146.649,287.325,245.876)
  f[1][0] pts=4 (146.649,300.959,25.5865) (140.841,297.47,25.2592) (140.841,276.861,244.894) (146.649,280.349,245.221)
  f[1][1] pts=2 (146.649,300.959,25.5865) (146.649,300.959,25.5865)
  f[1][2] pts=5 (146.649,294.089,98.798) (152.457,297.577,99.1253) (152.457,290.707,172.337) (146.649,287.219,172.009) (146.649,294.089,98.798)
  f[1][3] pts=5 (146.649,294.089,98.798) (152.457,297.577,99.1253) (152.457,290.707,172.337) (146.649,287.219,172.009) (146.649,294.089,98.798)
