pair=(1,2) i=4 j=4
d0=10 w0=0 w1=400
lj_s=(-243.355,366.718,10)
lj_e=(-148.7,202.043,10)
jl0_s=(-243.355,366.718,10)
jl0_e=(-148.7,202.043,10)
jl1_s=(-148.7,202.043,10)
jl1_e=(-243.355,366.718,10)
pl_end0 o=(-243.355,366.718,10) n=(-0.683041,-0.73038,0)
pl_end1 o=(-148.7,202.043,10) n=(-0.683041,-0.73038,0)
offset_plane_0 o=(-157.37,197.059,0) n=(0.866981,0.498341,-0)
offset_plane_1 o=(-140.03,207.026,0) n=(0.866981,0.498341,-0)
planes_0[0] o=(-298.756,140.628,0) n=(0,0,-1)
planes_0[1] o=(-298.756,140.628,20) n=(-0,-0,1)
planes_0[i] o=(-148.7,202.043,0) n=(0.866981,0.498341,-0)
vol0 pts=5: (-268.297,390.042,-0) (-218.414,343.393,-0) (-218.414,343.393,20) (-268.297,390.042,20) (-268.297,390.042,-0)
vol1 pts=5: (-173.641,225.368,-0) (-123.759,178.718,-0) (-123.759,178.718,20) (-173.641,225.368,20) (-173.641,225.368,-0)
vol2 pts=5: (-268.297,390.042,-0) (-218.414,343.393,-0) (-218.414,343.393,20) (-268.297,390.042,20) (-268.297,390.042,-0)
vol3 pts=5: (-173.641,225.368,-0) (-123.759,178.718,-0) (-123.759,178.718,20) (-173.641,225.368,20) (-173.641,225.368,-0)
