joint 8 type=12 v0=3 v1=8 f0_0=5 f1_0=2 name=ss_e_ip_1 orient=1 div=7 shift=0.5
  jv[0] pts=5 (-245.851,-369.731,135.543) (-247.641,-361.599,140.089) (-229.742,-343.387,97.6981) (-227.952,-351.519,93.1522) (-245.851,-369.731,135.543)
  jv[1] pts=5 (-468.757,-366.875,42.65) (-470.548,-358.742,47.1959) (-452.649,-340.53,4.80533) (-450.858,-348.663,0.259423) (-468.757,-366.875,42.65)
  jv[2] pts=5 (-246.456,-370.457,136.972) (-247.036,-360.873,138.66) (-229.137,-342.661,96.2692) (-228.557,-352.245,94.581) (-246.456,-370.457,136.972)
  jv[3] pts=5 (-469.362,-367.6,44.0789) (-469.943,-358.017,45.767) (-452.044,-339.805,3.37644) (-451.463,-349.388,1.68831) (-469.362,-367.6,44.0789)
  m[0][0] pts=16 (-444.885,-363.126,55.2444) (-443.99,-367.192,52.9714) (-419.223,-367.51,63.2928) (-421.013,-359.377,67.8387) (-396.245,-359.694,78.1601) (-394.455,-367.827,73.6142) (-369.688,-368.144,83.9356) (-371.478,-360.012,88.4816) (-346.711,-360.329,98.803) (-344.92,-368.462,94.2571) (-320.153,-368.779,104.578) (-321.943,-360.646,109.124) (-297.176,-360.964,119.446) (-295.386,-369.097,114.9) (-270.618,-369.414,125.221) (-271.513,-365.348,127.494)
  m[0][1] pts=2 (-444.885,-363.126,55.2444) (-271.513,-365.348,127.494)
  f[0][0] pts=16 (-444.885,-363.126,55.2444) (-444.595,-367.918,54.4003) (-419.827,-368.235,64.7217) (-420.408,-358.652,66.4098) (-395.641,-358.969,76.7313) (-395.06,-368.553,75.0431) (-370.293,-368.87,85.3645) (-370.873,-359.286,87.0527) (-346.106,-359.604,97.3741) (-345.525,-369.187,95.686) (-320.758,-369.505,106.007) (-321.338,-359.921,107.695) (-296.571,-360.238,118.017) (-295.99,-369.822,116.329) (-271.223,-370.139,126.65) (-271.513,-365.348,127.494)
  f[0][1] pts=2 (-444.885,-363.126,55.2444) (-271.513,-365.348,127.494)
  m[1][0] pts=16 (-426.986,-344.914,12.8538) (-426.091,-348.98,10.5808) (-401.324,-349.298,20.9023) (-403.114,-341.165,25.4482) (-378.346,-341.482,35.7696) (-376.556,-349.615,31.2237) (-351.789,-349.933,41.5451) (-353.579,-341.8,46.091) (-328.812,-342.117,56.4124) (-327.021,-350.25,51.8665) (-302.254,-350.567,62.1879) (-304.044,-342.435,66.7338) (-279.277,-342.752,77.0552) (-277.487,-350.885,72.5093) (-252.719,-351.202,82.8307) (-253.614,-347.136,85.1037)
  m[1][1] pts=2 (-426.986,-344.914,12.8538) (-253.614,-347.136,85.1037)
  f[1][0] pts=16 (-426.986,-344.914,12.8538) (-426.696,-349.706,12.0097) (-401.928,-350.023,22.3311) (-402.509,-340.44,24.0193) (-377.742,-340.757,34.3407) (-377.161,-350.341,32.6526) (-352.394,-350.658,42.974) (-352.974,-341.074,44.6621) (-328.207,-341.392,54.9835) (-327.626,-350.975,53.2954) (-302.859,-351.293,63.6168) (-303.44,-341.709,65.3049) (-278.672,-342.026,75.6263) (-278.091,-351.61,73.9382) (-253.324,-351.928,84.2596) (-253.614,-347.136,85.1037)
  f[1][1] pts=2 (-426.986,-344.914,12.8538) (-253.614,-347.136,85.1037)
joint 13 type=12 v0=5 v1=8 f0_0=2 f1_0=7 name=ss_e_ip_1 orient=1 div=5 shift=0.5
  jv[0] pts=5 (-464.692,-339.945,-3.77336) (-458.946,-336.104,3.04618) (-485.531,-350.135,42.6372) (-491.277,-353.977,35.8176) (-464.692,-339.945,-3.77336)
  jv[1] pts=5 (-565.393,-173.805,-12.5127) (-559.646,-169.964,-5.69313) (-586.231,-183.995,33.8979) (-591.978,-187.837,27.0783) (-565.393,-173.805,-12.5127)
  jv[2] pts=5 (-492.404,-354.596,37.0381) (-484.404,-349.516,41.4167) (-457.819,-335.485,1.82571) (-465.819,-340.564,-2.55288) (-492.404,-354.596,37.0381)
  jv[3] pts=5 (-593.105,-188.456,28.2988) (-585.104,-183.376,32.6774) (-558.519,-169.345,-6.91361) (-566.52,-174.424,-11.2922) (-593.105,-188.456,28.2988)
  m[0][0] pts=12 (-548.134,-195.619,-7.85443) (-551.007,-197.54,-11.2642) (-536.621,-221.274,-10.0157) (-530.875,-217.432,-3.19618) (-516.489,-241.167,-1.94771) (-522.235,-245.008,-8.76725) (-507.849,-268.743,-7.51878) (-502.103,-264.901,-0.699237) (-487.717,-288.635,0.549237) (-493.464,-292.477,-6.2703) (-479.078,-316.211,-5.02183) (-476.205,-314.29,-1.61206)
  m[0][1] pts=2 (-548.134,-195.619,-7.85443) (-476.205,-314.29,-1.61206)
  f[0][0] pts=12 (-574.719,-209.65,31.7366) (-578.719,-212.19,29.5473) (-564.333,-235.924,30.7958) (-556.333,-230.844,35.1743) (-541.947,-254.579,36.4228) (-549.947,-259.658,32.0442) (-535.562,-283.393,33.2927) (-527.561,-278.313,37.6713) (-513.175,-302.047,38.9198) (-521.176,-307.127,34.5412) (-506.79,-330.861,35.7896) (-502.79,-328.321,37.9789)
  f[0][1] pts=2 (-574.719,-209.65,31.7366) (-502.79,-328.321,37.9789)
  m[1][0] pts=12 (-574.719,-209.65,31.7366) (-577.592,-211.571,28.3268) (-563.206,-235.305,29.5753) (-557.46,-231.463,36.3948) (-543.074,-255.198,37.6433) (-548.82,-259.039,30.8238) (-534.434,-282.774,32.0722) (-528.688,-278.932,38.8918) (-514.302,-302.666,40.1402) (-520.049,-306.508,33.3207) (-505.663,-330.242,34.5692) (-502.79,-328.321,37.9789)
  m[1][1] pts=2 (-574.719,-209.65,31.7366) (-502.79,-328.321,37.9789)
  f[1][0] pts=12 (-548.134,-195.619,-7.85443) (-552.134,-198.159,-10.0437) (-537.748,-221.893,-8.79525) (-529.747,-216.813,-4.41666) (-515.362,-240.548,-3.16819) (-523.362,-245.627,-7.54678) (-508.977,-269.362,-6.2983) (-500.976,-264.282,-1.91971) (-486.59,-288.016,-0.671238) (-494.591,-293.096,-5.04983) (-480.205,-316.83,-3.80136) (-476.205,-314.29,-1.61206)
  f[1][1] pts=2 (-548.134,-195.619,-7.85443) (-476.205,-314.29,-1.61206)
joint 15 type=12 v0=6 v1=8 f0_0=6 f1_0=3 name=ss_e_ip_1 orient=1 div=5 shift=0.5
  jv[0] pts=5 (-150.801,-216.502,205.846) (-159.563,-212.604,207.488) (-149.823,-198.095,160.93) (-141.061,-201.994,159.288) (-150.801,-216.502,205.846)
  jv[1] pts=5 (-224.706,-357.58,146.422) (-233.468,-353.681,148.064) (-223.728,-339.173,101.506) (-214.966,-343.071,99.8638) (-224.706,-357.58,146.422)
  jv[2] pts=5 (-151.222,-217.11,207.812) (-159.141,-211.997,205.522) (-149.402,-197.488,158.964) (-141.482,-202.601,161.254) (-151.222,-217.11,207.812)
  jv[3] pts=5 (-225.127,-358.187,148.388) (-233.046,-353.074,146.098) (-223.306,-338.565,99.5398) (-215.387,-343.678,101.83) (-225.127,-358.187,148.388)
  m[0][0] pts=12 (-218.529,-335.477,155.732) (-214.148,-337.426,154.911) (-203.59,-317.272,163.4) (-212.352,-313.373,165.042) (-201.794,-293.22,173.532) (-193.032,-297.118,171.89) (-182.474,-276.964,180.379) (-191.236,-273.066,182.021) (-180.678,-252.912,190.51) (-171.916,-256.81,188.868) (-161.359,-236.656,197.357) (-165.74,-234.707,198.178)
  m[0][1] pts=2 (-218.529,-335.477,155.732) (-165.74,-234.707,198.178)
  f[0][0] pts=12 (-218.529,-335.477,155.732) (-214.569,-338.033,156.877) (-204.011,-317.879,165.366) (-211.93,-312.766,163.076) (-201.373,-292.612,171.566) (-193.454,-297.725,173.856) (-182.896,-277.571,182.345) (-190.815,-272.458,180.055) (-180.257,-252.304,188.544) (-172.338,-257.417,190.834) (-161.78,-237.264,199.323) (-165.74,-234.707,198.178)
  f[0][1] pts=2 (-218.529,-335.477,155.732) (-165.74,-234.707,198.178)
  m[1][0] pts=12 (-208.789,-320.968,109.174) (-204.408,-322.917,108.353) (-193.85,-302.763,116.842) (-202.612,-298.865,118.484) (-192.054,-278.711,126.973) (-183.292,-282.609,125.331) (-172.734,-262.455,133.82) (-181.496,-258.557,135.463) (-170.939,-238.403,143.952) (-162.177,-242.301,142.31) (-151.619,-222.147,150.799) (-156,-220.198,151.62)
  m[1][1] pts=2 (-208.789,-320.968,109.174) (-156,-220.198,151.62)
  f[1][0] pts=12 (-208.789,-320.968,109.174) (-204.829,-323.524,110.319) (-194.271,-303.37,118.808) (-202.191,-298.257,116.518) (-191.633,-278.103,125.007) (-183.714,-283.217,127.297) (-173.156,-263.063,135.787) (-181.075,-257.95,133.496) (-170.517,-237.796,141.986) (-162.598,-242.909,144.276) (-152.04,-222.755,152.765) (-156,-220.198,151.62)
  f[1][1] pts=2 (-208.789,-320.968,109.174) (-156,-220.198,151.62)
joint 20 type=12 v0=8 v1=11 f0_0=4 f1_0=7 name=ss_e_ip_1 orient=1 div=6 shift=0.5
  jv[0] pts=5 (-159.269,-194.301,209.035) (-151.389,-190.513,213.103) (-141.324,-185.675,164.732) (-149.204,-189.463,160.664) (-159.269,-194.301,209.035)
  jv[1] pts=5 (-246.259,-13.3258,209.035) (-238.379,-9.53798,213.103) (-228.314,-4.69995,164.732) (-236.194,-8.4878,160.664) (-246.259,-13.3258,209.035)
  jv[2] pts=5 (-159.766,-194.54,211.069) (-150.893,-190.275,211.069) (-140.827,-185.437,162.698) (-149.701,-189.702,162.698) (-159.766,-194.54,211.069)
  jv[3] pts=5 (-246.756,-13.5645,211.069) (-237.882,-9.29933,211.069) (-227.817,-4.46129,162.698) (-236.69,-8.72645,162.698) (-246.756,-13.5645,211.069)
  m[0][0] pts=12 (-229.892,-37.2855,211.069) (-233.832,-39.1795,209.035) (-221.405,-65.0331,209.035) (-213.525,-61.2452,213.103) (-201.097,-87.0988,213.103) (-208.978,-90.8867,209.035) (-196.551,-116.74,209.035) (-188.67,-112.952,213.103) (-176.243,-138.806,213.103) (-184.124,-142.594,209.035) (-171.697,-168.448,209.035) (-167.756,-166.554,211.069)
  m[0][1] pts=2 (-229.892,-37.2855,211.069) (-167.756,-166.554,211.069)
  f[0][0] pts=12 (-229.892,-37.2855,211.069) (-234.328,-39.4181,211.069) (-221.901,-65.2717,211.069) (-213.028,-61.0066,211.069) (-200.601,-86.8602,211.069) (-209.474,-91.1253,211.069) (-197.047,-116.979,211.069) (-188.174,-112.714,211.069) (-175.747,-138.567,211.069) (-184.62,-142.833,211.069) (-172.193,-168.686,211.069) (-167.756,-166.554,211.069)
  f[0][1] pts=2 (-229.892,-37.2855,211.069) (-167.756,-166.554,211.069)
  m[1][0] pts=12 (-219.827,-32.4475,162.698) (-223.767,-34.3414,160.664) (-211.34,-60.195,160.664) (-203.459,-56.4072,164.732) (-191.032,-82.2608,164.732) (-198.913,-86.0487,160.664) (-186.486,-111.902,160.664) (-178.605,-108.114,164.732) (-166.178,-133.968,164.732) (-174.058,-137.756,160.664) (-161.631,-163.609,160.664) (-157.691,-161.716,162.698)
  m[1][1] pts=2 (-219.827,-32.4475,162.698) (-157.691,-161.716,162.698)
  f[1][0] pts=12 (-219.827,-32.4475,162.698) (-224.263,-34.5801,162.698) (-211.836,-60.4337,162.698) (-202.963,-56.1685,162.698) (-190.536,-82.0221,162.698) (-199.409,-86.2873,162.698) (-186.982,-112.141,162.698) (-178.109,-107.876,162.698) (-165.682,-133.729,162.698) (-174.555,-137.995,162.698) (-162.128,-163.848,162.698) (-157.691,-161.716,162.698)
  f[1][1] pts=2 (-219.827,-32.4475,162.698) (-157.691,-161.716,162.698)
joint 21 type=12 v0=8 v1=10 f0_0=6 f1_0=6 name=ss_e_ip_1 orient=1 div=5 shift=0.5
  jv[0] pts=5 (-516.529,-12.7539,95.8214) (-524.692,-8.04114,93.3485) (-497.217,-4.36791,52.0431) (-489.054,-9.08069,54.5159) (-516.529,-12.7539,95.8214)
  jv[1] pts=5 (-586.726,-165.987,35.5021) (-594.889,-161.275,33.0292) (-567.413,-157.601,-8.27623) (-559.251,-162.314,-5.80335) (-586.726,-165.987,35.5021)
  jv[2] pts=5 (-490.191,-9.06912,55.8096) (-496.08,-4.37949,50.7494) (-523.555,-8.05272,92.0548) (-517.666,-12.7423,97.1151) (-490.191,-9.06912,55.8096)
  jv[3] pts=5 (-560.388,-162.303,-4.50966) (-566.277,-157.613,-9.56992) (-593.752,-161.286,31.7355) (-587.863,-165.976,36.7958) (-560.388,-162.303,-4.50966)
  m[0][0] pts=12 (-580.779,-141.74,42.8827) (-576.698,-144.097,44.1192) (-566.67,-122.206,52.7362) (-574.832,-117.494,50.2633) (-564.804,-95.6031,58.8804) (-556.642,-100.316,61.3532) (-546.614,-78.4254,69.9703) (-554.776,-73.7126,67.4974) (-544.748,-51.8221,76.1144) (-536.586,-56.5349,78.5873) (-526.557,-34.6444,87.2044) (-530.639,-32.288,85.9679)
  m[0][1] pts=2 (-580.779,-141.74,42.8827) (-530.639,-32.288,85.9679)
  f[0][0] pts=12 (-553.304,-138.067,1.57725) (-550.36,-140.412,4.10738) (-540.332,-118.522,12.7244) (-546.22,-113.832,7.66416) (-536.192,-91.9414,16.2812) (-530.303,-96.6311,21.3415) (-520.275,-74.7406,29.9585) (-526.164,-70.0509,24.8982) (-516.136,-48.1605,33.5153) (-510.247,-52.8501,38.5755) (-500.219,-30.9596,47.1926) (-503.164,-28.6148,44.6625)
  f[0][1] pts=2 (-553.304,-138.067,1.57725) (-503.164,-28.6148,44.6625)
  m[1][0] pts=12 (-553.304,-138.067,1.57725) (-549.223,-140.424,2.81369) (-539.195,-118.533,11.4307) (-547.357,-113.82,8.95785) (-537.329,-91.9298,17.5749) (-529.167,-96.6426,20.0478) (-519.139,-74.7521,28.6648) (-527.301,-70.0394,26.1919) (-517.273,-48.1489,34.809) (-509.11,-52.8617,37.2819) (-499.082,-30.9712,45.8989) (-503.164,-28.6148,44.6625)
  m[1][1] pts=2 (-553.304,-138.067,1.57725) (-503.164,-28.6148,44.6625)
  f[1][0] pts=12 (-580.779,-141.74,42.8827) (-577.835,-144.085,45.4128) (-567.807,-122.195,54.0299) (-573.696,-117.505,48.9696) (-563.667,-95.6147,57.5867) (-557.779,-100.304,62.6469) (-547.751,-78.4138,71.264) (-553.639,-73.7242,66.2037) (-543.611,-51.8337,74.8207) (-537.722,-56.5233,79.881) (-527.694,-34.6328,88.498) (-530.639,-32.288,85.9679)
  f[1][1] pts=2 (-580.779,-141.74,42.8827) (-530.639,-32.288,85.9679)
joint 22 type=12 v0=8 v1=13 f0_0=5 f1_0=2 name=ss_e_ip_1 orient=1 div=7 shift=0.5
  jv[0] pts=5 (-260.059,-4.6206,205.003) (-260.724,4.6206,206.587) (-241.621,4.6206,161.03) (-240.957,-4.6206,159.446) (-260.059,-4.6206,205.003)
  jv[1] pts=5 (-502.947,-4.6206,103.156) (-503.612,4.6206,104.74) (-484.509,4.6206,59.1834) (-483.845,-4.6206,57.5993) (-502.947,-4.6206,103.156)
  jv[2] pts=5 (-260.724,-4.6206,206.587) (-260.059,4.6206,205.003) (-240.957,4.6206,159.446) (-241.621,-4.6206,161.03) (-260.724,-4.6206,206.587)
  jv[3] pts=5 (-503.612,-4.6206,104.74) (-502.947,4.6206,103.156) (-483.845,4.6206,57.5993) (-484.509,-4.6206,59.1834) (-503.612,-4.6206,104.74)
  m[0][0] pts=16 (-476.292,-4.66688e-12,115.264) (-475.96,-4.6206,114.472) (-448.972,-4.6206,125.789) (-449.636,4.6206,127.373) (-422.649,4.6206,138.689) (-421.985,-4.6206,137.105) (-394.997,-4.6206,148.421) (-395.661,4.6206,150.005) (-368.674,4.6206,161.322) (-368.01,-4.6206,159.738) (-341.022,-4.6206,171.054) (-341.686,4.6206,172.638) (-314.699,4.6206,183.954) (-314.035,-4.6206,182.37) (-287.047,-4.6206,193.687) (-287.379,-1.03877e-12,194.479)
  m[0][1] pts=2 (-476.292,-4.66688e-12,115.264) (-287.379,-1.03877e-12,194.479)
  f[0][0] pts=16 (-476.292,-4.66688e-12,115.264) (-476.624,-4.6206,116.056) (-449.636,-4.6206,127.373) (-448.972,4.6206,125.789) (-421.985,4.6206,137.105) (-422.649,-4.6206,138.689) (-395.661,-4.6206,150.005) (-394.997,4.6206,148.421) (-368.01,4.6206,159.738) (-368.674,-4.6206,161.322) (-341.686,-4.6206,172.638) (-341.022,4.6206,171.054) (-314.035,4.6206,182.37) (-314.699,-4.6206,183.954) (-287.711,-4.6206,195.271) (-287.379,-1.03877e-12,194.479)
  f[0][1] pts=2 (-476.292,-4.66688e-12,115.264) (-287.379,-1.03877e-12,194.479)
  m[1][0] pts=16 (-457.189,-2.97579e-12,69.7077) (-456.857,-4.6206,68.9157) (-429.87,-4.6206,80.232) (-430.534,4.6206,81.8161) (-403.546,4.6206,93.1324) (-402.882,-4.6206,91.5484) (-375.895,-4.6206,102.865) (-376.559,4.6206,104.449) (-349.571,4.6206,115.765) (-348.907,-4.6206,114.181) (-321.919,-4.6206,125.497) (-322.584,4.6206,127.081) (-295.596,4.6206,138.398) (-294.932,-4.6206,136.814) (-267.944,-4.6206,148.13) (-268.276,6.52318e-13,148.922)
  m[1][1] pts=2 (-457.189,-2.97579e-12,69.7077) (-268.276,6.52318e-13,148.922)
  f[1][0] pts=16 (-457.189,-2.97579e-12,69.7077) (-457.521,-4.6206,70.4998) (-430.534,-4.6206,81.8161) (-429.87,4.6206,80.232) (-402.882,4.6206,91.5484) (-403.546,-4.6206,93.1324) (-376.559,-4.6206,104.449) (-375.895,4.6206,102.865) (-348.907,4.6206,114.181) (-349.571,-4.6206,115.765) (-322.584,-4.6206,127.081) (-321.919,4.6206,125.497) (-294.932,4.6206,136.814) (-295.596,-4.6206,138.398) (-268.609,-4.6206,149.714) (-268.276,6.52318e-13,148.922)
  f[1][1] pts=2 (-457.189,-2.97579e-12,69.7077) (-268.276,6.52318e-13,148.922)
