element 0
  poly 0: 384.813 384.813 384.813 384.813 429.784 429.784 359.073 442.654 416.914 359.073 319.859 294.119 359.073 197.063 171.323 384.813 184.193 184.193 384.813 61.3977 61.3977 359.073 74.2677 48.5277 359.073 -48.5277 -74.2677 384.813 -61.3977 -61.3977 384.813 -184.193 -184.193 359.073 -171.323 -197.063 359.073 -294.119 -319.859 359.073 -416.914 -442.654 384.813 -429.784 -429.784 384.813 -384.813 -384.813 429.784 -429.784 -384.813 442.654 -416.914 -359.073 319.859 -294.119 -359.073 197.063 -171.323 -359.073 184.193 -184.193 -384.813 61.3977 -61.3977 -384.813 74.2677 -48.5277 -359.073 -48.5277 74.2677 -359.073 -61.3977 61.3977 -384.813 -184.193 184.193 -384.813 -171.323 197.063 -359.073 -294.119 319.859 -359.073 -416.914 442.654 -359.073 -429.784 429.784 -384.813 -384.813 384.813 -384.813 -429.784 384.813 -429.784 -416.914 359.073 -442.654 -294.119 359.073 -319.859 -171.323 359.073 -197.063 -184.193 384.813 -184.193 -61.3977 384.813 -61.3977 -48.5277 359.073 -74.2677 74.2677 359.073 48.5277 61.3977 384.813 61.3977 184.193 384.813 184.193 197.063 359.073 171.323 319.859 359.073 294.119 442.654 359.073 416.914 429.784 384.813 429.784 384.813 384.813 384.813
  poly 1: 333.333 333.333 333.333 333.333 429.784 429.784 359.073 416.914 442.654 359.073 294.119 319.859 359.073 171.323 197.063 333.333 184.193 184.193 333.333 61.3977 61.3977 359.073 48.5277 74.2677 359.073 -74.2677 -48.5277 333.333 -61.3977 -61.3977 333.333 -184.193 -184.193 359.073 -197.063 -171.323 359.073 -319.859 -294.119 359.073 -442.654 -416.914 333.333 -429.784 -429.784 333.333 -333.333 -333.333 429.784 -429.784 -333.333 416.914 -442.654 -359.073 294.119 -319.859 -359.073 171.323 -197.063 -359.073 184.193 -184.193 -333.333 61.3977 -61.3977 -333.333 48.5277 -74.2677 -359.073 -74.2677 48.5277 -359.073 -61.3977 61.3977 -333.333 -184.193 184.193 -333.333 -197.063 171.323 -359.073 -319.859 294.119 -359.073 -442.654 416.914 -359.073 -429.784 429.784 -333.333 -333.333 333.333 -333.333 -429.784 333.333 -429.784 -442.654 359.073 -416.914 -319.859 359.073 -294.119 -197.063 359.073 -171.323 -184.193 333.333 -184.193 -61.3977 333.333 -61.3977 -74.2677 359.073 -48.5277 48.5277 359.073 74.2677 61.3977 333.333 61.3977 184.193 333.333 184.193 171.323 359.073 197.063 294.119 359.073 319.859 416.914 359.073 442.654 429.784 333.333 429.784 333.333 333.333 333.333
element 1
  poly 0: -384.813 384.813 -384.813 -429.784 429.784 -384.813 -442.654 416.914 -359.073 -319.859 294.119 -359.073 -197.063 171.323 -359.073 -184.193 184.193 -384.813 -61.3977 61.3977 -384.813 -74.2677 48.5277 -359.073 48.5277 -74.2677 -359.073 61.3977 -61.3977 -384.813 184.193 -184.193 -384.813 171.323 -197.063 -359.073 294.119 -319.859 -359.073 416.914 -442.654 -359.073 429.784 -429.784 -384.813 384.813 -384.813 -384.813 429.784 -384.813 -429.784 416.914 -359.073 -442.654 294.119 -359.073 -319.859 171.323 -359.073 -197.063 184.193 -384.813 -184.193 61.3977 -384.813 -61.3977 48.5277 -359.073 -74.2677 -74.2677 -359.073 48.5277 -61.3977 -384.813 61.3977 -184.193 -384.813 184.193 -197.063 -359.073 171.323 -319.859 -359.073 294.119 -442.654 -359.073 416.914 -429.784 -384.813 429.784 -384.813 -384.813 384.813 -384.813 -429.784 429.784 -359.073 -442.654 416.914 -359.073 -319.859 294.119 -359.073 -197.063 171.323 -384.813 -184.193 184.193 -384.813 -61.3977 61.3977 -359.073 -74.2677 48.5277 -359.073 48.5277 -74.2677 -384.813 61.3977 -61.3977 -384.813 184.193 -184.193 -359.073 171.323 -197.063 -359.073 294.119 -319.859 -359.073 416.914 -442.654 -384.813 429.784 -429.784 -384.813 384.813 -384.813
  poly 1: -333.333 333.333 -333.333 -429.784 429.784 -333.333 -416.914 442.654 -359.073 -294.119 319.859 -359.073 -171.323 197.063 -359.073 -184.193 184.193 -333.333 -61.3977 61.3977 -333.333 -48.5277 74.2677 -359.073 74.2677 -48.5277 -359.073 61.3977 -61.3977 -333.333 184.193 -184.193 -333.333 197.063 -171.323 -359.073 319.859 -294.119 -359.073 442.654 -416.914 -359.073 429.784 -429.784 -333.333 333.333 -333.333 -333.333 429.784 -333.333 -429.784 442.654 -359.073 -416.914 319.859 -359.073 -294.119 197.063 -359.073 -171.323 184.193 -333.333 -184.193 61.3977 -333.333 -61.3977 74.2677 -359.073 -48.5277 -48.5277 -359.073 74.2677 -61.3977 -333.333 61.3977 -184.193 -333.333 184.193 -171.323 -359.073 197.063 -294.119 -359.073 319.859 -416.914 -359.073 442.654 -429.784 -333.333 429.784 -333.333 -333.333 333.333 -333.333 -429.784 429.784 -359.073 -416.914 442.654 -359.073 -294.119 319.859 -359.073 -171.323 197.063 -333.333 -184.193 184.193 -333.333 -61.3977 61.3977 -359.073 -48.5277 74.2677 -359.073 74.2677 -48.5277 -333.333 61.3977 -61.3977 -333.333 184.193 -184.193 -359.073 197.063 -171.323 -359.073 319.859 -294.119 -359.073 442.654 -416.914 -333.333 429.784 -429.784 -333.333 333.333 -333.333
element 2
  poly 0: 384.813 384.813 384.813 429.784 384.813 429.784 416.914 359.073 442.654 294.119 359.073 319.859 171.323 359.073 197.063 184.193 384.813 184.193 61.3977 384.813 61.3977 48.5277 359.073 74.2677 -74.2677 359.073 -48.5277 -61.3977 384.813 -61.3977 -184.193 384.813 -184.193 -197.063 359.073 -171.323 -319.859 359.073 -294.119 -442.654 359.073 -416.914 -429.784 384.813 -429.784 -384.813 384.813 -384.813 -384.813 429.784 -429.784 -359.073 442.654 -416.914 -359.073 319.859 -294.119 -359.073 197.063 -171.323 -384.813 184.193 -184.193 -384.813 61.3977 -61.3977 -359.073 74.2677 -48.5277 -359.073 -48.5277 74.2677 -384.813 -61.3977 61.3977 -384.813 -184.193 184.193 -359.073 -171.323 197.063 -359.073 -294.119 319.859 -359.073 -416.914 442.654 -384.813 -429.784 429.784 -384.813 -384.813 384.813 -429.784 -429.784 384.813 -442.654 -416.914 359.073 -319.859 -294.119 359.073 -197.063 -171.323 359.073 -184.193 -184.193 384.813 -61.3977 -61.3977 384.813 -74.2677 -48.5277 359.073 48.5277 74.2677 359.073 61.3977 61.3977 384.813 184.193 184.193 384.813 171.323 197.063 359.073 294.119 319.859 359.073 416.914 442.654 359.073 429.784 429.784 384.813 384.813 384.813 384.813
  poly 1: 333.333 333.333 333.333 429.784 333.333 429.784 442.654 359.073 416.914 319.859 359.073 294.119 197.063 359.073 171.323 184.193 333.333 184.193 61.3977 333.333 61.3977 74.2677 359.073 48.5277 -48.5277 359.073 -74.2677 -61.3977 333.333 -61.3977 -184.193 333.333 -184.193 -171.323 359.073 -197.063 -294.119 359.073 -319.859 -416.914 359.073 -442.654 -429.784 333.333 -429.784 -333.333 333.333 -333.333 -333.333 429.784 -429.784 -359.073 416.914 -442.654 -359.073 294.119 -319.859 -359.073 171.323 -197.063 -333.333 184.193 -184.193 -333.333 61.3977 -61.3977 -359.073 48.5277 -74.2677 -359.073 -74.2677 48.5277 -333.333 -61.3977 61.3977 -333.333 -184.193 184.193 -359.073 -197.063 171.323 -359.073 -319.859 294.119 -359.073 -442.654 416.914 -333.333 -429.784 429.784 -333.333 -333.333 333.333 -429.784 -429.784 333.333 -416.914 -442.654 359.073 -294.119 -319.859 359.073 -171.323 -197.063 359.073 -184.193 -184.193 333.333 -61.3977 -61.3977 333.333 -48.5277 -74.2677 359.073 74.2677 48.5277 359.073 61.3977 61.3977 333.333 184.193 184.193 333.333 197.063 171.323 359.073 319.859 294.119 359.073 442.654 416.914 359.073 429.784 429.784 333.333 333.333 333.333 333.333
element 3
  poly 0: -384.813 -384.813 384.813 -429.784 -384.813 429.784 -416.914 -359.073 442.654 -294.119 -359.073 319.859 -171.323 -359.073 197.063 -184.193 -384.813 184.193 -61.3977 -384.813 61.3977 -48.5277 -359.073 74.2677 74.2677 -359.073 -48.5277 61.3977 -384.813 -61.3977 184.193 -384.813 -184.193 197.063 -359.073 -171.323 319.859 -359.073 -294.119 442.654 -359.073 -416.914 429.784 -384.813 -429.784 384.813 -384.813 -384.813 384.813 -429.784 -429.784 359.073 -442.654 -416.914 359.073 -319.859 -294.119 359.073 -197.063 -171.323 384.813 -184.193 -184.193 384.813 -61.3977 -61.3977 359.073 -74.2677 -48.5277 359.073 48.5277 74.2677 384.813 61.3977 61.3977 384.813 184.193 184.193 359.073 171.323 197.063 359.073 294.119 319.859 359.073 416.914 442.654 384.813 429.784 429.784 384.813 384.813 384.813 429.784 429.784 384.813 442.654 416.914 359.073 319.859 294.119 359.073 197.063 171.323 359.073 184.193 184.193 384.813 61.3977 61.3977 384.813 74.2677 48.5277 359.073 -48.5277 -74.2677 359.073 -61.3977 -61.3977 384.813 -184.193 -184.193 384.813 -171.323 -197.063 359.073 -294.119 -319.859 359.073 -416.914 -442.654 359.073 -429.784 -429.784 384.813 -384.813 -384.813 384.813
  poly 1: -333.333 -333.333 333.333 -429.784 -333.333 429.784 -442.654 -359.073 416.914 -319.859 -359.073 294.119 -197.063 -359.073 171.323 -184.193 -333.333 184.193 -61.3977 -333.333 61.3977 -74.2677 -359.073 48.5277 48.5277 -359.073 -74.2677 61.3977 -333.333 -61.3977 184.193 -333.333 -184.193 171.323 -359.073 -197.063 294.119 -359.073 -319.859 416.914 -359.073 -442.654 429.784 -333.333 -429.784 333.333 -333.333 -333.333 333.333 -429.784 -429.784 359.073 -416.914 -442.654 359.073 -294.119 -319.859 359.073 -171.323 -197.063 333.333 -184.193 -184.193 333.333 -61.3977 -61.3977 359.073 -48.5277 -74.2677 359.073 74.2677 48.5277 333.333 61.3977 61.3977 333.333 184.193 184.193 359.073 197.063 171.323 359.073 319.859 294.119 359.073 442.654 416.914 333.333 429.784 429.784 333.333 333.333 333.333 429.784 429.784 333.333 416.914 442.654 359.073 294.119 319.859 359.073 171.323 197.063 359.073 184.193 184.193 333.333 61.3977 61.3977 333.333 48.5277 74.2677 359.073 -74.2677 -48.5277 359.073 -61.3977 -61.3977 333.333 -184.193 -184.193 333.333 -197.063 -171.323 359.073 -319.859 -294.119 359.073 -442.654 -416.914 359.073 -429.784 -429.784 333.333 -333.333 -333.333 333.333
