# wood joints after construct_joint_by_index
# count=12
joint 0 type=20 v0=1 v1=0 f0_0=2 f1_0=0 name=ts_e_p_5 orient=1 div=2 shift=0.5
  jv[0] pts=5 (9.99835,414.503,103.266) (9.99835,414.503,123.266) (9.99835,434.503,123.266) (9.99835,434.503,103.266) (9.99835,414.503,103.266)
  jv[1] pts=5 (-10.0016,414.503,103.266) (-10.0016,414.503,123.266) (-10.0016,434.503,123.266) (-10.0016,434.503,103.266) (-10.0016,414.503,103.266)
  m[0][0] pts=44 (-161.89,414.503,103.266) (-161.89,356.364,103.266) (-151.425,356.364,103.266) (-151.425,424.038,103.266) (-146.192,424.038,103.266) (-146.192,434.503,103.266) (-153.169,434.503,103.266) (-153.169,436.581,103.266) (-150.262,444.719,103.266) (-134.564,444.719,103.266) (-134.564,356.364,103.266) (-124.099,356.364,103.266) (-124.099,444.719,103.266) (-108.402,444.719,103.266) (-105.495,436.581,103.266) (-105.495,434.503,103.266) (-112.471,434.503,103.266) (-112.471,424.038,103.266) (-107.239,424.038,103.266) (-107.239,356.364,103.266) (-96.7738,356.364,103.266) (-96.7738,414.503,103.266) (96.7705,414.503,103.266) (96.7705,356.364,103.266) (107.236,356.364,103.266) (107.236,424.038,103.266) (112.468,424.038,103.266) (112.468,434.503,103.266) (105.491,434.503,103.266) (105.491,436.581,103.266) (108.398,444.719,103.266) (124.096,444.719,103.266) (124.096,356.364,103.266) (134.561,356.364,103.266) (134.561,444.719,103.266) (150.259,444.719,103.266) (153.165,436.581,103.266) (153.165,434.503,103.266) (146.189,434.503,103.266) (146.189,424.038,103.266) (151.421,424.038,103.266) (151.421,356.364,103.266) (161.886,356.364,103.266) (161.886,414.503,103.266)
  m[0][1] pts=2 (-161.89,414.503,103.266) (161.886,414.503,103.266)
  f[0][0] pts=5 (-151.425,414.503,103.266) (-107.239,414.503,103.266) (-107.239,414.503,123.266) (-151.425,414.503,123.266) (-151.425,414.503,103.266)
  f[0][1] pts=5 (107.236,414.503,103.266) (151.421,414.503,103.266) (151.421,414.503,123.266) (107.236,414.503,123.266) (107.236,414.503,103.266)
  f[0][2] pts=5 (-151.425,414.503,103.266) (-151.425,414.503,123.266) (151.421,414.503,123.266) (151.421,414.503,103.266) (-151.425,414.503,103.266)
  m[1][0] pts=44 (-161.89,414.503,123.266) (-161.89,356.364,123.266) (-151.425,356.364,123.266) (-151.425,424.038,123.266) (-146.192,424.038,123.266) (-146.192,434.503,123.266) (-153.169,434.503,123.266) (-153.169,436.581,123.266) (-150.262,444.719,123.266) (-134.564,444.719,123.266) (-134.564,356.364,123.266) (-124.099,356.364,123.266) (-124.099,444.719,123.266) (-108.402,444.719,123.266) (-105.495,436.581,123.266) (-105.495,434.503,123.266) (-112.471,434.503,123.266) (-112.471,424.038,123.266) (-107.239,424.038,123.266) (-107.239,356.364,123.266) (-96.7738,356.364,123.266) (-96.7738,414.503,123.266) (96.7705,414.503,123.266) (96.7705,356.364,123.266) (107.236,356.364,123.266) (107.236,424.038,123.266) (112.468,424.038,123.266) (112.468,434.503,123.266) (105.491,434.503,123.266) (105.491,436.581,123.266) (108.398,444.719,123.266) (124.096,444.719,123.266) (124.096,356.364,123.266) (134.561,356.364,123.266) (134.561,444.719,123.266) (150.259,444.719,123.266) (153.165,436.581,123.266) (153.165,434.503,123.266) (146.189,434.503,123.266) (146.189,424.038,123.266) (151.421,424.038,123.266) (151.421,356.364,123.266) (161.886,356.364,123.266) (161.886,414.503,123.266)
  m[1][1] pts=2 (-161.89,414.503,123.266) (161.886,414.503,123.266)
  f[1][0] pts=5 (-151.425,434.503,103.266) (-107.239,434.503,103.266) (-107.239,434.503,123.266) (-151.425,434.503,123.266) (-151.425,434.503,103.266)
  f[1][1] pts=5 (107.236,434.503,103.266) (151.421,434.503,103.266) (151.421,434.503,123.266) (107.236,434.503,123.266) (107.236,434.503,103.266)
  f[1][2] pts=5 (-151.425,434.503,103.266) (-151.425,434.503,123.266) (151.421,434.503,123.266) (151.421,434.503,103.266) (-151.425,434.503,103.266)
joint 1 type=20 v0=3 v1=0 f0_0=5 f1_0=0 name=ts_e_p_5 orient=1 div=2 shift=0.5
  jv[0] pts=5 (-10.0016,414.503,-103.266) (-10.0016,414.503,-123.266) (-10.0016,434.503,-123.266) (-10.0016,434.503,-103.266) (-10.0016,414.503,-103.266)
  jv[1] pts=5 (9.99835,414.503,-103.266) (9.99835,414.503,-123.266) (9.99835,434.503,-123.266) (9.99835,434.503,-103.266) (9.99835,414.503,-103.266)
  m[0][0] pts=44 (161.886,414.503,-103.266) (161.886,356.364,-103.266) (151.421,356.364,-103.266) (151.421,424.038,-103.266) (146.189,424.038,-103.266) (146.189,434.503,-103.266) (153.165,434.503,-103.266) (153.165,436.581,-103.266) (150.259,444.719,-103.266) (134.561,444.719,-103.266) (134.561,356.364,-103.266) (124.096,356.364,-103.266) (124.096,444.719,-103.266) (108.398,444.719,-103.266) (105.491,436.581,-103.266) (105.491,434.503,-103.266) (112.468,434.503,-103.266) (112.468,424.038,-103.266) (107.236,424.038,-103.266) (107.236,356.364,-103.266) (96.7705,356.364,-103.266) (96.7705,414.503,-103.266) (-96.7738,414.503,-103.266) (-96.7738,356.364,-103.266) (-107.239,356.364,-103.266) (-107.239,424.038,-103.266) (-112.471,424.038,-103.266) (-112.471,434.503,-103.266) (-105.495,434.503,-103.266) (-105.495,436.581,-103.266) (-108.402,444.719,-103.266) (-124.099,444.719,-103.266) (-124.099,356.364,-103.266) (-134.564,356.364,-103.266) (-134.564,444.719,-103.266) (-150.262,444.719,-103.266) (-153.169,436.581,-103.266) (-153.169,434.503,-103.266) (-146.192,434.503,-103.266) (-146.192,424.038,-103.266) (-151.425,424.038,-103.266) (-151.425,356.364,-103.266) (-161.89,356.364,-103.266) (-161.89,414.503,-103.266)
  m[0][1] pts=2 (161.886,414.503,-103.266) (-161.89,414.503,-103.266)
  f[0][0] pts=5 (151.421,414.503,-103.266) (107.236,414.503,-103.266) (107.236,414.503,-123.266) (151.421,414.503,-123.266) (151.421,414.503,-103.266)
  f[0][1] pts=5 (-107.239,414.503,-103.266) (-151.425,414.503,-103.266) (-151.425,414.503,-123.266) (-107.239,414.503,-123.266) (-107.239,414.503,-103.266)
  f[0][2] pts=5 (151.421,414.503,-103.266) (151.421,414.503,-123.266) (-151.425,414.503,-123.266) (-151.425,414.503,-103.266) (151.421,414.503,-103.266)
  m[1][0] pts=44 (161.886,414.503,-123.266) (161.886,356.364,-123.266) (151.421,356.364,-123.266) (151.421,424.038,-123.266) (146.189,424.038,-123.266) (146.189,434.503,-123.266) (153.165,434.503,-123.266) (153.165,436.581,-123.266) (150.259,444.719,-123.266) (134.561,444.719,-123.266) (134.561,356.364,-123.266) (124.096,356.364,-123.266) (124.096,444.719,-123.266) (108.398,444.719,-123.266) (105.491,436.581,-123.266) (105.491,434.503,-123.266) (112.468,434.503,-123.266) (112.468,424.038,-123.266) (107.236,424.038,-123.266) (107.236,356.364,-123.266) (96.7705,356.364,-123.266) (96.7705,414.503,-123.266) (-96.7738,414.503,-123.266) (-96.7738,356.364,-123.266) (-107.239,356.364,-123.266) (-107.239,424.038,-123.266) (-112.471,424.038,-123.266) (-112.471,434.503,-123.266) (-105.495,434.503,-123.266) (-105.495,436.581,-123.266) (-108.402,444.719,-123.266) (-124.099,444.719,-123.266) (-124.099,356.364,-123.266) (-134.564,356.364,-123.266) (-134.564,444.719,-123.266) (-150.262,444.719,-123.266) (-153.169,436.581,-123.266) (-153.169,434.503,-123.266) (-146.192,434.503,-123.266) (-146.192,424.038,-123.266) (-151.425,424.038,-123.266) (-151.425,356.364,-123.266) (-161.89,356.364,-123.266) (-161.89,414.503,-123.266)
  m[1][1] pts=2 (161.886,414.503,-123.266) (-161.89,414.503,-123.266)
  f[1][0] pts=5 (151.421,434.503,-103.266) (107.236,434.503,-103.266) (107.236,434.503,-123.266) (151.421,434.503,-123.266) (151.421,434.503,-103.266)
  f[1][1] pts=5 (-107.239,434.503,-103.266) (-151.425,434.503,-103.266) (-151.425,434.503,-123.266) (-107.239,434.503,-123.266) (-107.239,434.503,-103.266)
  f[1][2] pts=5 (151.421,434.503,-103.266) (151.421,434.503,-123.266) (-151.425,434.503,-123.266) (-151.425,434.503,-103.266) (151.421,434.503,-103.266)
joint 2 type=20 v0=4 v1=0 f0_0=2 f1_0=0 name=ts_e_p_5 orient=1 div=1 shift=0.5
  jv[0] pts=5 (123.266,414.503,10.0008) (103.266,414.503,10.0008) (103.266,434.503,10.0008) (123.266,434.503,10.0008) (123.266,414.503,10.0008)
  jv[1] pts=5 (123.266,414.503,-9.99924) (103.266,414.503,-9.99924) (103.266,434.503,-9.99924) (123.266,434.503,-9.99924) (123.266,414.503,-9.99924)
  m[0][0] pts=22 (123.266,414.503,-32.5571) (123.266,356.364,-32.5571) (123.266,356.364,-22.0921) (123.266,424.038,-22.0921) (123.266,424.038,-16.8596) (123.266,434.503,-16.8596) (123.266,434.503,-23.8363) (123.266,436.581,-23.8363) (123.266,444.719,-20.9293) (123.266,444.719,-5.23176) (123.266,356.364,-5.23176) (123.266,356.364,5.23328) (123.266,444.719,5.23328) (123.266,444.719,20.9308) (123.266,436.581,23.8378) (123.266,434.503,23.8378) (123.266,434.503,16.8611) (123.266,424.038,16.8611) (123.266,424.038,22.0936) (123.266,356.364,22.0936) (123.266,356.364,32.5587) (123.266,414.503,32.5587)
  m[0][1] pts=2 (123.266,414.503,-32.5571) (123.266,414.503,32.5587)
  f[0][0] pts=5 (123.266,414.503,-22.0921) (123.266,414.503,22.0936) (103.266,414.503,22.0936) (103.266,414.503,-22.0921) (123.266,414.503,-22.0921)
  f[0][1] pts=5 (123.266,414.503,-22.0921) (103.266,414.503,-22.0921) (103.266,414.503,22.0936) (123.266,414.503,22.0936) (123.266,414.503,-22.0921)
  m[1][0] pts=22 (103.266,414.503,-32.5571) (103.266,356.364,-32.5571) (103.266,356.364,-22.0921) (103.266,424.038,-22.0921) (103.266,424.038,-16.8596) (103.266,434.503,-16.8596) (103.266,434.503,-23.8363) (103.266,436.581,-23.8363) (103.266,444.719,-20.9293) (103.266,444.719,-5.23176) (103.266,356.364,-5.23176) (103.266,356.364,5.23328) (103.266,444.719,5.23328) (103.266,444.719,20.9308) (103.266,436.581,23.8378) (103.266,434.503,23.8378) (103.266,434.503,16.8611) (103.266,424.038,16.8611) (103.266,424.038,22.0936) (103.266,356.364,22.0936) (103.266,356.364,32.5587) (103.266,414.503,32.5587)
  m[1][1] pts=2 (103.266,414.503,-32.5571) (103.266,414.503,32.5587)
  f[1][0] pts=5 (123.266,434.503,-22.0921) (123.266,434.503,22.0936) (103.266,434.503,22.0936) (103.266,434.503,-22.0921) (123.266,434.503,-22.0921)
  f[1][1] pts=5 (123.266,434.503,-22.0921) (103.266,434.503,-22.0921) (103.266,434.503,22.0936) (123.266,434.503,22.0936) (123.266,434.503,-22.0921)
joint 3 type=20 v0=5 v1=0 f0_0=2 f1_0=0 name=ts_e_p_5 orient=1 div=1 shift=0.5
  jv[0] pts=5 (-103.266,414.503,10.0008) (-123.266,414.503,10.0008) (-123.266,434.503,10.0008) (-103.266,434.503,10.0008) (-103.266,414.503,10.0008)
  jv[1] pts=5 (-103.266,414.503,-9.99924) (-123.266,414.503,-9.99924) (-123.266,434.503,-9.99924) (-103.266,434.503,-9.99924) (-103.266,414.503,-9.99924)
  m[0][0] pts=22 (-103.266,414.503,-32.5571) (-103.266,356.364,-32.5571) (-103.266,356.364,-22.0921) (-103.266,424.038,-22.0921) (-103.266,424.038,-16.8596) (-103.266,434.503,-16.8596) (-103.266,434.503,-23.8363) (-103.266,436.581,-23.8363) (-103.266,444.719,-20.9293) (-103.266,444.719,-5.23176) (-103.266,356.364,-5.23176) (-103.266,356.364,5.23328) (-103.266,444.719,5.23328) (-103.266,444.719,20.9308) (-103.266,436.581,23.8378) (-103.266,434.503,23.8378) (-103.266,434.503,16.8611) (-103.266,424.038,16.8611) (-103.266,424.038,22.0936) (-103.266,356.364,22.0936) (-103.266,356.364,32.5587) (-103.266,414.503,32.5587)
  m[0][1] pts=2 (-103.266,414.503,-32.5571) (-103.266,414.503,32.5587)
  f[0][0] pts=5 (-103.266,414.503,-22.0921) (-103.266,414.503,22.0936) (-123.266,414.503,22.0936) (-123.266,414.503,-22.0921) (-103.266,414.503,-22.0921)
  f[0][1] pts=5 (-103.266,414.503,-22.0921) (-123.266,414.503,-22.0921) (-123.266,414.503,22.0936) (-103.266,414.503,22.0936) (-103.266,414.503,-22.0921)
  m[1][0] pts=22 (-123.266,414.503,-32.5571) (-123.266,356.364,-32.5571) (-123.266,356.364,-22.0921) (-123.266,424.038,-22.0921) (-123.266,424.038,-16.8596) (-123.266,434.503,-16.8596) (-123.266,434.503,-23.8363) (-123.266,436.581,-23.8363) (-123.266,444.719,-20.9293) (-123.266,444.719,-5.23176) (-123.266,356.364,-5.23176) (-123.266,356.364,5.23328) (-123.266,444.719,5.23328) (-123.266,444.719,20.9308) (-123.266,436.581,23.8378) (-123.266,434.503,23.8378) (-123.266,434.503,16.8611) (-123.266,424.038,16.8611) (-123.266,424.038,22.0936) (-123.266,356.364,22.0936) (-123.266,356.364,32.5587) (-123.266,414.503,32.5587)
  m[1][1] pts=2 (-123.266,414.503,-32.5571) (-123.266,414.503,32.5587)
  f[1][0] pts=5 (-103.266,434.503,-22.0921) (-103.266,434.503,22.0936) (-123.266,434.503,22.0936) (-123.266,434.503,-22.0921) (-103.266,434.503,-22.0921)
  f[1][1] pts=5 (-103.266,434.503,-22.0921) (-123.266,434.503,-22.0921) (-123.266,434.503,22.0936) (-103.266,434.503,22.0936) (-103.266,434.503,-22.0921)
joint 4 type=20 v0=1 v1=2 f0_0=4 f1_0=1 name=ts_e_p_5 orient=1 div=2 shift=0.5
  jv[0] pts=5 (10.0016,-414.503,103.266) (10.0016,-414.503,123.266) (10.0016,-434.503,123.266) (10.0016,-434.503,103.266) (10.0016,-414.503,103.266)
  jv[1] pts=5 (-9.99835,-414.503,103.266) (-9.99835,-414.503,123.266) (-9.99835,-434.503,123.266) (-9.99835,-434.503,103.266) (-9.99835,-414.503,103.266)
  m[0][0] pts=44 (-161.886,-414.503,103.266) (-161.886,-356.364,103.266) (-151.421,-356.364,103.266) (-151.421,-424.038,103.266) (-146.189,-424.038,103.266) (-146.189,-434.503,103.266) (-153.165,-434.503,103.266) (-153.165,-436.581,103.266) (-150.259,-444.719,103.266) (-134.561,-444.719,103.266) (-134.561,-356.364,103.266) (-124.096,-356.364,103.266) (-124.096,-444.719,103.266) (-108.398,-444.719,103.266) (-105.491,-436.581,103.266) (-105.491,-434.503,103.266) (-112.468,-434.503,103.266) (-112.468,-424.038,103.266) (-107.236,-424.038,103.266) (-107.236,-356.364,103.266) (-96.7705,-356.364,103.266) (-96.7705,-414.503,103.266) (96.7738,-414.503,103.266) (96.7738,-356.364,103.266) (107.239,-356.364,103.266) (107.239,-424.038,103.266) (112.471,-424.038,103.266) (112.471,-434.503,103.266) (105.495,-434.503,103.266) (105.495,-436.581,103.266) (108.402,-444.719,103.266) (124.099,-444.719,103.266) (124.099,-356.364,103.266) (134.564,-356.364,103.266) (134.564,-444.719,103.266) (150.262,-444.719,103.266) (153.169,-436.581,103.266) (153.169,-434.503,103.266) (146.192,-434.503,103.266) (146.192,-424.038,103.266) (151.425,-424.038,103.266) (151.425,-356.364,103.266) (161.89,-356.364,103.266) (161.89,-414.503,103.266)
  m[0][1] pts=2 (-161.886,-414.503,103.266) (161.89,-414.503,103.266)
  f[0][0] pts=5 (-151.421,-414.503,103.266) (-107.236,-414.503,103.266) (-107.236,-414.503,123.266) (-151.421,-414.503,123.266) (-151.421,-414.503,103.266)
  f[0][1] pts=5 (107.239,-414.503,103.266) (151.425,-414.503,103.266) (151.425,-414.503,123.266) (107.239,-414.503,123.266) (107.239,-414.503,103.266)
  f[0][2] pts=5 (-151.421,-414.503,103.266) (-151.421,-414.503,123.266) (151.425,-414.503,123.266) (151.425,-414.503,103.266) (-151.421,-414.503,103.266)
  m[1][0] pts=44 (-161.886,-414.503,123.266) (-161.886,-356.364,123.266) (-151.421,-356.364,123.266) (-151.421,-424.038,123.266) (-146.189,-424.038,123.266) (-146.189,-434.503,123.266) (-153.165,-434.503,123.266) (-153.165,-436.581,123.266) (-150.259,-444.719,123.266) (-134.561,-444.719,123.266) (-134.561,-356.364,123.266) (-124.096,-356.364,123.266) (-124.096,-444.719,123.266) (-108.398,-444.719,123.266) (-105.491,-436.581,123.266) (-105.491,-434.503,123.266) (-112.468,-434.503,123.266) (-112.468,-424.038,123.266) (-107.236,-424.038,123.266) (-107.236,-356.364,123.266) (-96.7705,-356.364,123.266) (-96.7705,-414.503,123.266) (96.7738,-414.503,123.266) (96.7738,-356.364,123.266) (107.239,-356.364,123.266) (107.239,-424.038,123.266) (112.471,-424.038,123.266) (112.471,-434.503,123.266) (105.495,-434.503,123.266) (105.495,-436.581,123.266) (108.402,-444.719,123.266) (124.099,-444.719,123.266) (124.099,-356.364,123.266) (134.564,-356.364,123.266) (134.564,-444.719,123.266) (150.262,-444.719,123.266) (153.169,-436.581,123.266) (153.169,-434.503,123.266) (146.192,-434.503,123.266) (146.192,-424.038,123.266) (151.425,-424.038,123.266) (151.425,-356.364,123.266) (161.89,-356.364,123.266) (161.89,-414.503,123.266)
  m[1][1] pts=2 (-161.886,-414.503,123.266) (161.89,-414.503,123.266)
  f[1][0] pts=5 (-151.421,-434.503,103.266) (-107.236,-434.503,103.266) (-107.236,-434.503,123.266) (-151.421,-434.503,123.266) (-151.421,-434.503,103.266)
  f[1][1] pts=5 (107.239,-434.503,103.266) (151.425,-434.503,103.266) (151.425,-434.503,123.266) (107.239,-434.503,123.266) (107.239,-434.503,103.266)
  f[1][2] pts=5 (-151.421,-434.503,103.266) (-151.421,-434.503,123.266) (151.425,-434.503,123.266) (151.425,-434.503,103.266) (-151.421,-434.503,103.266)
joint 5 type=20 v0=4 v1=1 f0_0=3 f1_0=0 name=ts_e_p_5 orient=1 div=3 shift=0.5
  jv[0] pts=5 (123.266,-10.0006,103.266) (103.266,-10.0006,103.266) (103.266,-10.0006,123.266) (123.266,-10.0006,123.266) (123.266,-10.0006,103.266)
  jv[1] pts=5 (123.266,9.99943,103.266) (103.266,9.99943,103.266) (103.266,9.99943,123.266) (123.266,9.99943,123.266) (123.266,9.99943,103.266)
  m[0][0] pts=66 (123.266,308.893,103.266) (123.266,308.893,45.1271) (123.266,298.428,45.1271) (123.266,298.428,112.801) (123.266,293.196,112.801) (123.266,293.196,123.266) (123.266,300.172,123.266) (123.266,300.172,125.344) (123.266,297.265,133.482) (123.266,281.568,133.482) (123.266,281.568,45.1271) (123.266,271.103,45.1271) (123.266,271.103,133.482) (123.266,255.405,133.482) (123.266,252.498,125.344) (123.266,252.498,123.266) (123.266,259.475,123.266) (123.266,259.475,112.801) (123.266,254.242,112.801) (123.266,254.242,45.1271) (123.266,243.777,45.1271) (123.266,243.777,103.266) (123.266,32.5573,103.266) (123.266,32.5573,45.1271) (123.266,22.0923,45.1271) (123.266,22.0923,112.801) (123.266,16.8598,112.801) (123.266,16.8598,123.266) (123.266,23.8365,123.266) (123.266,23.8365,125.344) (123.266,20.9295,133.482) (123.266,5.23195,133.482) (123.266,5.23195,45.1271) (123.266,-5.23309,45.1271) (123.266,-5.23309,133.482) (123.266,-20.9307,133.482) (123.266,-23.8376,125.344) (123.266,-23.8376,123.266) (123.266,-16.8609,123.266) (123.266,-16.8609,112.801) (123.266,-22.0934,112.801) (123.266,-22.0934,45.1271) (123.266,-32.5585,45.1271) (123.266,-32.5585,103.266) (123.266,-243.779,103.266) (123.266,-243.779,45.1271) (123.266,-254.244,45.1271) (123.266,-254.244,112.801) (123.266,-259.476,112.801) (123.266,-259.476,123.266) (123.266,-252.499,123.266) (123.266,-252.499,125.344) (123.266,-255.406,133.482) (123.266,-271.104,133.482) (123.266,-271.104,45.1271) (123.266,-281.569,45.1271) (123.266,-281.569,133.482) (123.266,-297.267,133.482) (123.266,-300.174,125.344) (123.266,-300.174,123.266) (123.266,-293.197,123.266) (123.266,-293.197,112.801) (123.266,-298.429,112.801) (123.266,-298.429,45.1271) (123.266,-308.894,45.1271) (123.266,-308.894,103.266)
  m[0][1] pts=2 (123.266,308.893,103.266) (123.266,-308.894,103.266)
  f[0][0] pts=5 (123.266,298.428,103.266) (123.266,254.242,103.266) (103.266,254.242,103.266) (103.266,298.428,103.266) (123.266,298.428,103.266)
  f[0][1] pts=5 (123.266,22.0923,103.266) (123.266,-22.0934,103.266) (103.266,-22.0934,103.266) (103.266,22.0923,103.266) (123.266,22.0923,103.266)
  f[0][2] pts=5 (123.266,-254.244,103.266) (123.266,-298.429,103.266) (103.266,-298.429,103.266) (103.266,-254.244,103.266) (123.266,-254.244,103.266)
  f[0][3] pts=5 (123.266,298.428,103.266) (103.266,298.428,103.266) (103.266,-298.429,103.266) (123.266,-298.429,103.266) (123.266,298.428,103.266)
  m[1][0] pts=66 (103.266,308.893,103.266) (103.266,308.893,45.1271) (103.266,298.428,45.1271) (103.266,298.428,112.801) (103.266,293.196,112.801) (103.266,293.196,123.266) (103.266,300.172,123.266) (103.266,300.172,125.344) (103.266,297.265,133.482) (103.266,281.568,133.482) (103.266,281.568,45.1271) (103.266,271.103,45.1271) (103.266,271.103,133.482) (103.266,255.405,133.482) (103.266,252.498,125.344) (103.266,252.498,123.266) (103.266,259.475,123.266) (103.266,259.475,112.801) (103.266,254.242,112.801) (103.266,254.242,45.1271) (103.266,243.777,45.1271) (103.266,243.777,103.266) (103.266,32.5573,103.266) (103.266,32.5573,45.1271) (103.266,22.0923,45.1271) (103.266,22.0923,112.801) (103.266,16.8598,112.801) (103.266,16.8598,123.266) (103.266,23.8365,123.266) (103.266,23.8365,125.344) (103.266,20.9295,133.482) (103.266,5.23195,133.482) (103.266,5.23195,45.1271) (103.266,-5.23309,45.1271) (103.266,-5.23309,133.482) (103.266,-20.9307,133.482) (103.266,-23.8376,125.344) (103.266,-23.8376,123.266) (103.266,-16.8609,123.266) (103.266,-16.8609,112.801) (103.266,-22.0934,112.801) (103.266,-22.0934,45.1271) (103.266,-32.5585,45.1271) (103.266,-32.5585,103.266) (103.266,-243.779,103.266) (103.266,-243.779,45.1271) (103.266,-254.244,45.1271) (103.266,-254.244,112.801) (103.266,-259.476,112.801) (103.266,-259.476,123.266) (103.266,-252.499,123.266) (103.266,-252.499,125.344) (103.266,-255.406,133.482) (103.266,-271.104,133.482) (103.266,-271.104,45.1271) (103.266,-281.569,45.1271) (103.266,-281.569,133.482) (103.266,-297.267,133.482) (103.266,-300.174,125.344) (103.266,-300.174,123.266) (103.266,-293.197,123.266) (103.266,-293.197,112.801) (103.266,-298.429,112.801) (103.266,-298.429,45.1271) (103.266,-308.894,45.1271) (103.266,-308.894,103.266)
  m[1][1] pts=2 (103.266,308.893,103.266) (103.266,-308.894,103.266)
  f[1][0] pts=5 (123.266,298.428,123.266) (123.266,254.242,123.266) (103.266,254.242,123.266) (103.266,298.428,123.266) (123.266,298.428,123.266)
  f[1][1] pts=5 (123.266,22.0923,123.266) (123.266,-22.0934,123.266) (103.266,-22.0934,123.266) (103.266,22.0923,123.266) (123.266,22.0923,123.266)
  f[1][2] pts=5 (123.266,-254.244,123.266) (123.266,-298.429,123.266) (103.266,-298.429,123.266) (103.266,-254.244,123.266) (123.266,-254.244,123.266)
  f[1][3] pts=5 (123.266,298.428,123.266) (103.266,298.428,123.266) (103.266,-298.429,123.266) (123.266,-298.429,123.266) (123.266,298.428,123.266)
joint 6 type=20 v0=5 v1=1 f0_0=3 f1_0=0 name=ts_e_p_5 orient=1 div=3 shift=0.5
  jv[0] pts=5 (-103.266,-10.0006,103.266) (-123.266,-10.0006,103.266) (-123.266,-10.0006,123.266) (-103.266,-10.0006,123.266) (-103.266,-10.0006,103.266)
  jv[1] pts=5 (-103.266,9.99943,103.266) (-123.266,9.99943,103.266) (-123.266,9.99943,123.266) (-103.266,9.99943,123.266) (-103.266,9.99943,103.266)
  m[0][0] pts=66 (-103.266,308.893,103.266) (-103.266,308.893,45.1271) (-103.266,298.428,45.1271) (-103.266,298.428,112.801) (-103.266,293.196,112.801) (-103.266,293.196,123.266) (-103.266,300.172,123.266) (-103.266,300.172,125.344) (-103.266,297.265,133.482) (-103.266,281.568,133.482) (-103.266,281.568,45.1271) (-103.266,271.103,45.1271) (-103.266,271.103,133.482) (-103.266,255.405,133.482) (-103.266,252.498,125.344) (-103.266,252.498,123.266) (-103.266,259.475,123.266) (-103.266,259.475,112.801) (-103.266,254.242,112.801) (-103.266,254.242,45.1271) (-103.266,243.777,45.1271) (-103.266,243.777,103.266) (-103.266,32.5573,103.266) (-103.266,32.5573,45.1271) (-103.266,22.0923,45.1271) (-103.266,22.0923,112.801) (-103.266,16.8598,112.801) (-103.266,16.8598,123.266) (-103.266,23.8365,123.266) (-103.266,23.8365,125.344) (-103.266,20.9295,133.482) (-103.266,5.23195,133.482) (-103.266,5.23195,45.1271) (-103.266,-5.23309,45.1271) (-103.266,-5.23309,133.482) (-103.266,-20.9307,133.482) (-103.266,-23.8376,125.344) (-103.266,-23.8376,123.266) (-103.266,-16.8609,123.266) (-103.266,-16.8609,112.801) (-103.266,-22.0934,112.801) (-103.266,-22.0934,45.1271) (-103.266,-32.5585,45.1271) (-103.266,-32.5585,103.266) (-103.266,-243.779,103.266) (-103.266,-243.779,45.1271) (-103.266,-254.244,45.1271) (-103.266,-254.244,112.801) (-103.266,-259.476,112.801) (-103.266,-259.476,123.266) (-103.266,-252.499,123.266) (-103.266,-252.499,125.344) (-103.266,-255.406,133.482) (-103.266,-271.104,133.482) (-103.266,-271.104,45.1271) (-103.266,-281.569,45.1271) (-103.266,-281.569,133.482) (-103.266,-297.267,133.482) (-103.266,-300.174,125.344) (-103.266,-300.174,123.266) (-103.266,-293.197,123.266) (-103.266,-293.197,112.801) (-103.266,-298.429,112.801) (-103.266,-298.429,45.1271) (-103.266,-308.894,45.1271) (-103.266,-308.894,103.266)
  m[0][1] pts=2 (-103.266,308.893,103.266) (-103.266,-308.894,103.266)
  f[0][0] pts=5 (-103.266,298.428,103.266) (-103.266,254.242,103.266) (-123.266,254.242,103.266) (-123.266,298.428,103.266) (-103.266,298.428,103.266)
  f[0][1] pts=5 (-103.266,22.0923,103.266) (-103.266,-22.0934,103.266) (-123.266,-22.0934,103.266) (-123.266,22.0923,103.266) (-103.266,22.0923,103.266)
  f[0][2] pts=5 (-103.266,-254.244,103.266) (-103.266,-298.429,103.266) (-123.266,-298.429,103.266) (-123.266,-254.244,103.266) (-103.266,-254.244,103.266)
  f[0][3] pts=5 (-103.266,298.428,103.266) (-123.266,298.428,103.266) (-123.266,-298.429,103.266) (-103.266,-298.429,103.266) (-103.266,298.428,103.266)
  m[1][0] pts=66 (-123.266,308.893,103.266) (-123.266,308.893,45.1271) (-123.266,298.428,45.1271) (-123.266,298.428,112.801) (-123.266,293.196,112.801) (-123.266,293.196,123.266) (-123.266,300.172,123.266) (-123.266,300.172,125.344) (-123.266,297.265,133.482) (-123.266,281.568,133.482) (-123.266,281.568,45.1271) (-123.266,271.103,45.1271) (-123.266,271.103,133.482) (-123.266,255.405,133.482) (-123.266,252.498,125.344) (-123.266,252.498,123.266) (-123.266,259.475,123.266) (-123.266,259.475,112.801) (-123.266,254.242,112.801) (-123.266,254.242,45.1271) (-123.266,243.777,45.1271) (-123.266,243.777,103.266) (-123.266,32.5573,103.266) (-123.266,32.5573,45.1271) (-123.266,22.0923,45.1271) (-123.266,22.0923,112.801) (-123.266,16.8598,112.801) (-123.266,16.8598,123.266) (-123.266,23.8365,123.266) (-123.266,23.8365,125.344) (-123.266,20.9295,133.482) (-123.266,5.23195,133.482) (-123.266,5.23195,45.1271) (-123.266,-5.23309,45.1271) (-123.266,-5.23309,133.482) (-123.266,-20.9307,133.482) (-123.266,-23.8376,125.344) (-123.266,-23.8376,123.266) (-123.266,-16.8609,123.266) (-123.266,-16.8609,112.801) (-123.266,-22.0934,112.801) (-123.266,-22.0934,45.1271) (-123.266,-32.5585,45.1271) (-123.266,-32.5585,103.266) (-123.266,-243.779,103.266) (-123.266,-243.779,45.1271) (-123.266,-254.244,45.1271) (-123.266,-254.244,112.801) (-123.266,-259.476,112.801) (-123.266,-259.476,123.266) (-123.266,-252.499,123.266) (-123.266,-252.499,125.344) (-123.266,-255.406,133.482) (-123.266,-271.104,133.482) (-123.266,-271.104,45.1271) (-123.266,-281.569,45.1271) (-123.266,-281.569,133.482) (-123.266,-297.267,133.482) (-123.266,-300.174,125.344) (-123.266,-300.174,123.266) (-123.266,-293.197,123.266) (-123.266,-293.197,112.801) (-123.266,-298.429,112.801) (-123.266,-298.429,45.1271) (-123.266,-308.894,45.1271) (-123.266,-308.894,103.266)
  m[1][1] pts=2 (-123.266,308.893,103.266) (-123.266,-308.894,103.266)
  f[1][0] pts=5 (-103.266,298.428,123.266) (-103.266,254.242,123.266) (-123.266,254.242,123.266) (-123.266,298.428,123.266) (-103.266,298.428,123.266)
  f[1][1] pts=5 (-103.266,22.0923,123.266) (-103.266,-22.0934,123.266) (-123.266,-22.0934,123.266) (-123.266,22.0923,123.266) (-103.266,22.0923,123.266)
  f[1][2] pts=5 (-103.266,-254.244,123.266) (-103.266,-298.429,123.266) (-123.266,-298.429,123.266) (-123.266,-254.244,123.266) (-103.266,-254.244,123.266)
  f[1][3] pts=5 (-103.266,298.428,123.266) (-123.266,298.428,123.266) (-123.266,-298.429,123.266) (-103.266,-298.429,123.266) (-103.266,298.428,123.266)
joint 7 type=20 v0=3 v1=2 f0_0=3 f1_0=1 name=ts_e_p_5 orient=1 div=2 shift=0.5
  jv[0] pts=5 (9.99835,-414.503,-103.266) (9.99835,-414.503,-123.266) (9.99835,-434.503,-123.266) (9.99835,-434.503,-103.266) (9.99835,-414.503,-103.266)
  jv[1] pts=5 (-10.0016,-414.503,-103.266) (-10.0016,-414.503,-123.266) (-10.0016,-434.503,-123.266) (-10.0016,-434.503,-103.266) (-10.0016,-414.503,-103.266)
  m[0][0] pts=44 (-161.89,-414.503,-103.266) (-161.89,-356.364,-103.266) (-151.425,-356.364,-103.266) (-151.425,-424.038,-103.266) (-146.192,-424.038,-103.266) (-146.192,-434.503,-103.266) (-153.169,-434.503,-103.266) (-153.169,-436.581,-103.266) (-150.262,-444.719,-103.266) (-134.564,-444.719,-103.266) (-134.564,-356.364,-103.266) (-124.099,-356.364,-103.266) (-124.099,-444.719,-103.266) (-108.402,-444.719,-103.266) (-105.495,-436.581,-103.266) (-105.495,-434.503,-103.266) (-112.471,-434.503,-103.266) (-112.471,-424.038,-103.266) (-107.239,-424.038,-103.266) (-107.239,-356.364,-103.266) (-96.7738,-356.364,-103.266) (-96.7738,-414.503,-103.266) (96.7705,-414.503,-103.266) (96.7705,-356.364,-103.266) (107.236,-356.364,-103.266) (107.236,-424.038,-103.266) (112.468,-424.038,-103.266) (112.468,-434.503,-103.266) (105.491,-434.503,-103.266) (105.491,-436.581,-103.266) (108.398,-444.719,-103.266) (124.096,-444.719,-103.266) (124.096,-356.364,-103.266) (134.561,-356.364,-103.266) (134.561,-444.719,-103.266) (150.259,-444.719,-103.266) (153.165,-436.581,-103.266) (153.165,-434.503,-103.266) (146.189,-434.503,-103.266) (146.189,-424.038,-103.266) (151.421,-424.038,-103.266) (151.421,-356.364,-103.266) (161.886,-356.364,-103.266) (161.886,-414.503,-103.266)
  m[0][1] pts=2 (-161.89,-414.503,-103.266) (161.886,-414.503,-103.266)
  f[0][0] pts=5 (-151.425,-414.503,-103.266) (-107.239,-414.503,-103.266) (-107.239,-414.503,-123.266) (-151.425,-414.503,-123.266) (-151.425,-414.503,-103.266)
  f[0][1] pts=5 (107.236,-414.503,-103.266) (151.421,-414.503,-103.266) (151.421,-414.503,-123.266) (107.236,-414.503,-123.266) (107.236,-414.503,-103.266)
  f[0][2] pts=5 (-151.425,-414.503,-103.266) (-151.425,-414.503,-123.266) (151.421,-414.503,-123.266) (151.421,-414.503,-103.266) (-151.425,-414.503,-103.266)
  m[1][0] pts=44 (-161.89,-414.503,-123.266) (-161.89,-356.364,-123.266) (-151.425,-356.364,-123.266) (-151.425,-424.038,-123.266) (-146.192,-424.038,-123.266) (-146.192,-434.503,-123.266) (-153.169,-434.503,-123.266) (-153.169,-436.581,-123.266) (-150.262,-444.719,-123.266) (-134.564,-444.719,-123.266) (-134.564,-356.364,-123.266) (-124.099,-356.364,-123.266) (-124.099,-444.719,-123.266) (-108.402,-444.719,-123.266) (-105.495,-436.581,-123.266) (-105.495,-434.503,-123.266) (-112.471,-434.503,-123.266) (-112.471,-424.038,-123.266) (-107.239,-424.038,-123.266) (-107.239,-356.364,-123.266) (-96.7738,-356.364,-123.266) (-96.7738,-414.503,-123.266) (96.7705,-414.503,-123.266) (96.7705,-356.364,-123.266) (107.236,-356.364,-123.266) (107.236,-424.038,-123.266) (112.468,-424.038,-123.266) (112.468,-434.503,-123.266) (105.491,-434.503,-123.266) (105.491,-436.581,-123.266) (108.398,-444.719,-123.266) (124.096,-444.719,-123.266) (124.096,-356.364,-123.266) (134.561,-356.364,-123.266) (134.561,-444.719,-123.266) (150.259,-444.719,-123.266) (153.165,-436.581,-123.266) (153.165,-434.503,-123.266) (146.189,-434.503,-123.266) (146.189,-424.038,-123.266) (151.421,-424.038,-123.266) (151.421,-356.364,-123.266) (161.886,-356.364,-123.266) (161.886,-414.503,-123.266)
  m[1][1] pts=2 (-161.89,-414.503,-123.266) (161.886,-414.503,-123.266)
  f[1][0] pts=5 (-151.425,-434.503,-103.266) (-107.239,-434.503,-103.266) (-107.239,-434.503,-123.266) (-151.425,-434.503,-123.266) (-151.425,-434.503,-103.266)
  f[1][1] pts=5 (107.236,-434.503,-103.266) (151.421,-434.503,-103.266) (151.421,-434.503,-123.266) (107.236,-434.503,-123.266) (107.236,-434.503,-103.266)
  f[1][2] pts=5 (-151.425,-434.503,-103.266) (-151.425,-434.503,-123.266) (151.421,-434.503,-123.266) (151.421,-434.503,-103.266) (-151.425,-434.503,-103.266)
joint 8 type=20 v0=4 v1=2 f0_0=4 f1_0=1 name=ts_e_p_5 orient=1 div=1 shift=0.5
  jv[0] pts=5 (123.266,-414.503,-9.99924) (103.266,-414.503,-9.99924) (103.266,-434.503,-9.99924) (123.266,-434.503,-9.99924) (123.266,-414.503,-9.99924)
  jv[1] pts=5 (123.266,-414.503,10.0008) (103.266,-414.503,10.0008) (103.266,-434.503,10.0008) (123.266,-434.503,10.0008) (123.266,-414.503,10.0008)
  m[0][0] pts=22 (123.266,-414.503,32.5587) (123.266,-356.364,32.5587) (123.266,-356.364,22.0936) (123.266,-424.038,22.0936) (123.266,-424.038,16.8611) (123.266,-434.503,16.8611) (123.266,-434.503,23.8378) (123.266,-436.581,23.8378) (123.266,-444.719,20.9308) (123.266,-444.719,5.23328) (123.266,-356.364,5.23328) (123.266,-356.364,-5.23176) (123.266,-444.719,-5.23176) (123.266,-444.719,-20.9293) (123.266,-436.581,-23.8363) (123.266,-434.503,-23.8363) (123.266,-434.503,-16.8596) (123.266,-424.038,-16.8596) (123.266,-424.038,-22.0921) (123.266,-356.364,-22.0921) (123.266,-356.364,-32.5571) (123.266,-414.503,-32.5571)
  m[0][1] pts=2 (123.266,-414.503,32.5587) (123.266,-414.503,-32.5571)
  f[0][0] pts=5 (123.266,-414.503,22.0936) (123.266,-414.503,-22.0921) (103.266,-414.503,-22.0921) (103.266,-414.503,22.0936) (123.266,-414.503,22.0936)
  f[0][1] pts=5 (123.266,-414.503,22.0936) (103.266,-414.503,22.0936) (103.266,-414.503,-22.0921) (123.266,-414.503,-22.0921) (123.266,-414.503,22.0936)
  m[1][0] pts=22 (103.266,-414.503,32.5587) (103.266,-356.364,32.5587) (103.266,-356.364,22.0936) (103.266,-424.038,22.0936) (103.266,-424.038,16.8611) (103.266,-434.503,16.8611) (103.266,-434.503,23.8378) (103.266,-436.581,23.8378) (103.266,-444.719,20.9308) (103.266,-444.719,5.23328) (103.266,-356.364,5.23328) (103.266,-356.364,-5.23176) (103.266,-444.719,-5.23176) (103.266,-444.719,-20.9293) (103.266,-436.581,-23.8363) (103.266,-434.503,-23.8363) (103.266,-434.503,-16.8596) (103.266,-424.038,-16.8596) (103.266,-424.038,-22.0921) (103.266,-356.364,-22.0921) (103.266,-356.364,-32.5571) (103.266,-414.503,-32.5571)
  m[1][1] pts=2 (103.266,-414.503,32.5587) (103.266,-414.503,-32.5571)
  f[1][0] pts=5 (123.266,-434.503,22.0936) (123.266,-434.503,-22.0921) (103.266,-434.503,-22.0921) (103.266,-434.503,22.0936) (123.266,-434.503,22.0936)
  f[1][1] pts=5 (123.266,-434.503,22.0936) (103.266,-434.503,22.0936) (103.266,-434.503,-22.0921) (123.266,-434.503,-22.0921) (123.266,-434.503,22.0936)
joint 9 type=20 v0=5 v1=2 f0_0=4 f1_0=1 name=ts_e_p_5 orient=1 div=1 shift=0.5
  jv[0] pts=5 (-103.266,-414.503,-9.99924) (-123.266,-414.503,-9.99924) (-123.266,-434.503,-9.99924) (-103.266,-434.503,-9.99924) (-103.266,-414.503,-9.99924)
  jv[1] pts=5 (-103.266,-414.503,10.0008) (-123.266,-414.503,10.0008) (-123.266,-434.503,10.0008) (-103.266,-434.503,10.0008) (-103.266,-414.503,10.0008)
  m[0][0] pts=22 (-103.266,-414.503,32.5587) (-103.266,-356.364,32.5587) (-103.266,-356.364,22.0936) (-103.266,-424.038,22.0936) (-103.266,-424.038,16.8611) (-103.266,-434.503,16.8611) (-103.266,-434.503,23.8378) (-103.266,-436.581,23.8378) (-103.266,-444.719,20.9308) (-103.266,-444.719,5.23328) (-103.266,-356.364,5.23328) (-103.266,-356.364,-5.23176) (-103.266,-444.719,-5.23176) (-103.266,-444.719,-20.9293) (-103.266,-436.581,-23.8363) (-103.266,-434.503,-23.8363) (-103.266,-434.503,-16.8596) (-103.266,-424.038,-16.8596) (-103.266,-424.038,-22.0921) (-103.266,-356.364,-22.0921) (-103.266,-356.364,-32.5571) (-103.266,-414.503,-32.5571)
  m[0][1] pts=2 (-103.266,-414.503,32.5587) (-103.266,-414.503,-32.5571)
  f[0][0] pts=5 (-103.266,-414.503,22.0936) (-103.266,-414.503,-22.0921) (-123.266,-414.503,-22.0921) (-123.266,-414.503,22.0936) (-103.266,-414.503,22.0936)
  f[0][1] pts=5 (-103.266,-414.503,22.0936) (-123.266,-414.503,22.0936) (-123.266,-414.503,-22.0921) (-103.266,-414.503,-22.0921) (-103.266,-414.503,22.0936)
  m[1][0] pts=22 (-123.266,-414.503,32.5587) (-123.266,-356.364,32.5587) (-123.266,-356.364,22.0936) (-123.266,-424.038,22.0936) (-123.266,-424.038,16.8611) (-123.266,-434.503,16.8611) (-123.266,-434.503,23.8378) (-123.266,-436.581,23.8378) (-123.266,-444.719,20.9308) (-123.266,-444.719,5.23328) (-123.266,-356.364,5.23328) (-123.266,-356.364,-5.23176) (-123.266,-444.719,-5.23176) (-123.266,-444.719,-20.9293) (-123.266,-436.581,-23.8363) (-123.266,-434.503,-23.8363) (-123.266,-434.503,-16.8596) (-123.266,-424.038,-16.8596) (-123.266,-424.038,-22.0921) (-123.266,-356.364,-22.0921) (-123.266,-356.364,-32.5571) (-123.266,-414.503,-32.5571)
  m[1][1] pts=2 (-123.266,-414.503,32.5587) (-123.266,-414.503,-32.5571)
  f[1][0] pts=5 (-103.266,-434.503,22.0936) (-103.266,-434.503,-22.0921) (-123.266,-434.503,-22.0921) (-123.266,-434.503,22.0936) (-103.266,-434.503,22.0936)
  f[1][1] pts=5 (-103.266,-434.503,22.0936) (-123.266,-434.503,22.0936) (-123.266,-434.503,-22.0921) (-103.266,-434.503,-22.0921) (-103.266,-434.503,22.0936)
joint 10 type=20 v0=4 v1=3 f0_0=5 f1_0=0 name=ts_e_p_5 orient=1 div=3 shift=0.5
  jv[0] pts=5 (123.266,9.99943,-103.266) (103.266,9.99943,-103.266) (103.266,9.99943,-123.266) (123.266,9.99943,-123.266) (123.266,9.99943,-103.266)
  jv[1] pts=5 (123.266,-10.0006,-103.266) (103.266,-10.0006,-103.266) (103.266,-10.0006,-123.266) (123.266,-10.0006,-123.266) (123.266,-10.0006,-103.266)
  m[0][0] pts=66 (123.266,-308.894,-103.266) (123.266,-308.894,-45.1271) (123.266,-298.429,-45.1271) (123.266,-298.429,-112.801) (123.266,-293.197,-112.801) (123.266,-293.197,-123.266) (123.266,-300.174,-123.266) (123.266,-300.174,-125.344) (123.266,-297.267,-133.482) (123.266,-281.569,-133.482) (123.266,-281.569,-45.1271) (123.266,-271.104,-45.1271) (123.266,-271.104,-133.482) (123.266,-255.406,-133.482) (123.266,-252.499,-125.344) (123.266,-252.499,-123.266) (123.266,-259.476,-123.266) (123.266,-259.476,-112.801) (123.266,-254.244,-112.801) (123.266,-254.244,-45.1271) (123.266,-243.779,-45.1271) (123.266,-243.779,-103.266) (123.266,-32.5585,-103.266) (123.266,-32.5585,-45.1271) (123.266,-22.0934,-45.1271) (123.266,-22.0934,-112.801) (123.266,-16.8609,-112.801) (123.266,-16.8609,-123.266) (123.266,-23.8376,-123.266) (123.266,-23.8376,-125.344) (123.266,-20.9307,-133.482) (123.266,-5.23309,-133.482) (123.266,-5.23309,-45.1271) (123.266,5.23195,-45.1271) (123.266,5.23195,-133.482) (123.266,20.9295,-133.482) (123.266,23.8365,-125.344) (123.266,23.8365,-123.266) (123.266,16.8598,-123.266) (123.266,16.8598,-112.801) (123.266,22.0923,-112.801) (123.266,22.0923,-45.1271) (123.266,32.5573,-45.1271) (123.266,32.5573,-103.266) (123.266,243.777,-103.266) (123.266,243.777,-45.1271) (123.266,254.242,-45.1271) (123.266,254.242,-112.801) (123.266,259.475,-112.801) (123.266,259.475,-123.266) (123.266,252.498,-123.266) (123.266,252.498,-125.344) (123.266,255.405,-133.482) (123.266,271.103,-133.482) (123.266,271.103,-45.1271) (123.266,281.568,-45.1271) (123.266,281.568,-133.482) (123.266,297.265,-133.482) (123.266,300.172,-125.344) (123.266,300.172,-123.266) (123.266,293.196,-123.266) (123.266,293.196,-112.801) (123.266,298.428,-112.801) (123.266,298.428,-45.1271) (123.266,308.893,-45.1271) (123.266,308.893,-103.266)
  m[0][1] pts=2 (123.266,-308.894,-103.266) (123.266,308.893,-103.266)
  f[0][0] pts=5 (123.266,-298.429,-103.266) (123.266,-254.244,-103.266) (103.266,-254.244,-103.266) (103.266,-298.429,-103.266) (123.266,-298.429,-103.266)
  f[0][1] pts=5 (123.266,-22.0934,-103.266) (123.266,22.0923,-103.266) (103.266,22.0923,-103.266) (103.266,-22.0934,-103.266) (123.266,-22.0934,-103.266)
  f[0][2] pts=5 (123.266,254.242,-103.266) (123.266,298.428,-103.266) (103.266,298.428,-103.266) (103.266,254.242,-103.266) (123.266,254.242,-103.266)
  f[0][3] pts=5 (123.266,-298.429,-103.266) (103.266,-298.429,-103.266) (103.266,298.428,-103.266) (123.266,298.428,-103.266) (123.266,-298.429,-103.266)
  m[1][0] pts=66 (103.266,-308.894,-103.266) (103.266,-308.894,-45.1271) (103.266,-298.429,-45.1271) (103.266,-298.429,-112.801) (103.266,-293.197,-112.801) (103.266,-293.197,-123.266) (103.266,-300.174,-123.266) (103.266,-300.174,-125.344) (103.266,-297.267,-133.482) (103.266,-281.569,-133.482) (103.266,-281.569,-45.1271) (103.266,-271.104,-45.1271) (103.266,-271.104,-133.482) (103.266,-255.406,-133.482) (103.266,-252.499,-125.344) (103.266,-252.499,-123.266) (103.266,-259.476,-123.266) (103.266,-259.476,-112.801) (103.266,-254.244,-112.801) (103.266,-254.244,-45.1271) (103.266,-243.779,-45.1271) (103.266,-243.779,-103.266) (103.266,-32.5585,-103.266) (103.266,-32.5585,-45.1271) (103.266,-22.0934,-45.1271) (103.266,-22.0934,-112.801) (103.266,-16.8609,-112.801) (103.266,-16.8609,-123.266) (103.266,-23.8376,-123.266) (103.266,-23.8376,-125.344) (103.266,-20.9307,-133.482) (103.266,-5.23309,-133.482) (103.266,-5.23309,-45.1271) (103.266,5.23195,-45.1271) (103.266,5.23195,-133.482) (103.266,20.9295,-133.482) (103.266,23.8365,-125.344) (103.266,23.8365,-123.266) (103.266,16.8598,-123.266) (103.266,16.8598,-112.801) (103.266,22.0923,-112.801) (103.266,22.0923,-45.1271) (103.266,32.5573,-45.1271) (103.266,32.5573,-103.266) (103.266,243.777,-103.266) (103.266,243.777,-45.1271) (103.266,254.242,-45.1271) (103.266,254.242,-112.801) (103.266,259.475,-112.801) (103.266,259.475,-123.266) (103.266,252.498,-123.266) (103.266,252.498,-125.344) (103.266,255.405,-133.482) (103.266,271.103,-133.482) (103.266,271.103,-45.1271) (103.266,281.568,-45.1271) (103.266,281.568,-133.482) (103.266,297.265,-133.482) (103.266,300.172,-125.344) (103.266,300.172,-123.266) (103.266,293.196,-123.266) (103.266,293.196,-112.801) (103.266,298.428,-112.801) (103.266,298.428,-45.1271) (103.266,308.893,-45.1271) (103.266,308.893,-103.266)
  m[1][1] pts=2 (103.266,-308.894,-103.266) (103.266,308.893,-103.266)
  f[1][0] pts=5 (123.266,-298.429,-123.266) (123.266,-254.244,-123.266) (103.266,-254.244,-123.266) (103.266,-298.429,-123.266) (123.266,-298.429,-123.266)
  f[1][1] pts=5 (123.266,-22.0934,-123.266) (123.266,22.0923,-123.266) (103.266,22.0923,-123.266) (103.266,-22.0934,-123.266) (123.266,-22.0934,-123.266)
  f[1][2] pts=5 (123.266,254.242,-123.266) (123.266,298.428,-123.266) (103.266,298.428,-123.266) (103.266,254.242,-123.266) (123.266,254.242,-123.266)
  f[1][3] pts=5 (123.266,-298.429,-123.266) (103.266,-298.429,-123.266) (103.266,298.428,-123.266) (123.266,298.428,-123.266) (123.266,-298.429,-123.266)
joint 11 type=20 v0=5 v1=3 f0_0=5 f1_0=0 name=ts_e_p_5 orient=1 div=3 shift=0.5
  jv[0] pts=5 (-103.266,9.99943,-103.266) (-123.266,9.99943,-103.266) (-123.266,9.99943,-123.266) (-103.266,9.99943,-123.266) (-103.266,9.99943,-103.266)
  jv[1] pts=5 (-103.266,-10.0006,-103.266) (-123.266,-10.0006,-103.266) (-123.266,-10.0006,-123.266) (-103.266,-10.0006,-123.266) (-103.266,-10.0006,-103.266)
  m[0][0] pts=66 (-103.266,-308.894,-103.266) (-103.266,-308.894,-45.1271) (-103.266,-298.429,-45.1271) (-103.266,-298.429,-112.801) (-103.266,-293.197,-112.801) (-103.266,-293.197,-123.266) (-103.266,-300.174,-123.266) (-103.266,-300.174,-125.344) (-103.266,-297.267,-133.482) (-103.266,-281.569,-133.482) (-103.266,-281.569,-45.1271) (-103.266,-271.104,-45.1271) (-103.266,-271.104,-133.482) (-103.266,-255.406,-133.482) (-103.266,-252.499,-125.344) (-103.266,-252.499,-123.266) (-103.266,-259.476,-123.266) (-103.266,-259.476,-112.801) (-103.266,-254.244,-112.801) (-103.266,-254.244,-45.1271) (-103.266,-243.779,-45.1271) (-103.266,-243.779,-103.266) (-103.266,-32.5585,-103.266) (-103.266,-32.5585,-45.1271) (-103.266,-22.0934,-45.1271) (-103.266,-22.0934,-112.801) (-103.266,-16.8609,-112.801) (-103.266,-16.8609,-123.266) (-103.266,-23.8376,-123.266) (-103.266,-23.8376,-125.344) (-103.266,-20.9307,-133.482) (-103.266,-5.23309,-133.482) (-103.266,-5.23309,-45.1271) (-103.266,5.23195,-45.1271) (-103.266,5.23195,-133.482) (-103.266,20.9295,-133.482) (-103.266,23.8365,-125.344) (-103.266,23.8365,-123.266) (-103.266,16.8598,-123.266) (-103.266,16.8598,-112.801) (-103.266,22.0923,-112.801) (-103.266,22.0923,-45.1271) (-103.266,32.5573,-45.1271) (-103.266,32.5573,-103.266) (-103.266,243.777,-103.266) (-103.266,243.777,-45.1271) (-103.266,254.242,-45.1271) (-103.266,254.242,-112.801) (-103.266,259.475,-112.801) (-103.266,259.475,-123.266) (-103.266,252.498,-123.266) (-103.266,252.498,-125.344) (-103.266,255.405,-133.482) (-103.266,271.103,-133.482) (-103.266,271.103,-45.1271) (-103.266,281.568,-45.1271) (-103.266,281.568,-133.482) (-103.266,297.265,-133.482) (-103.266,300.172,-125.344) (-103.266,300.172,-123.266) (-103.266,293.196,-123.266) (-103.266,293.196,-112.801) (-103.266,298.428,-112.801) (-103.266,298.428,-45.1271) (-103.266,308.893,-45.1271) (-103.266,308.893,-103.266)
  m[0][1] pts=2 (-103.266,-308.894,-103.266) (-103.266,308.893,-103.266)
  f[0][0] pts=5 (-103.266,-298.429,-103.266) (-103.266,-254.244,-103.266) (-123.266,-254.244,-103.266) (-123.266,-298.429,-103.266) (-103.266,-298.429,-103.266)
  f[0][1] pts=5 (-103.266,-22.0934,-103.266) (-103.266,22.0923,-103.266) (-123.266,22.0923,-103.266) (-123.266,-22.0934,-103.266) (-103.266,-22.0934,-103.266)
  f[0][2] pts=5 (-103.266,254.242,-103.266) (-103.266,298.428,-103.266) (-123.266,298.428,-103.266) (-123.266,254.242,-103.266) (-103.266,254.242,-103.266)
  f[0][3] pts=5 (-103.266,-298.429,-103.266) (-123.266,-298.429,-103.266) (-123.266,298.428,-103.266) (-103.266,298.428,-103.266) (-103.266,-298.429,-103.266)
  m[1][0] pts=66 (-123.266,-308.894,-103.266) (-123.266,-308.894,-45.1271) (-123.266,-298.429,-45.1271) (-123.266,-298.429,-112.801) (-123.266,-293.197,-112.801) (-123.266,-293.197,-123.266) (-123.266,-300.174,-123.266) (-123.266,-300.174,-125.344) (-123.266,-297.267,-133.482) (-123.266,-281.569,-133.482) (-123.266,-281.569,-45.1271) (-123.266,-271.104,-45.1271) (-123.266,-271.104,-133.482) (-123.266,-255.406,-133.482) (-123.266,-252.499,-125.344) (-123.266,-252.499,-123.266) (-123.266,-259.476,-123.266) (-123.266,-259.476,-112.801) (-123.266,-254.244,-112.801) (-123.266,-254.244,-45.1271) (-123.266,-243.779,-45.1271) (-123.266,-243.779,-103.266) (-123.266,-32.5585,-103.266) (-123.266,-32.5585,-45.1271) (-123.266,-22.0934,-45.1271) (-123.266,-22.0934,-112.801) (-123.266,-16.8609,-112.801) (-123.266,-16.8609,-123.266) (-123.266,-23.8376,-123.266) (-123.266,-23.8376,-125.344) (-123.266,-20.9307,-133.482) (-123.266,-5.23309,-133.482) (-123.266,-5.23309,-45.1271) (-123.266,5.23195,-45.1271) (-123.266,5.23195,-133.482) (-123.266,20.9295,-133.482) (-123.266,23.8365,-125.344) (-123.266,23.8365,-123.266) (-123.266,16.8598,-123.266) (-123.266,16.8598,-112.801) (-123.266,22.0923,-112.801) (-123.266,22.0923,-45.1271) (-123.266,32.5573,-45.1271) (-123.266,32.5573,-103.266) (-123.266,243.777,-103.266) (-123.266,243.777,-45.1271) (-123.266,254.242,-45.1271) (-123.266,254.242,-112.801) (-123.266,259.475,-112.801) (-123.266,259.475,-123.266) (-123.266,252.498,-123.266) (-123.266,252.498,-125.344) (-123.266,255.405,-133.482) (-123.266,271.103,-133.482) (-123.266,271.103,-45.1271) (-123.266,281.568,-45.1271) (-123.266,281.568,-133.482) (-123.266,297.265,-133.482) (-123.266,300.172,-125.344) (-123.266,300.172,-123.266) (-123.266,293.196,-123.266) (-123.266,293.196,-112.801) (-123.266,298.428,-112.801) (-123.266,298.428,-45.1271) (-123.266,308.893,-45.1271) (-123.266,308.893,-103.266)
  m[1][1] pts=2 (-123.266,-308.894,-103.266) (-123.266,308.893,-103.266)
  f[1][0] pts=5 (-103.266,-298.429,-123.266) (-103.266,-254.244,-123.266) (-123.266,-254.244,-123.266) (-123.266,-298.429,-123.266) (-103.266,-298.429,-123.266)
  f[1][1] pts=5 (-103.266,-22.0934,-123.266) (-103.266,22.0923,-123.266) (-123.266,22.0923,-123.266) (-123.266,-22.0934,-123.266) (-103.266,-22.0934,-123.266)
  f[1][2] pts=5 (-103.266,254.242,-123.266) (-103.266,298.428,-123.266) (-123.266,298.428,-123.266) (-123.266,254.242,-123.266) (-103.266,254.242,-123.266)
  f[1][3] pts=5 (-103.266,-298.429,-123.266) (-123.266,-298.429,-123.266) (-123.266,298.428,-123.266) (-103.266,298.428,-123.266) (-103.266,-298.429,-123.266)
