6 5 5 5 5 9 9
2 22 22
6 5 5 5 5 9 9
2 22 22
6 5 5 5 5 9 9
2 22 22
6 5 5 5 5 27 27
2 33 33
10 5 5 5 5 5 5 5 5 9 9
6 5 5 5 5 21 21
6 5 5 5 5 27 27
2 33 33
10 5 5 5 5 5 5 5 5 9 9
6 5 5 5 5 21 21
6 5 5 5 5 27 27
2 34 34
10 5 5 5 5 5 5 5 5 9 9
6 5 5 5 5 21 21
6 5 5 5 5 11 11
2 34 34
10 5 5 5 5 5 5 5 5 9 9
2 21 21
6 5 5 5 5 11 11
2 34 34
10 5 5 5 5 5 5 5 5 9 9
2 21 21
6 5 5 5 5 11 11
2 34 34
10 5 5 5 5 5 5 5 5 9 9
2 21 21
6 5 5 5 5 9 9
2 34 34
10 5 5 5 5 5 5 5 5 9 9
2 21 21
6 5 5 5 5 9 9
2 34 34
10 5 5 5 5 5 5 5 5 9 9
2 21 21
6 5 5 5 5 9 9
2 34 34
10 5 5 5 5 5 5 5 5 9 9
2 21 21
