element 0
  poly 0: 1703.81 104.022 -398.046 1569.35 88.2039 -285.478 1580.02 67.457 -294.405 1573.57 61.8227 -289.01 1560.54 87.1677 -278.104 1501.53 80.2247 -228.694 1512.19 59.4778 -237.621 1505.75 53.8435 -232.225 1492.72 79.1885 -221.319 1433.7 72.2455 -171.909 1444.36 51.4986 -180.837 1437.92 45.8643 -175.441 1424.89 71.2093 -164.535 1360.45 63.6285 -110.586 1360.45 7.62062 -110.586 1367.96 19.0197 -116.874 1373.8 12.4844 -121.757 1360.45 -7.76544 -110.586 1360.45 -63.9691 -110.586 1424.87 -71.5474 -164.517 1437.91 -46.1853 -175.433 1444.35 -51.8203 -180.828 1433.68 -72.5836 -171.892 1492.7 -79.5266 -221.302 1505.74 -54.1645 -232.218 1512.18 -59.7995 -237.613 1501.51 -80.5628 -228.676 1560.52 -87.5058 -278.086 1573.56 -62.1437 -289.002 1580.01 -67.7787 -294.397 1569.33 -88.542 -285.46 1703.81 -104.362 -398.046 1703.81 104.022 -398.046
  poly 1: 1641.5 86.8141 -398.046 1544.54 75.4078 -316.873 1550.4 64.0119 -321.777 1543.95 58.3776 -316.381 1535.73 74.3716 -309.499 1476.71 67.4286 -260.088 1482.57 56.0327 -264.992 1476.13 50.3984 -259.597 1467.91 66.3924 -252.714 1408.89 59.4494 -203.304 1414.75 48.0535 -208.208 1408.3 42.4192 -202.812 1400.08 58.4132 -195.93 1337.68 51.0717 -143.684 1337.68 7.45962 -143.684 1344.02 17.0822 -148.992 1349.85 10.5469 -153.874 1337.68 -7.92643 -143.684 1337.68 -51.3428 -143.684 1400.1 -58.6867 -195.947 1408.3 -42.7442 -202.809 1414.74 -48.3792 -208.204 1408.91 -59.723 -203.322 1467.93 -66.6659 -252.732 1476.12 -50.7234 -259.593 1482.57 -56.3584 -264.989 1476.74 -67.7022 -260.106 1535.75 -74.6451 -309.516 1543.95 -58.7026 -316.378 1550.39 -64.3376 -321.773 1544.56 -75.6814 -316.89 1641.5 -87.0852 -398.046 1641.5 86.8141 -398.046
element 1
  poly 0: 1704.61 -104.586 -398.046 1360.39 -63.9381 -110.66 1286.82 -78.2941 -69.6919 1264.29 -98.5341 -71.2205 1259.48 -93.7674 -63.4773 1273.9 -80.8145 -62.4991 1207.53 -93.7629 -25.5479 1185.01 -114.003 -27.0765 1180.2 -109.236 -19.3333 1194.62 -96.2833 -18.3551 1128.25 -109.232 18.5961 1105.73 -129.472 17.0675 1100.92 -124.705 24.8107 1115.34 -111.752 25.7889 1041.37 -126.185 66.9758 1024.04 -176.932 34.5638 1043.72 -169.994 26.361 1043.62 -177.51 19.7618 1021.14 -185.436 29.1327 1005.69 -230.709 0.217534 1273.11 -219.251 -184.84 1626.44 -168.863 -398.046 1704.61 -104.586 -398.046
  poly 1: 1642.19 -87.2765 -398.046 1337.63 -51.3122 -143.772 1265.57 -65.3719 -103.649 1249.63 -79.6908 -104.731 1244.82 -74.9241 -96.9875 1252.65 -67.8924 -96.4564 1186.29 -80.8407 -59.5052 1170.35 -95.1596 -60.5867 1165.54 -90.3929 -52.8435 1173.37 -83.3612 -52.3124 1107.01 -96.3095 -15.3612 1091.07 -110.628 -16.4427 1086.26 -105.862 -8.69949 1094.09 -98.83 -8.16844 1022.44 -112.809 31.7229 1008.77 -152.881 6.12884 1024.54 -147.317 -0.449267 1024.44 -154.833 -7.04844 1005.86 -161.385 0.697697 990.272 -207.066 -28.4779 1257.06 -195.635 -213.096 1563.56 -151.925 -398.046 1642.19 -87.2765 -398.046
element 2
  poly 0: 1626.05 168.55 -398.046 1274.73 218.774 -185.873 1005.98 230.378 0.257176 1020.75 187.127 27.8892 1040.96 169.2 29.0433 1036.34 164.489 36.5992 1025.05 174.503 35.9544 1041.63 125.948 66.9754 1115.34 111.549 25.8888 1100.96 124.472 24.9166 1105.77 129.237 17.1702 1128.25 109.027 18.6906 1194.6 96.0673 -18.2902 1180.22 108.99 -19.2624 1185.03 113.755 -27.0089 1207.51 93.5448 -25.4885 1273.86 80.5852 -62.4692 1259.48 93.5082 -63.4414 1264.29 98.273 -71.1879 1286.77 78.0627 -69.6675 1360.65 63.6324 -110.845 1704.31 104.161 -398.046 1626.05 168.55 -398.046
  poly 1: 1563.39 151.473 -398.046 1255.41 195.501 -212.045 990.108 206.956 -28.3044 1004.98 163.388 -0.46978 1023.14 147.281 0.567175 1018.53 142.57 8.12302 1009.29 150.764 7.59546 1022.34 112.543 32.0138 1094.22 98.5018 -8.05426 1086.29 105.629 -8.59042 1091.1 110.394 -16.3369 1107.13 95.9793 -15.2525 1173.48 83.0197 -52.2333 1165.55 90.1468 -52.7694 1170.36 94.9116 -60.5159 1186.39 80.4972 -59.4315 1252.74 67.5376 -96.4123 1244.81 74.6647 -96.9485 1249.62 79.4295 -104.695 1265.65 65.015 -103.611 1337.37 51.0057 -143.587 1641.86 86.9134 -398.046 1563.39 151.473 -398.046
element 3
  poly 0: 1361.07 64.0726 -109.689 1041.01 125.516 65.8498 965.884 112.471 107.053 979.655 92.921 99.5009 972.728 86.5745 103.3 955.729 110.708 112.623 886.581 98.7014 150.548 900.349 79.154 142.996 893.423 72.8076 146.795 876.426 96.9381 156.117 807.278 84.9314 194.042 821.044 65.3871 186.492 814.117 59.0406 190.291 797.123 83.1681 199.611 720.95 69.9416 241.389 720.95 7.04064 241.389 731.575 19.3116 235.561 737.854 12.24 232.118 720.95 -7.28239 241.389 720.95 -70.586 241.389 797.691 -83.9014 199.3 801.823 -53.569 197.034 810.487 -55.1043 192.282 806.359 -85.4055 194.546 876.999 -97.6624 155.803 881.131 -67.3315 153.537 889.795 -68.8668 148.785 885.667 -99.1665 151.049 956.307 -111.423 112.306 960.439 -81.0941 110.04 969.103 -82.6294 105.288 964.976 -112.928 107.552 1040.03 -125.95 66.39 1115.01 -111.553 25.2655 1131.07 -87.3772 16.4587 1138.25 -93.5884 12.5159 1127.98 -109.063 18.153 1194.6 -96.2717 -18.3856 1210.66 -72.0958 -27.1925 1217.84 -78.307 -31.1353 1207.57 -93.7818 -25.4981 1361.07 -64.3085 -109.689 1361.07 64.0726 -109.689
  poly 1: 1338.28 51.3106 -142.809 1021.68 112.09 30.8318 948.491 99.382 70.9714 955.936 88.8129 66.8885 949.009 82.4664 70.6875 938.336 97.6187 76.5409 869.188 85.612 114.466 876.631 75.0459 110.384 869.704 68.6995 114.183 859.033 83.8487 120.035 789.885 71.8419 157.96 797.325 61.279 153.879 790.399 54.9325 157.678 779.73 70.0787 163.529 707.256 57.4943 203.278 707.256 6.97978 203.278 715.172 16.1222 198.937 721.45 9.0505 195.493 707.256 -7.34325 203.278 707.256 -57.4957 203.278 780.642 -70.2291 163.029 782.903 -53.625 161.789 791.568 -55.1603 157.037 789.31 -71.7332 158.275 859.95 -83.9901 119.532 862.212 -67.3876 118.292 870.876 -68.9229 113.54 868.619 -85.4942 114.778 939.258 -97.7511 76.0353 941.52 -81.1501 74.795 950.184 -82.6854 70.043 947.927 -99.2552 71.281 1022.81 -112.249 30.2093 1093.76 -98.628 -8.69921 1105.09 -81.5567 -14.9179 1112.28 -87.7679 -18.8608 1106.72 -96.1381 -15.8117 1173.34 -83.3467 -52.3504 1184.68 -66.2753 -58.5691 1191.87 -72.4866 -62.512 1186.31 -80.8568 -59.4629 1338.28 -51.6792 -142.809 1338.28 51.3106 -142.809
element 4
  poly 0: 1042.43 -127.282 68.9639 719.812 -69.5041 238.247 637.861 -87.1797 255.08 614.607 -105.822 248.835 608.567 -100.499 255.435 620.515 -90.9209 258.643 548.778 -106.393 273.379 525.526 -125.034 267.134 519.487 -119.711 273.734 531.432 -110.135 276.942 459.695 -125.607 291.677 436.446 -144.245 285.434 430.407 -138.922 292.033 442.349 -129.348 295.24 360.16 -147.075 312.123 354.836 -204.286 267.871 378.89 -199.852 262.321 378.874 -207.63 256.036 354.1 -212.197 261.752 349.323 -263.542 222.038 671.792 -268.124 95.8385 1005.53 -229.985 -0.0854687 1042.43 -127.282 68.9639
  poly 1: 1023.55 -113.314 33.7903 706.2 -56.4792 200.309 627.703 -73.4095 216.433 609.988 -87.6119 211.676 603.948 -82.2891 218.275 610.357 -77.1508 219.996 538.62 -92.6233 234.732 520.907 -106.824 229.975 514.868 -101.501 236.574 521.274 -96.3645 238.295 449.537 -111.837 253.03 431.827 -126.035 248.274 425.787 -120.712 254.873 432.191 -115.578 256.593 353.463 -132.559 272.765 349.113 -179.309 236.604 367.56 -175.909 232.347 367.543 -183.687 226.062 348.376 -187.22 230.485 343.51 -239.519 190.033 665.133 -244.089 64.1651 989.895 -206.975 -29.1802 1023.55 -113.314 33.7903
element 5
  poly 0: 1005.32 229.745 -0.934527 674.088 267.975 94.7196 349.466 263.731 222.276 354.165 213.368 261.307 375.463 197.461 266.059 369.993 192.068 272.522 355.115 203.18 269.202 360.367 146.891 312.825 442.674 129.091 295.786 430.65 138.732 292.567 436.683 144.047 285.952 460.013 125.341 292.196 531.714 109.834 277.352 519.69 119.476 274.134 525.723 124.791 267.518 549.053 106.085 273.762 620.755 90.5784 258.918 608.731 100.219 255.7 614.764 105.535 249.084 638.093 86.8287 255.329 720.257 69.0597 238.319 1042.48 126.54 68.5222 1005.32 229.745 -0.934527
  poly 1: 989.588 205.815 -29.2348 662.863 243.524 65.1169 343.522 239.35 190.598 348.272 188.434 230.057 365.989 175.202 234.01 360.519 169.809 240.473 349.222 178.246 237.952 353.482 132.587 273.338 432.138 115.576 257.054 425.985 120.51 255.407 432.018 125.825 248.791 449.477 111.827 253.464 521.178 96.3203 238.62 515.026 101.253 236.973 521.059 106.569 230.358 538.517 92.5706 235.031 610.218 77.0642 220.186 604.066 81.9972 218.54 610.099 87.3127 211.924 627.557 73.3145 216.597 705.722 56.4103 200.415 1023 113.008 33.2236 989.588 205.815 -29.2348
element 6
  poly 0: 721.111 70.301 241.836 549.14 106.196 274.081 559.74 94.7457 272.093 552.29 87.6066 273.49 531.713 109.833 277.348 459.649 124.875 290.861 470.25 113.424 288.873 462.8 106.285 290.27 442.223 128.512 294.128 359.784 145.72 309.586 275.425 128.53 325.403 292.409 110.694 322.219 285.23 103.618 323.565 263.77 126.155 327.589 186.343 110.379 342.106 203.325 92.545 338.922 196.146 85.4688 340.268 174.687 108.004 344.292 97.2606 92.227 358.809 114.24 74.3958 355.626 107.061 67.3196 356.972 85.6051 89.8521 360.995 7.7813e-05 72.4089 377.046 7.7813e-05 6.79731 377.046 13.0406 19.3882 374.601 19.8624 12.0743 373.322 7.7813e-05 -7.10314 377.046 7.7813e-05 -72.9766 377.046 85.399 -90.3674 361.034 106.954 -67.7319 356.992 114.133 -74.808 355.646 97.0554 -92.7411 358.848 174.49 -108.51 344.329 196.043 -85.8767 340.287 203.222 -92.9529 338.941 186.146 -110.884 342.143 263.581 -126.653 327.624 285.132 -104.022 323.583 292.311 -111.098 322.237 275.238 -129.026 325.438 359.513 -146.189 309.636 442.064 -128.963 294.158 462.72 -106.657 290.285 470.167 -113.795 288.889 459.488 -125.327 290.891 531.547 -110.291 277.38 552.206 -87.9815 273.506 559.652 -95.1198 272.11 548.971 -106.655 274.113 721.111 -70.7349 241.836 721.111 70.301 241.836
  poly 1: 707.41 57.4513 203.708 538.606 92.6852 235.359 544.065 86.7886 234.335 536.615 79.6495 235.732 521.18 96.3225 238.626 449.116 111.364 252.139 454.575 105.467 251.115 447.125 98.3282 252.512 431.69 115.001 255.406 352.952 131.436 270.17 271.053 114.748 285.526 279.815 105.546 283.883 272.636 98.4702 285.229 259.397 112.373 287.711 181.971 96.5964 302.229 190.73 87.3972 300.587 183.552 80.321 301.933 170.315 94.2214 304.414 92.8885 78.4447 318.932 101.646 69.248 317.29 94.467 62.1718 318.636 81.2329 76.0698 321.118 8.27402e-05 59.5175 336.349 8.27402e-05 6.79731 336.349 9.16195 15.6432 334.631 15.9838 8.32939 333.352 8.27402e-05 -7.10314 336.349 8.27402e-05 -59.5982 336.349 81.4258 -76.1799 321.081 94.367 -62.5903 318.655 101.545 -69.6665 317.309 93.0822 -78.5536 318.896 170.517 -94.3226 304.377 183.456 -80.7352 301.951 190.634 -87.8113 300.605 182.173 -96.6963 302.191 259.608 -112.465 287.672 272.545 -98.88 285.246 279.723 -105.956 283.9 271.264 -114.839 285.486 353.284 -131.542 270.107 431.87 -115.143 255.372 447.074 -98.7253 252.522 454.521 -105.864 251.125 449.294 -111.507 252.105 521.353 -96.4711 238.594 536.559 -80.0498 235.743 544.006 -87.1881 234.346 538.777 -92.8354 235.327 707.41 -57.6471 203.708 707.41 57.4513 203.708
element 7
  poly 0: 360.317 -147.517 313.028 4.52129e-05 -71.6244 372.933 -81.3551 -88.76 359.407 -102.776 -106.036 345.771 -110.288 -100.297 350.301 -101.153 -92.93 356.116 -170.644 -107.567 344.562 -192.061 -124.839 330.929 -199.573 -119.1 335.458 -190.442 -111.737 341.271 -259.933 -126.373 329.718 -281.346 -143.643 316.086 -288.858 -137.904 320.616 -279.731 -130.543 326.426 -360.317 -147.517 313.028 -349.251 -263.304 221.634 6.95383e-05 -283.689 205.543 349.251 -263.304 221.634 360.317 -147.517 313.028
  poly 1: 353.616 -132.805 273.682 4.99426e-05 -58.3237 332.472 -76.8796 -74.5166 319.69 -93.7665 -88.1356 308.94 -101.278 -82.3969 313.47 -96.6778 -78.6867 316.399 -166.169 -93.3233 304.846 -183.052 -106.939 294.098 -190.563 -101.2 298.628 -185.967 -97.4933 301.554 -255.458 -112.13 290.001 -272.337 -125.743 279.256 -279.848 -120.004 283.786 -275.256 -116.3 286.709 -353.616 -132.805 273.682 -343.447 -239.203 189.698 9.56242e-05 -259.248 173.875 343.447 -239.203 189.698 353.616 -132.805 273.682
element 8
  poly 0: 349.298 263.303 221.328 7.39409e-05 283.689 205.218 -349.298 263.303 221.328 -354.124 212.915 261.148 -333.465 199.531 271.726 -339.857 193.458 276.525 -355.045 203.298 268.748 -360.434 147.038 313.209 -279.393 129.982 326.688 -288.696 137.482 320.761 -281.183 143.218 316.228 -259.596 125.815 329.981 -190.121 111.193 341.536 -199.42 118.689 335.612 -191.908 124.425 331.079 -170.325 107.026 344.829 -100.85 92.4036 356.385 -110.145 99.8967 350.463 -102.632 105.633 345.93 -81.0535 88.237 359.677 4.33419e-05 71.1776 373.159 360.434 147.038 313.209 349.298 263.303 221.328
  poly 1: 343.385 238.528 189.925 7.73875e-05 258.569 174.087 -343.385 238.528 189.924 -348.237 187.876 229.953 -331.227 176.856 238.662 -337.619 170.783 243.461 -349.158 178.259 237.553 -353.525 132.668 273.583 -275.584 116.264 286.546 -279.679 119.565 283.937 -272.167 125.302 279.404 -255.788 112.097 289.839 -186.313 97.4747 301.395 -190.404 100.773 298.788 -182.891 106.509 294.255 -166.516 93.3082 304.687 -97.0416 78.6858 316.243 -101.128 81.9804 313.639 -93.6158 87.7167 309.106 -77.2451 74.5192 319.536 4.84186e-05 58.2614 332.384 353.525 132.668 273.583 343.385 238.528 189.925
element 9
  poly 0: 7.7813e-05 72.4089 377.046 -259.446 125.274 328.399 -249.9 116.505 330.189 -256.804 108.724 328.895 -279.203 129.3 324.695 -359.784 145.72 309.586 -444.905 127.952 293.625 -427.744 111.664 296.843 -434.572 104.217 295.563 -456.934 125.442 291.37 -534.395 109.274 276.846 -517.233 92.985 280.063 -524.061 85.5381 278.783 -546.423 106.763 274.59 -623.884 90.5947 260.066 -606.723 74.3063 263.284 -613.551 66.8594 262.004 -635.913 88.084 257.811 -721.111 70.301 241.836 -721.111 6.97584 241.836 -709.169 19.2792 244.075 -702.13 12.2076 245.395 -721.111 -7.34718 241.836 -721.111 -70.7349 241.836 -636.012 -88.4922 257.792 -613.609 -67.2307 261.993 -606.781 -74.6783 263.273 -623.981 -91.0026 260.048 -546.518 -107.167 274.572 -524.118 -85.9073 278.773 -517.29 -93.355 280.053 -534.488 -109.677 276.828 -457.025 -125.841 291.353 -434.627 -104.584 295.552 -427.798 -112.032 296.833 -444.994 -128.351 293.608 -359.513 -146.189 309.636 -279.529 -129.9 324.634 -256.971 -109.177 328.863 -250.067 -116.957 330.158 -259.777 -125.878 328.337 7.7813e-05 -72.9765 377.046 7.7813e-05 72.4089 377.046
  poly 1: 8.27402e-05 59.5175 336.349 -255.652 111.61 288.413 -250.815 107.166 289.32 -257.72 99.3855 288.026 -275.41 115.636 284.709 -352.952 131.436 270.169 -434.407 114.434 254.897 -425.544 106.023 256.558 -432.372 98.5759 255.278 -446.435 111.924 252.641 -523.896 95.7555 238.117 -515.034 87.3441 239.779 -521.862 79.8972 238.498 -535.925 93.2448 235.862 -613.385 77.0767 221.338 -604.523 68.6655 222.999 -611.351 61.2186 221.719 -625.414 74.566 219.082 -707.41 57.4513 203.708 -707.41 7.03672 203.708 -698.623 16.0898 205.355 -691.584 9.01811 206.675 -707.41 -7.2863 203.708 -707.41 -57.6471 203.708 -625.323 -74.776 219.099 -611.418 -61.5799 221.706 -604.59 -69.0275 222.987 -613.292 -77.2864 221.355 -535.829 -93.4504 235.88 -521.927 -80.2565 238.486 -515.099 -87.7042 239.767 -523.799 -95.9608 238.135 -446.336 -112.125 252.66 -432.436 -98.9331 255.266 -425.608 -106.381 256.546 -434.305 -114.635 254.916 -353.284 -131.542 270.107 -275.038 -115.608 284.779 -257.881 -99.8458 287.996 -250.977 -107.626 289.29 -255.286 -111.585 288.482 8.27402e-05 -59.5982 336.349 8.27402e-05 59.5175 336.349
element 10
  poly 0: -360.16 -147.075 312.123 -719.812 -69.5041 238.247 -793.078 -82.6251 199.803 -808.922 -99.5592 180.088 -817.315 -93.6029 181.717 -809.855 -85.6298 191 -873.103 -96.9568 157.813 -888.945 -113.888 138.101 -897.338 -107.932 139.73 -889.881 -99.9615 149.01 -953.128 -111.288 115.823 -968.968 -128.217 96.1139 -977.361 -122.261 97.7432 -969.906 -114.293 107.02 -1042.43 -127.282 68.9638 -1024.39 -177.482 35.2134 -999.918 -182.151 40.7338 -999.978 -189.917 34.4302 -1021.39 -185.831 29.6 -1005.53 -229.985 -0.0854644 -671.793 -268.124 95.8385 -349.323 -263.542 222.038 -360.16 -147.075 312.123
  poly 1: -353.462 -132.559 272.765 -706.199 -56.4792 200.309 -775.814 -68.9464 163.782 -788.152 -82.1334 148.429 -796.545 -76.1771 150.058 -792.591 -71.9511 154.978 -855.839 -83.278 121.792 -868.175 -96.4625 106.442 -876.568 -90.5061 108.071 -872.617 -86.2827 112.988 -935.865 -97.6097 79.8014 -948.198 -110.791 64.4548 -956.591 -104.835 66.084 -952.642 -100.614 70.998 -1023.55 -113.314 33.7902 -1009.13 -153.453 6.80415 -988.583 -157.372 11.4383 -988.643 -165.138 5.1346 -1006.13 -161.802 1.1907 -989.895 -206.975 -29.1802 -665.133 -244.089 64.165 -343.51 -239.519 190.033 -353.462 -132.559 272.765
element 11
  poly 0: -349.466 263.731 222.276 -674.088 267.975 94.7195 -1005.32 229.745 -0.934502 -1021.22 185.601 28.7746 -1004.2 174.211 44.5143 -1011.18 167.556 47.2417 -1024.5 176.475 34.9159 -1042.48 126.54 68.5221 -969.417 113.506 107.023 -977.033 121.655 97.5052 -968.639 127.611 95.8869 -952.663 110.517 115.852 -889.477 99.246 149.148 -897.088 107.39 139.636 -888.694 113.346 138.017 -872.723 96.2573 157.976 -809.536 84.9858 191.272 -817.143 93.125 181.766 -808.749 99.0806 180.148 -792.782 81.9972 200.101 -720.257 69.0597 238.318 -360.367 146.891 312.825 -349.466 263.731 222.276
  poly 1: -343.522 239.35 190.598 -662.863 243.524 65.1168 -989.588 205.815 -29.2348 -1005.56 161.462 0.614463 -991.044 151.749 14.0373 -998.021 145.094 16.7646 -1008.84 152.337 6.75584 -1023 113.008 33.2235 -952.736 100.474 70.2505 -956.216 104.198 65.9011 -947.821 110.153 64.2828 -935.982 97.4852 79.079 -872.796 86.2137 112.375 -876.271 89.9325 108.031 -867.876 95.8881 106.413 -856.042 83.2251 121.204 -792.855 71.9536 154.499 -796.326 75.6673 150.162 -787.931 81.6229 148.544 -776.101 68.965 163.328 -705.722 56.4103 200.415 -353.482 132.587 273.338 -343.522 239.35 190.598
element 12
  poly 0: -720.95 69.9416 241.389 -952.101 110.078 114.613 -942.753 100.624 119.74 -948.814 92.8285 116.415 -968.724 112.965 105.496 -1041.01 125.516 65.8497 -1116.06 111.109 24.6891 -1101.47 95.2237 32.6911 -1107.64 87.8565 29.3091 -1127.05 108.998 18.6592 -1195.65 95.8293 -18.9632 -1181.06 79.9431 -10.9607 -1187.23 72.5759 -14.3426 -1206.64 93.7187 -24.993 -1275.24 80.5498 -62.6154 -1260.65 64.6626 -54.6125 -1266.82 57.2954 -57.9944 -1286.24 78.4391 -68.6453 -1361.07 64.0726 -109.689 -1361.07 7.45525 -109.689 -1352.42 18.9371 -104.945 -1345.75 12.4018 -101.287 -1361.07 -7.9308 -109.689 -1361.07 -64.3085 -109.689 -1286.18 -78.6877 -68.6147 -1266.79 -57.5773 -57.9793 -1260.62 -64.9452 -54.5975 -1275.19 -80.7988 -62.5845 -1206.59 -93.969 -24.9634 -1187.2 -72.8588 -14.3281 -1181.03 -80.2266 -10.9462 -1195.6 -96.0801 -18.9332 -1127 -109.25 18.6879 -1107.61 -88.1402 29.3232 -1101.44 -95.508 32.705 -1116.01 -111.361 24.7182 -1040.03 -125.95 66.3898 -969.082 -113.64 105.299 -948.998 -93.3347 116.314 -942.937 -101.132 119.638 -952.455 -110.755 114.418 -720.95 -70.5859 241.389 -720.95 69.9416 241.389
  poly 1: -707.255 57.4943 203.278 -935.529 97.1313 78.0805 -930.325 91.8685 80.9345 -936.386 84.0729 77.6102 -952.152 100.018 68.9634 -1021.68 112.09 30.8317 -1094.67 98.0768 -9.20271 -1086.92 89.6305 -4.94798 -1093.08 82.2633 -8.32994 -1105.67 95.9662 -15.2326 -1174.26 82.7973 -52.855 -1166.51 74.35 -48.5998 -1172.67 66.9828 -51.9817 -1185.26 80.6866 -58.8848 -1253.86 67.5177 -96.5072 -1246.1 59.0695 -92.2515 -1252.26 51.7023 -95.6335 -1264.85 65.407 -102.537 -1338.28 51.3106 -142.809 -1338.28 7.61635 -142.809 -1331.21 16.9995 -138.932 -1324.54 10.4642 -135.275 -1338.28 -7.7697 -142.809 -1338.28 -51.6793 -142.809 -1264.9 -65.7672 -102.567 -1252.24 -51.9793 -95.6204 -1246.07 -59.3471 -92.2385 -1253.91 -67.8782 -96.5365 -1185.31 -81.0485 -58.9154 -1172.65 -67.2607 -51.9691 -1166.48 -74.6285 -48.5873 -1174.32 -83.1595 -52.8852 -1105.72 -96.3298 -15.2641 -1093.06 -82.5421 -8.31785 -1086.89 -89.9099 -4.936 -1094.73 -98.4408 -9.23386 -1022.81 -112.249 30.2092 -951.768 -99.9218 69.174 -936.579 -84.5651 77.5045 -930.518 -92.3627 80.8285 -935.142 -97.0368 78.2929 -707.255 -57.4957 203.278 -707.255 57.4943 203.278
element 13
  poly 0: -1041.37 -126.185 66.9757 -1360.39 -63.9381 -110.66 -1423 -71.3309 -162.929 -1432.84 -88.8106 -185.637 -1441.25 -82.9077 -186.534 -1435.57 -72.8152 -173.423 -1490.9 -79.3489 -219.618 -1500.75 -96.8287 -242.326 -1509.15 -90.9258 -243.224 -1503.47 -80.8333 -230.113 -1558.8 -87.367 -276.307 -1568.65 -104.847 -299.015 -1577.05 -98.9439 -299.913 -1571.37 -88.8513 -286.802 -1704.61 -104.586 -398.046 -1626.44 -168.863 -398.046 -1273.11 -219.251 -184.841 -1005.69 -230.709 0.217591 -1041.37 -126.185 66.9757
  poly 1: -1022.44 -112.809 31.7228 -1337.63 -51.3122 -143.772 -1398.24 -58.4699 -194.379 -1405.45 -71.2741 -211.013 -1413.86 -65.3712 -211.91 -1410.81 -59.9543 -204.873 -1466.14 -66.488 -251.068 -1473.35 -79.2921 -267.702 -1481.76 -73.3892 -268.6 -1478.71 -67.9723 -261.563 -1534.04 -74.506 -307.757 -1541.25 -87.3102 -324.391 -1549.66 -81.4073 -325.289 -1546.61 -75.9904 -318.252 -1642.19 -87.2763 -398.046 -1563.56 -151.925 -398.046 -1257.06 -195.635 -213.096 -990.272 -207.065 -28.4779 -1022.44 -112.809 31.7228
element 14
  poly 0: -1005.98 230.378 0.257189 -1274.73 218.774 -185.873 -1626.05 168.551 -398.046 -1704.31 104.16 -398.046 -1571.27 88.4713 -286.866 -1576.96 98.5832 -300.008 -1568.56 104.486 -299.107 -1558.71 86.9898 -276.367 -1503.4 80.467 -230.144 -1509.09 90.5788 -243.286 -1500.68 96.4817 -242.384 -1490.84 78.9855 -219.645 -1435.52 72.4627 -173.421 -1441.21 82.5745 -186.563 -1432.81 88.4774 -185.662 -1422.96 70.9812 -162.923 -1360.65 63.6323 -110.845 -1041.63 125.948 66.9754 -1005.98 230.378 0.257189
  poly 1: -990.108 206.956 -28.3044 -1255.41 195.501 -212.045 -1563.39 151.473 -398.046 -1641.86 86.9133 -398.046 -1546.54 75.6731 -318.393 -1549.56 81.0406 -325.369 -1541.16 86.9435 -324.467 -1533.98 74.1916 -307.894 -1478.67 67.6688 -261.67 -1481.69 73.0362 -268.646 -1473.28 78.9391 -267.745 -1466.11 66.1873 -251.171 -1410.79 59.6645 -204.948 -1413.82 65.0318 -211.924 -1405.41 70.9348 -211.022 -1398.23 58.183 -194.449 -1337.37 51.0057 -143.587 -1022.33 112.543 32.0138 -990.108 206.956 -28.3044
element 15
  poly 0: -1360.45 63.6285 -110.586 -1490.79 78.9614 -219.704 -1481.16 66.8276 -211.64 -1486.65 59.4101 -216.239 -1503.34 80.4383 -230.215 -1558.61 86.9406 -276.488 -1548.98 74.8068 -268.424 -1554.48 67.3893 -273.024 -1571.17 88.4175 -286.999 -1703.81 104.021 -398.046 -1703.81 -104.362 -398.046 -1571.2 -88.7613 -287.022 -1554.49 -67.7194 -273.035 -1549 -75.1378 -268.436 -1558.64 -87.2841 -276.51 -1503.37 -80.7821 -230.238 -1486.66 -59.7402 -216.251 -1481.17 -67.1587 -211.652 -1490.81 -79.305 -219.726 -1360.45 -63.969 -110.586 -1360.45 63.6285 -110.586
  poly 1: -1337.68 51.0717 -143.684 -1466.09 66.1785 -251.193 -1460.85 59.5774 -246.806 -1466.34 52.1599 -251.405 -1478.64 67.6554 -261.703 -1533.92 74.1577 -307.977 -1528.67 67.5566 -303.59 -1534.17 60.1391 -308.189 -1546.47 75.6346 -318.488 -1641.5 86.8139 -398.046 -1641.5 -87.085 -398.046 -1546.44 -75.9027 -318.466 -1534.19 -60.4634 -308.203 -1528.69 -67.8819 -303.604 -1533.89 -74.4255 -307.954 -1478.62 -67.9235 -261.682 -1466.36 -52.4842 -251.419 -1460.87 -59.9027 -246.82 -1466.06 -66.4464 -251.17 -1337.68 -51.3428 -143.684 -1337.68 51.0717 -143.684
element 16
  poly 0: 1595.08 -53.1406 -278.941 1581.75 -46.213 -295.859 1573.56 -62.1437 -289.002 1543.95 -58.7026 -316.378 1556.99 -33.3406 -327.294 1545.55 -27.3957 -341.812 1525.59 -66.2149 -325.103 1524.81 -65.809 -326.095 1489.98 -96.8965 -328.268 1539.51 -122.641 -265.398 1574.34 -91.5539 -263.225 1575.12 -91.9598 -262.233 1595.08 -53.1406 -278.941
  poly 1: 1600.39 -58.6442 -285.381 1588.01 -52.208 -301.099 1580.01 -67.7787 -294.397 1550.39 -64.3376 -321.773 1563.25 -39.3356 -332.534 1550.86 -32.8993 -348.251 1530.91 -71.7186 -331.543 1530.13 -71.3127 -332.535 1495.3 -102.4 -334.708 1544.82 -128.145 -271.838 1579.65 -97.0576 -269.664 1580.44 -97.4635 -268.673 1600.39 -58.6442 -285.381
element 17
  poly 0: 1527.25 -45.1614 -222.157 1513.93 -38.2338 -239.074 1505.74 -54.1645 -232.218 1476.12 -50.7234 -259.593 1489.16 -25.3614 -270.51 1477.73 -19.4165 -285.027 1457.77 -58.2357 -268.319 1456.91 -57.7909 -269.406 1422.08 -88.8783 -271.579 1471.61 -114.623 -208.709 1506.44 -83.5358 -206.535 1507.3 -83.9806 -205.449 1527.25 -45.1614 -222.157
  poly 1: 1532.57 -50.665 -228.597 1520.19 -44.2288 -244.315 1512.18 -59.7995 -237.613 1482.57 -56.3584 -264.989 1495.42 -31.3563 -275.75 1483.04 -24.9201 -291.467 1463.08 -63.7394 -274.759 1462.23 -63.2945 -275.845 1427.39 -94.382 -278.019 1476.92 -120.127 -215.148 1511.75 -89.0394 -212.975 1512.61 -89.4843 -211.889 1532.57 -50.665 -228.597
element 18
  poly 0: 1459.43 -37.1822 -165.373 1446.1 -30.2546 -182.29 1437.91 -46.1853 -175.433 1408.3 -42.7442 -202.809 1421.34 -17.3822 -213.725 1409.9 -11.4373 -228.243 1389.94 -50.2565 -211.535 1389.01 -49.7727 -212.716 1354.18 -80.8602 -214.889 1403.71 -106.605 -152.019 1438.54 -75.5176 -149.846 1439.47 -76.0014 -148.665 1459.43 -37.1822 -165.373
  poly 1: 1464.74 -42.6858 -171.813 1452.36 -36.2496 -187.53 1444.35 -51.8203 -180.828 1414.74 -48.3792 -208.204 1427.6 -23.3771 -218.965 1415.21 -16.9409 -234.683 1395.26 -55.7602 -217.975 1394.33 -55.2764 -219.156 1359.49 -86.3639 -221.329 1409.02 -112.109 -158.459 1443.85 -81.0213 -156.286 1444.78 -81.5051 -155.105 1464.74 -42.6858 -171.813
element 19
  poly 0: 1390.92 37.2962 -110.977 1380.01 37.2962 -126.956 1367.96 19.0197 -116.874 1344.02 17.0822 -148.992 1357.33 37.2962 -160.142 1345.58 37.2962 -177.351 1323.05 3.09678 -158.486 1324.07 3.09678 -156.983 1298.31 -31.1026 -142.851 1343.65 -31.1026 -76.478 1369.42 3.09679 -90.6098 1368.39 3.09679 -92.1127 1390.92 37.2962 -110.977
  poly 1: 1397.2 30.7968 -115.265 1385.86 30.7968 -131.858 1373.8 12.4844 -121.757 1349.85 10.5469 -153.874 1363.19 30.7968 -165.044 1351.85 30.7968 -181.638 1329.32 -3.40262 -162.773 1330.35 -3.40262 -161.27 1304.58 -37.602 -147.138 1349.92 -37.602 -80.7651 1375.69 -3.40261 -94.8969 1374.66 -3.40261 -96.3997 1397.2 30.7968 -115.265
element 20
  poly 0: 1599.45 57.8458 -286.586 1588.01 51.901 -301.099 1580.02 67.457 -294.405 1550.4 64.0119 -321.777 1563.24 39.0272 -332.528 1549.91 32.0984 -349.443 1529.95 70.9193 -332.738 1530.99 71.4554 -331.429 1496.16 102.547 -333.594 1545.7 128.294 -270.737 1580.53 97.2029 -268.572 1579.5 96.6668 -269.881 1599.45 57.8458 -286.586
  poly 1: 1594.14 52.3432 -280.145 1581.75 45.9064 -295.859 1573.57 61.8227 -289.01 1543.95 58.3776 -316.381 1556.98 33.0326 -327.287 1544.59 26.5957 -343.001 1524.64 65.4167 -326.296 1525.67 65.9528 -324.987 1490.85 97.0442 -327.152 1540.39 122.792 -264.296 1575.22 91.7003 -262.131 1574.18 91.1642 -263.44 1594.14 52.3432 -280.145
element 21
  poly 0: 1531.62 49.8666 -229.802 1520.19 43.9218 -244.315 1512.19 59.4778 -237.621 1482.57 56.0327 -264.992 1495.41 31.048 -275.743 1482.08 24.1192 -292.659 1462.13 62.9401 -275.954 1463.11 63.451 -274.706 1428.28 94.5424 -276.871 1477.83 120.29 -214.015 1512.65 89.1984 -211.85 1511.67 88.6876 -213.097 1531.62 49.8666 -229.802
  poly 1: 1526.31 44.364 -223.36 1513.93 37.9272 -239.074 1505.75 53.8435 -232.225 1476.13 50.3984 -259.597 1489.15 25.0534 -270.503 1476.77 18.6165 -286.217 1456.81 57.4375 -269.512 1457.8 57.9483 -268.265 1422.97 89.0398 -270.43 1472.52 114.787 -207.573 1507.34 83.6958 -205.408 1506.36 83.185 -206.655 1526.31 44.364 -223.36
element 22
  poly 0: 1463.8 41.8874 -173.018 1452.36 35.9426 -187.531 1444.36 51.4986 -180.837 1414.75 48.0535 -208.208 1427.59 23.0688 -218.959 1414.26 16.14 -235.874 1394.3 54.9609 -219.169 1395.24 55.4465 -217.984 1360.41 86.5379 -220.149 1409.95 112.285 -157.292 1444.78 81.194 -155.127 1443.85 80.7084 -156.313 1463.8 41.8874 -173.018
  poly 1: 1458.49 36.3848 -166.576 1446.1 29.948 -182.29 1437.92 45.8643 -175.441 1408.3 42.4192 -202.812 1421.33 17.0742 -213.719 1408.94 10.6373 -229.433 1388.99 49.4583 -212.728 1389.92 49.9439 -211.542 1355.1 81.0353 -213.707 1404.64 106.783 -150.85 1439.47 75.6913 -148.686 1438.53 75.2058 -149.871 1458.49 36.3848 -166.576
element 23
  poly 0: 1070.06 -175.269 32.597 1062.43 -163.396 18.5603 1043.72 -169.994 26.361 1024.54 -147.317 -0.449267 1047 -139.398 -9.81193 1039.2 -127.273 -24.1475 999.485 -141.28 -7.58728 999.877 -141.889 -6.86719 956.476 -150.169 2.92206 987.333 -198.165 59.6665 1030.73 -189.885 49.8772 1030.34 -189.276 49.1571 1070.06 -175.269 32.597
  poly 1: 1070.06 -182.904 26.139 1062.35 -170.905 11.9529 1043.62 -177.51 19.7618 1024.44 -154.833 -7.04844 1046.92 -146.907 -16.4193 1039.2 -134.908 -30.6054 999.485 -148.915 -14.0453 999.877 -149.524 -13.3252 956.476 -157.804 -3.53591 987.333 -205.8 53.2085 1030.73 -197.52 43.4192 1030.34 -196.911 42.6992 1070.06 -182.904 26.139
element 24
  poly 0: 1260.25 -120.048 -53.3327 1248.38 -112.839 -72.3008 1264.29 -98.5341 -71.2205 1249.63 -79.6908 -104.731 1227.11 -99.9308 -106.259 1217.73 -94.2329 -121.25 1251.92 -63.4987 -118.928 1250.99 -62.9322 -120.419 1275.37 -26.2344 -133.787 1317.89 -52.0499 -65.87 1293.52 -88.7478 -52.5017 1294.45 -89.3142 -51.0115 1260.25 -120.048 -53.3327
  poly 1: 1254.59 -114.178 -47.5522 1243.95 -107.724 -64.5314 1259.48 -93.7674 -63.4773 1244.82 -74.9241 -96.9875 1222.69 -94.8164 -98.4898 1212.06 -88.3626 -115.469 1246.26 -57.6283 -113.148 1245.32 -57.0619 -114.638 1269.7 -20.3641 -128.006 1312.23 -46.1796 -60.0895 1287.85 -82.8775 -46.7212 1288.79 -83.4439 -45.231 1254.59 -114.178 -47.5522
element 25
  poly 0: 1180.97 -135.517 -9.18869 1169.1 -128.307 -28.1568 1185.01 -114.003 -27.0765 1170.35 -95.1596 -60.5867 1147.83 -115.4 -62.1152 1138.44 -109.702 -77.1056 1172.64 -78.9675 -74.7844 1171.4 -78.2137 -76.7674 1195.78 -41.5159 -90.1357 1207.65 -48.7257 -71.1676 1191.87 -72.4866 -62.512 1217.84 -78.307 -31.1353 1228.92 -61.6335 -37.2091 1238.31 -67.3314 -22.2188 1213.93 -104.029 -8.85048 1215.17 -104.783 -6.86754 1180.97 -135.517 -9.18869
  poly 1: 1175.31 -129.647 -3.40816 1164.67 -123.193 -20.3874 1180.2 -109.236 -19.3333 1165.54 -90.3929 -52.8435 1143.41 -110.285 -54.3458 1132.78 -103.831 -71.3251 1166.98 -73.0971 -69.0039 1165.73 -72.3434 -70.9868 1190.11 -35.6456 -84.3552 1200.74 -42.0994 -67.3759 1184.68 -66.2753 -58.5691 1210.66 -72.0958 -27.1925 1222.01 -55.0072 -33.4175 1232.64 -61.4611 -16.4383 1208.26 -98.159 -3.06995 1209.5 -98.9127 -1.08702 1175.31 -129.647 -3.40816
element 26
  poly 0: 1101.69 -150.986 34.9553 1089.81 -143.776 15.9872 1105.73 -129.472 17.0675 1091.07 -110.628 -16.4427 1068.55 -130.868 -17.9712 1059.16 -125.17 -32.9616 1093.36 -94.4363 -30.6404 1091.81 -93.4952 -33.1161 1116.19 -56.7974 -46.4845 1128.06 -64.0072 -27.5163 1112.28 -87.7679 -18.8608 1138.25 -93.5884 12.5159 1149.33 -76.915 6.4421 1158.72 -82.6129 21.4324 1134.34 -119.311 34.8008 1135.89 -120.252 37.2765 1101.69 -150.986 34.9553
  poly 1: 1096.02 -145.116 40.7358 1085.39 -138.662 23.7566 1100.92 -124.705 24.8107 1086.26 -105.862 -8.69949 1064.13 -125.754 -10.2018 1053.5 -119.3 -27.1811 1087.69 -88.566 -24.8599 1086.14 -87.6249 -27.3356 1110.52 -50.9271 -40.7039 1121.15 -57.3809 -23.7247 1105.09 -81.5567 -14.9179 1131.07 -87.3772 16.4587 1142.42 -70.2887 10.2337 1153.05 -76.7426 27.213 1128.67 -113.44 40.5813 1130.22 -114.381 43.057 1096.02 -145.116 40.7358
element 27
  poly 0: 1253.38 113.135 -49.5028 1243.99 107.437 -64.4893 1259.48 93.5082 -63.4414 1244.81 74.6647 -96.9485 1222.71 94.5271 -98.4427 1210.83 87.3155 -117.41 1245.02 56.5777 -115.097 1246.56 57.511 -112.643 1270.93 20.8117 -126.009 1313.48 46.6311 -58.1024 1289.11 83.3304 -44.7358 1287.57 82.3971 -47.1905 1253.38 113.135 -49.5028
  poly 1: 1259.04 119.004 -55.2852 1248.41 112.55 -72.2619 1264.29 98.273 -71.1879 1249.62 79.4295 -104.695 1227.13 99.6398 -106.215 1216.49 93.1849 -123.192 1250.69 62.4471 -120.88 1252.23 63.3804 -118.425 1276.6 26.6811 -131.792 1319.15 52.5005 -63.8847 1294.78 89.1998 -50.5181 1293.24 88.2665 -52.9728 1259.04 119.004 -55.2852
element 28
  poly 0: 1174.12 128.617 -5.32382 1164.73 122.919 -20.3102 1180.22 108.99 -19.2624 1165.55 90.1468 -52.7694 1143.45 110.009 -54.2637 1131.57 102.798 -73.2307 1165.76 72.0598 -70.9183 1166.97 72.7925 -68.9914 1191.34 36.0931 -82.358 1233.89 61.9126 -14.4511 1209.52 98.6119 -1.08447 1208.31 97.8792 -3.01143 1174.12 128.617 -5.32382
  poly 1: 1179.78 134.487 -11.1061 1169.15 128.032 -28.0829 1185.03 113.755 -27.0089 1170.36 94.9116 -60.5159 1147.87 115.122 -62.0363 1137.24 108.667 -79.013 1171.43 77.9292 -76.7007 1172.64 78.6618 -74.7737 1197.01 41.9625 -88.1403 1239.56 67.782 -20.2334 1215.19 104.481 -6.8668 1213.98 103.749 -8.79376 1179.78 134.487 -11.1061
element 29
  poly 0: 1094.86 144.099 38.8552 1085.47 138.401 23.8688 1100.96 124.472 24.9166 1086.29 105.629 -8.59042 1064.19 125.491 -10.0847 1052.31 118.28 -29.0517 1086.51 87.5419 -26.7393 1087.38 88.0739 -25.34 1111.75 51.3746 -38.7066 1154.3 77.1941 29.2002 1129.93 113.893 42.5668 1129.05 113.361 41.1676 1094.86 144.099 38.8552
  poly 1: 1100.52 149.969 33.0729 1089.89 143.514 16.0962 1105.77 129.237 17.1702 1091.1 110.394 -16.3369 1068.61 130.604 -17.8573 1057.98 124.149 -34.834 1092.17 93.4113 -32.5216 1093.05 93.9433 -31.1224 1117.42 57.244 -44.489 1159.97 83.0635 23.4179 1135.6 119.763 36.7845 1134.72 119.231 35.3853 1100.52 149.969 33.0729
element 30
  poly 0: 1066.83 165.808 44.7578 1058.81 153.361 30.0631 1040.96 169.2 29.0433 1023.14 147.281 0.567175 1043.35 129.354 1.72131 1035.9 117.794 -11.9257 1002.16 147.72 -13.8523 1001.89 147.297 -14.352 965.44 173.007 -21.2566 996.367 221.021 35.4269 1032.82 195.311 42.3315 1033.09 195.735 42.8311 1066.83 165.808 44.7578
  poly 1: 1061.89 160.691 51.7873 1054.16 148.688 37.6164 1036.34 164.489 36.5992 1018.53 142.57 8.12302 1038.69 124.681 9.27467 1030.96 112.677 -4.8962 997.225 142.604 -6.82283 996.952 142.181 -7.32251 960.499 167.891 -14.227 991.426 215.905 42.4564 1027.88 190.195 49.361 1028.15 190.618 49.8607 1061.89 160.691 51.7873
element 31
  poly 0: 971.221 -71.037 126.833 962.723 -64.329 108.787 960.439 -81.0941 110.04 941.52 -81.1501 74.795 945.647 -50.8516 72.5314 937.07 -44.0821 54.3207 930.668 -91.0828 57.8322 931.471 -91.7167 59.5376 912.624 -128.895 36.626 946.775 -155.85 109.138 965.622 -118.672 132.05 964.819 -118.038 130.344 971.221 -71.037 126.833
  poly 1: 979.929 -72.5722 122.161 971.391 -65.8335 104.033 969.103 -82.6294 105.288 950.184 -82.6854 70.043 954.316 -52.356 67.7771 945.778 -45.6173 49.6491 939.375 -92.6179 53.1606 940.179 -93.2519 54.866 921.332 -130.43 31.9544 955.483 -157.385 104.466 974.33 -120.207 127.378 973.526 -119.573 125.673 979.929 -72.5722 122.161
element 32
  poly 0: 891.913 -57.273 170.329 883.415 -50.565 152.284 881.131 -67.3315 153.537 862.212 -67.3876 118.292 866.339 -37.0876 116.028 857.763 -30.3181 97.8175 851.36 -77.3187 101.329 851.451 -77.3903 101.522 832.604 -114.569 78.6101 866.755 -141.524 151.122 885.602 -104.345 174.034 885.511 -104.274 173.841 891.913 -57.273 170.329
  poly 1: 900.621 -58.8081 165.658 892.083 -52.0694 147.53 889.795 -68.8668 148.785 870.876 -68.9229 113.54 875.008 -38.592 111.274 866.47 -31.8533 93.1459 860.067 -78.8539 96.6574 860.158 -78.9255 96.8501 841.311 -116.104 73.9385 875.462 -143.059 146.45 894.309 -105.88 169.362 894.218 -105.809 169.169 900.621 -58.8081 165.658
element 33
  poly 0: 812.605 -43.5089 213.826 804.107 -36.801 195.781 801.823 -53.569 197.034 782.903 -53.625 161.789 787.031 -23.3235 159.525 778.455 -16.5541 141.314 772.052 -63.5547 144.826 771.43 -63.064 143.506 752.583 -100.242 120.594 786.734 -127.197 193.106 805.581 -90.0188 216.018 806.203 -90.5095 217.338 812.605 -43.5089 213.826
  poly 1: 821.313 -45.0441 209.155 812.775 -38.3054 191.027 810.487 -55.1043 192.282 791.568 -55.1603 157.037 795.7 -24.828 154.771 787.162 -18.0892 136.643 780.759 -65.0899 140.154 780.138 -64.5991 138.834 761.291 -101.777 115.923 795.442 -128.732 188.435 814.289 -91.554 211.346 814.91 -92.0447 212.666 821.313 -45.0441 209.155
element 34
  poly 0: 752.076 35.5546 245.842 745.639 35.5546 227.848 731.575 19.3116 235.561 715.172 16.1222 198.937 731.997 35.5546 189.709 724.792 35.5546 169.564 696.897 3.33796 184.863 697.438 3.33796 186.376 666.168 -28.8787 192.239 693.452 -28.8787 268.518 724.722 3.33797 262.655 724.181 3.33797 261.141 752.076 35.5546 245.842
  poly 1: 758.817 28.5729 243.431 751.996 28.5729 224.362 737.854 12.24 232.118 721.45 9.0505 195.493 738.354 28.5728 186.222 731.533 28.5728 167.153 703.638 -3.6438 182.452 704.179 -3.6438 183.965 672.909 -35.8605 189.828 700.193 -35.8604 266.107 731.463 -3.64379 260.243 730.922 -3.64379 258.73 758.817 28.5729 243.431
element 35
  poly 0: 997.64 84.7496 110.602 989.777 78.5498 93.9492 979.655 92.921 99.5009 955.936 88.8129 66.8885 972.667 65.0588 57.7121 963.42 57.7674 38.1276 937.643 94.3632 52.2648 938.926 95.3742 54.9803 902.336 123.444 46.2156 936.556 150.426 118.69 973.146 122.356 127.454 971.863 121.345 124.739 997.64 84.7496 110.602
  poly 1: 991.673 78.5693 115.72 983.118 71.8238 97.6016 972.728 86.5745 103.3 949.009 82.4664 70.6875 966.008 58.3327 61.3645 957.453 51.5872 43.246 931.676 88.183 57.3831 932.959 89.194 60.0987 896.369 117.263 51.334 930.588 144.245 123.808 967.178 116.176 132.573 965.896 115.165 129.857 991.673 78.5693 115.72
element 36
  poly 0: 918.332 70.9857 154.098 910.47 64.786 137.446 900.349 79.154 142.996 876.631 75.0459 110.384 893.36 51.295 101.209 884.112 44.0036 81.6241 858.336 80.5994 95.7613 858.976 81.104 97.1167 822.386 109.173 88.3519 856.606 136.155 160.826 893.196 108.086 169.591 892.556 107.581 168.235 918.332 70.9857 154.098
  poly 1: 912.365 64.8055 159.217 903.81 58.06 141.098 893.423 72.8076 146.795 869.704 68.6995 114.183 886.7 44.5689 104.861 878.145 37.8234 86.7425 852.369 74.4191 100.88 853.009 74.9237 102.235 816.419 102.993 93.4703 850.639 129.975 165.944 887.229 101.906 174.709 886.589 101.401 173.354 912.365 64.8055 159.217
element 37
  poly 0: 839.025 57.2219 197.595 831.162 51.0222 180.942 821.044 65.3871 186.492 797.325 61.279 153.879 814.052 37.5311 144.705 804.805 30.2398 125.121 779.029 66.8356 139.258 779.026 66.8337 139.253 742.436 94.9031 130.488 776.656 121.885 202.962 813.246 93.8158 211.727 813.248 93.8177 211.732 839.025 57.2219 197.595
  poly 1: 833.058 51.0417 202.713 824.503 44.2961 184.595 814.117 59.0406 190.291 790.399 54.9325 157.678 807.393 30.8051 148.358 798.838 24.0596 130.239 773.061 60.6553 144.376 773.059 60.6535 144.371 736.469 88.7229 135.607 770.689 115.705 208.081 807.279 87.6356 216.846 807.281 87.6374 216.85 833.058 51.0417 202.713
element 38
  poly 0: 400.992 -208.756 273.467 398.109 -196.309 257.886 378.89 -199.852 262.321 367.56 -175.909 232.347 392.325 -171.343 226.632 389.425 -158.824 210.96 345.819 -166.862 221.023 345.861 -167.044 221.25 300.393 -167.044 221.25 311.961 -216.976 283.756 357.429 -216.976 283.756 357.387 -216.794 283.529 400.992 -208.756 273.467
  poly 1: 400.992 -216.569 267.225 398.101 -204.086 251.599 378.874 -207.63 256.036 367.543 -183.687 226.062 392.317 -179.12 220.346 389.425 -166.637 204.719 345.819 -174.676 214.782 345.861 -174.857 215.009 300.393 -174.857 215.009 311.961 -224.789 277.515 357.429 -224.789 277.515 357.387 -224.607 277.288 400.992 -216.569 267.225
element 39
  poly 0: 603.176 -127.465 266.219 597.21 -119.769 244.163 614.607 -105.822 248.835 609.988 -87.6119 211.676 586.733 -106.254 205.43 582.223 -100.436 188.754 617.165 -72.4232 198.138 616.989 -72.1962 197.487 647.829 -38.8919 191.705 668.782 -65.9208 269.17 637.942 -99.2251 274.953 638.118 -99.4521 275.603 603.176 -127.465 266.219
  poly 1: 596.815 -120.877 270.238 591.577 -114.12 250.872 608.567 -100.499 255.435 603.948 -82.2891 218.275 581.101 -100.605 212.139 575.862 -93.8481 192.773 610.805 -65.8357 202.157 610.629 -65.6087 201.506 641.469 -32.3044 195.724 662.422 -59.3333 273.189 631.582 -92.6376 278.971 631.758 -92.8646 279.622 596.815 -120.877 270.238
element 40
  poly 0: 514.098 -146.674 284.519 508.132 -138.978 262.463 525.526 -125.034 267.134 520.907 -106.824 229.975 497.656 -125.464 223.73 493.145 -119.645 207.054 528.087 -91.6326 216.438 527.5 -90.875 214.267 558.34 -57.5708 208.484 564.306 -65.2665 230.54 544.006 -87.1881 234.346 559.652 -95.1198 272.11 574.782 -78.781 269.273 579.293 -84.5997 285.949 548.453 -117.904 291.732 549.04 -118.662 293.903 514.098 -146.674 284.519
  poly 1: 507.738 -140.086 288.538 502.499 -133.329 269.172 519.487 -119.711 273.734 514.868 -101.501 236.574 492.023 -119.815 230.439 486.785 -113.058 211.073 521.727 -85.0451 220.457 521.14 -84.2876 218.285 551.98 -50.9833 212.503 557.218 -57.7405 231.869 536.559 -80.0498 235.743 552.206 -87.9815 273.506 567.694 -71.255 270.602 572.933 -78.0122 289.968 542.093 -111.316 295.751 542.68 -112.074 297.922 507.738 -140.086 288.538
element 41
  poly 0: 425.02 -165.883 302.819 419.055 -158.188 280.763 436.446 -144.245 285.434 431.827 -126.035 248.274 408.578 -144.673 242.03 404.067 -138.854 225.354 439.01 -110.842 234.738 438.011 -109.554 231.046 468.851 -76.2497 225.263 474.817 -83.9454 247.32 454.521 -105.864 251.125 470.167 -113.795 288.889 485.293 -97.4599 286.052 489.804 -103.279 302.729 458.964 -136.583 308.511 459.963 -137.871 312.203 425.02 -165.883 302.819
  poly 1: 418.66 -159.296 306.838 413.422 -152.539 287.472 430.407 -138.922 292.033 425.787 -120.712 254.873 402.945 -139.024 248.739 397.707 -132.267 229.373 432.649 -104.255 238.757 431.651 -102.966 235.065 462.491 -69.6622 229.282 467.729 -76.4194 248.649 447.074 -98.7253 252.522 462.72 -106.657 290.285 478.205 -89.9339 287.381 483.444 -96.6911 306.748 452.604 -129.995 312.53 453.602 -131.283 316.222 418.66 -159.296 306.838
element 42
  poly 0: 596.182 119.732 267.795 591.658 113.909 251.13 608.731 100.219 255.7 604.066 81.9972 218.54 581.144 100.377 212.404 575.155 92.6678 190.344 610.098 64.6499 199.697 611.323 66.2273 204.211 642.157 32.9208 198.429 663.184 59.9853 275.881 632.351 93.2917 281.662 631.125 91.7143 277.148 596.182 119.732 267.795
  poly 1: 602.54 126.317 263.768 597.283 119.551 244.405 614.764 105.535 249.084 610.099 87.3127 211.924 586.77 106.019 205.68 581.513 99.2527 186.317 616.456 71.2348 195.67 617.681 72.8121 200.184 648.515 39.5057 194.402 669.542 66.5702 271.854 638.708 99.8766 277.635 637.483 98.2992 273.121 602.54 126.317 263.768
element 43
  poly 0: 507.142 138.989 286.229 502.617 133.165 269.564 519.69 119.476 274.134 515.026 101.253 236.973 492.104 119.633 230.838 486.114 111.924 208.777 521.057 83.9064 218.13 521.834 84.9057 220.99 552.667 51.5993 215.209 557.192 57.4228 231.874 536.615 79.6495 235.732 552.29 87.6066 273.49 567.706 70.955 270.6 573.695 78.6638 292.66 542.861 111.97 298.442 542.084 110.971 295.582 507.142 138.989 286.229
  poly 1: 513.499 145.574 282.202 508.243 138.808 262.839 525.723 124.791 267.518 521.059 106.569 230.358 497.729 125.275 224.113 492.472 118.509 204.75 527.415 90.4912 214.103 528.191 91.4906 216.963 559.025 58.1842 211.182 564.282 64.9503 230.545 544.065 86.7886 234.335 559.74 94.7457 272.093 574.796 78.4825 269.27 580.053 85.2487 288.633 549.219 118.555 294.415 548.442 117.556 291.555 513.499 145.574 282.202
element 44
  poly 0: 418.101 158.245 304.663 413.576 152.422 287.997 430.65 138.732 292.567 425.985 120.51 255.407 403.063 138.89 249.272 397.074 131.181 227.211 432.016 103.163 236.564 432.344 103.584 237.77 463.178 70.2778 231.988 467.702 76.1013 248.654 447.125 98.3282 252.512 462.8 106.285 290.27 478.216 89.6335 287.379 484.205 97.3423 309.44 453.371 130.649 315.221 453.044 130.227 314.015 418.101 158.245 304.663
  poly 1: 424.459 164.83 300.635 419.202 158.064 281.273 436.683 144.047 285.952 432.018 125.825 248.791 408.688 144.532 242.547 403.432 137.766 223.184 438.374 109.748 232.537 438.702 110.169 233.743 469.536 76.8627 227.961 474.792 83.6288 247.324 454.575 105.467 251.115 470.25 113.424 288.873 485.306 97.161 286.05 490.563 103.927 305.413 459.729 137.234 311.194 459.401 136.812 309.988 424.459 164.83 300.635
element 45
  poly 0: 396.136 197.33 286.294 393.101 184.287 269.994 375.463 197.461 266.059 365.989 175.202 234.01 387.287 159.295 238.762 384.506 147.346 223.829 348.779 174.03 215.857 348.6 173.261 214.897 311.376 193.515 198.89 323.006 243.499 261.355 360.23 223.245 277.361 360.409 224.014 278.322 396.136 197.33 286.294
  poly 1: 390.459 191.45 292.055 387.552 178.954 276.439 369.993 192.068 272.522 360.519 169.809 240.473 381.737 153.962 245.207 378.829 141.466 229.591 343.102 168.15 221.619 342.923 167.381 220.659 305.699 187.636 204.652 317.329 237.62 267.117 354.553 217.365 283.123 354.732 218.134 284.084 390.459 191.45 292.055
element 46
  poly 0: 300.527 -97.8691 342.893 298.258 -90.2388 321.122 285.132 -104.022 323.583 272.545 -98.88 285.246 294.096 -76.2489 281.205 292.205 -69.8893 263.06 260.047 -103.658 269.089 260.031 -103.604 268.937 225.205 -128.4 249.364 233.528 -156.38 329.198 268.354 -131.584 348.77 268.37 -131.638 348.923 300.527 -97.8691 342.893
  poly 1: 307.134 -104.712 339.806 305.053 -97.7168 319.848 292.311 -111.098 322.237 279.723 -105.956 283.9 300.892 -83.7269 279.931 298.811 -76.7319 259.973 266.654 -110.501 266.002 266.638 -110.447 265.85 231.812 -135.243 246.277 240.134 -163.223 326.111 274.961 -138.427 345.683 274.977 -138.48 345.836 307.134 -104.712 339.806
element 47
  poly 0: 211.44 -79.7221 359.597 209.171 -72.0918 337.826 196.043 -85.8767 340.287 183.456 -80.7352 301.951 205.009 -58.1019 297.909 203.118 -51.7422 279.764 170.96 -85.5108 285.793 170.75 -84.804 283.776 135.924 -109.6 264.204 144.246 -137.58 344.038 179.073 -112.784 363.61 179.283 -113.491 365.627 211.44 -79.7221 359.597
  poly 1: 218.047 -86.5647 356.51 215.966 -79.5698 336.552 203.222 -92.9529 338.941 190.634 -87.8113 300.605 211.805 -65.5798 296.635 209.724 -58.5849 276.677 177.567 -92.3535 282.706 177.357 -91.6466 280.689 142.531 -116.442 261.117 150.853 -144.422 340.951 185.679 -119.627 360.523 185.89 -120.333 362.54 218.047 -86.5647 356.51
element 48
  poly 0: 122.353 -61.575 376.301 120.084 -53.9447 354.53 106.954 -67.7319 356.992 94.367 -62.5903 318.655 115.922 -39.9548 314.613 114.031 -33.5951 296.468 81.8734 -67.3638 302.497 81.4688 -66.0035 298.616 46.6425 -90.7993 279.044 54.9651 -118.779 358.878 89.7914 -93.9834 378.45 90.1959 -95.3436 382.331 122.353 -61.575 376.301
  poly 1: 128.96 -68.4177 373.214 126.879 -61.4227 353.256 114.133 -74.808 355.646 101.545 -69.6665 317.309 122.718 -47.4328 313.339 120.638 -40.4378 293.381 88.4801 -74.2064 299.41 88.0756 -72.8462 295.529 53.2493 -97.642 275.957 61.5718 -125.622 355.791 96.3981 -100.826 375.363 96.8027 -102.186 379.244 128.96 -68.4177 373.214
element 49
  poly 0: 28.9002 34.7008 390.673 28.9002 34.7008 371.627 13.0406 19.3882 374.601 9.16195 15.6432 334.631 28.9002 34.7008 330.93 28.9002 34.7008 309.279 -3.47289 3.44409 315.349 -3.47289 3.44409 316.652 -35.846 -27.8127 310.582 -35.846 -27.8127 391.976 -3.4729 3.44409 398.046 -3.4729 3.44409 396.743 28.9002 34.7008 390.673
  poly 1: 35.8461 27.5068 390.673 35.8461 27.5068 370.325 19.8624 12.0743 373.322 15.9838 8.32939 333.352 35.8461 27.5068 329.628 35.8461 27.5068 309.279 3.47306 -3.74992 315.349 3.47306 -3.74992 316.652 -28.9 -35.0067 310.582 -28.9 -35.0067 391.976 3.47305 -3.74992 398.046 3.47305 -3.74992 396.743 35.8461 27.5068 390.673
element 50
  poly 0: 306.946 103.779 337.991 305.054 97.4146 319.848 292.409 110.694 322.219 279.815 105.546 283.883 300.892 83.4117 279.931 298.622 75.7736 258.158 266.464 109.545 264.187 266.831 110.78 267.707 232.002 135.565 248.12 240.326 163.571 327.953 275.155 138.786 347.54 274.788 137.551 344.021 306.946 103.779 337.991
  poly 1: 300.34 96.9372 341.08 298.259 89.9357 321.122 285.23 103.618 323.565 272.636 98.4702 285.229 294.097 75.9328 281.205 292.016 68.9314 261.247 259.858 102.703 267.276 260.225 103.938 270.796 225.395 128.723 251.209 233.719 156.729 331.042 268.549 131.943 350.629 268.182 130.709 347.11 300.34 96.9372 341.08
element 51
  poly 0: 217.859 85.6326 354.695 215.967 79.2678 336.552 203.325 92.545 338.922 190.73 87.3972 300.587 211.805 65.2649 296.635 209.535 57.6268 274.862 177.377 91.3984 280.891 177.551 91.9839 282.561 142.722 116.769 262.974 151.046 144.775 342.807 185.875 119.99 362.394 185.701 119.404 360.725 217.859 85.6326 354.695
  poly 1: 211.253 78.7904 357.784 209.172 71.789 337.826 196.146 85.4688 340.268 183.552 80.321 301.933 205.01 57.7861 297.909 202.929 50.7846 277.951 170.771 84.5562 283.981 170.945 85.1417 285.65 136.115 109.927 266.063 144.44 137.933 345.896 179.269 113.147 365.483 179.095 112.562 363.814 211.253 78.7904 357.784
element 52
  poly 0: 128.772 67.4858 371.399 126.881 61.121 353.256 114.24 74.3958 355.626 101.646 69.248 317.29 122.718 47.1181 313.339 120.448 39.48 291.566 88.29 73.2516 297.595 88.2711 73.188 297.414 53.4419 97.9732 277.827 61.766 125.979 357.661 96.5953 101.194 377.248 96.6141 101.257 377.429 128.772 67.4858 371.399
  poly 1: 122.166 60.6436 374.488 120.085 53.6422 354.53 107.061 67.3196 356.972 94.467 62.1718 318.636 115.923 39.6393 314.613 113.842 32.6379 294.655 81.6838 66.4094 300.685 81.6649 66.3459 300.503 46.8356 91.131 280.916 55.1598 119.137 360.75 89.989 94.3516 380.337 90.0079 94.4152 380.518 122.166 60.6436 374.488
element 53
  poly 0: -311.961 -216.976 283.756 -300.393 -167.044 221.25 -345.861 -167.044 221.25 -345.819 -166.862 221.023 -389.425 -158.824 210.96 -400.992 -208.756 273.467 -357.386 -216.794 283.529 -357.428 -216.976 283.756 -311.961 -216.976 283.756
  poly 1: -311.961 -224.789 277.515 -300.393 -174.857 215.009 -345.861 -174.857 215.009 -345.819 -174.676 214.781 -389.425 -166.637 204.719 -400.992 -216.569 267.225 -357.386 -224.607 277.288 -357.428 -224.789 277.515 -311.961 -224.789 277.515
element 54
  poly 0: -121.741 -127.445 358.172 -119.349 -119.401 335.221 -102.776 -106.036 345.771 -93.7665 -88.1356 308.94 -115.187 -105.411 295.304 -113.419 -99.4651 278.338 -81.6043 -73.8072 298.591 -81.5079 -73.4834 297.667 -48.2326 -42.9141 303.906 -56.5551 -70.894 383.74 -89.8305 -101.463 377.5 -89.9268 -101.787 378.424 -121.741 -127.445 358.172
  poly 1: -128.578 -120.364 359.941 -126.497 -113.369 339.982 -110.288 -100.297 350.301 -101.278 -82.3969 313.47 -122.336 -99.3795 300.065 -120.255 -92.3845 280.107 -88.4407 -66.7266 300.36 -88.3444 -66.4028 299.436 -55.069 -35.8335 305.675 -63.3915 -63.8134 385.508 -96.6669 -94.3827 379.269 -96.7632 -94.7065 380.193 -128.578 -120.364 359.941
element 55
  poly 0: -211.023 -146.245 343.332 -208.63 -138.202 320.381 -192.061 -124.839 330.929 -183.052 -106.939 294.098 -204.469 -124.212 280.464 -202.7 -118.265 263.498 -170.886 -92.6076 283.751 -170.595 -91.6304 280.963 -137.319 -61.0612 287.202 -145.642 -89.041 367.036 -178.917 -119.61 360.796 -179.208 -120.587 363.584 -211.023 -146.245 343.332
  poly 1: -217.859 -139.165 345.101 -215.778 -132.17 325.142 -199.573 -119.1 335.458 -190.563 -101.2 298.628 -211.617 -118.18 285.226 -209.536 -111.185 265.267 -177.722 -85.527 285.52 -177.431 -84.5499 282.732 -144.156 -53.9806 288.971 -152.478 -81.9605 368.804 -185.754 -112.53 362.565 -186.044 -113.507 365.353 -217.859 -139.165 345.101
element 56
  poly 0: -300.304 -165.046 328.492 -297.911 -157.002 305.541 -281.346 -143.643 316.086 -272.337 -125.743 279.256 -293.75 -143.012 265.625 -291.981 -137.066 248.658 -260.167 -111.408 268.911 -259.682 -109.777 264.259 -226.406 -79.2082 270.498 -228.799 -87.2519 293.449 -250.977 -107.626 289.29 -250.067 -116.957 330.158 -232.96 -101.242 333.365 -234.729 -107.188 350.332 -268.004 -137.757 344.092 -268.489 -139.388 348.745 -300.304 -165.046 328.492
  poly 1: -307.14 -157.965 330.261 -305.06 -150.97 310.303 -288.858 -137.904 320.616 -279.848 -120.004 283.786 -300.898 -136.98 270.386 -298.818 -129.985 250.427 -267.003 -104.327 270.68 -266.518 -102.697 266.028 -233.243 -72.1277 272.267 -235.323 -79.1226 292.225 -257.881 -99.8458 287.996 -256.971 -109.177 328.863 -239.485 -93.1126 332.142 -241.565 -100.108 352.1 -274.841 -130.677 345.861 -275.326 -132.307 350.514 -307.14 -157.965 330.261
element 57
  poly 0: -128.274 119.037 357.004 -126.505 113.086 340.04 -110.145 99.8967 350.463 -101.128 81.9804 313.639 -122.343 99.0829 300.124 -119.95 91.031 277.171 -88.1351 65.3833 297.44 -88.6555 67.1339 302.43 -55.3781 36.5647 308.67 -63.7023 64.5705 388.503 -96.9797 95.1397 382.263 -96.4593 93.389 377.273 -128.274 119.037 357.004
  poly 1: -121.438 126.117 355.233 -119.357 119.116 335.275 -102.632 105.633 345.93 -93.6158 87.7167 309.106 -115.195 105.113 295.358 -113.114 98.1113 275.4 -81.299 72.4636 295.669 -81.8193 74.2142 300.659 -48.5419 43.645 306.899 -56.8661 71.6508 386.732 -90.1435 102.22 380.492 -89.6232 100.469 375.502 -121.438 126.117 355.233
element 58
  poly 0: -217.554 137.833 342.151 -215.785 131.882 325.187 -199.42 118.689 335.612 -190.404 100.773 298.788 -211.623 117.879 285.27 -209.23 109.827 262.317 -177.415 84.1791 282.586 -177.742 85.2807 285.726 -144.465 54.7115 291.966 -152.789 82.7173 371.799 -186.067 113.286 365.559 -185.739 112.185 362.419 -217.554 137.833 342.151
  poly 1: -210.718 144.913 340.38 -208.637 137.912 320.421 -191.908 124.425 331.079 -182.891 106.509 294.255 -204.474 123.909 280.505 -202.393 116.907 260.546 -170.579 91.2594 280.815 -170.906 92.361 283.955 -137.629 61.7918 290.195 -145.953 89.7976 370.028 -179.23 120.367 363.788 -178.903 119.265 360.648 -210.718 144.913 340.38
element 59
  poly 0: -306.834 156.629 327.297 -305.065 150.677 310.333 -288.696 137.482 320.761 -279.679 119.565 283.937 -300.903 136.675 270.416 -298.509 128.623 247.464 -266.695 102.975 267.732 -266.829 103.427 269.022 -233.552 72.8582 275.262 -235.321 78.8093 292.226 -257.72 99.3855 288.026 -256.804 108.724 328.895 -239.483 92.8122 332.142 -241.876 100.864 355.095 -275.153 131.433 348.855 -275.019 130.981 347.566 -306.834 156.629 327.297
  poly 1: -299.997 163.709 325.526 -297.916 156.707 305.568 -281.183 143.218 316.228 -272.167 125.302 279.404 -293.754 142.704 265.651 -291.673 135.703 245.693 -259.859 110.055 265.961 -259.993 110.508 267.251 -226.716 79.9385 273.491 -228.797 86.94 293.449 -250.815 107.166 289.32 -249.9 116.505 330.189 -232.959 100.943 333.366 -235.04 107.944 353.324 -268.317 138.514 347.084 -268.183 138.061 345.795 -299.997 163.709 325.526
element 60
  poly 0: -319.417 201.507 296.771 -316.382 188.464 280.472 -333.465 199.531 271.726 -331.227 176.856 238.662 -310.567 163.472 249.239 -307.787 151.523 234.306 -342.717 174.153 216.423 -342.642 173.828 216.017 -376.076 190.029 190.1 -387.705 240.013 252.565 -354.271 223.812 278.482 -354.347 224.137 278.888 -319.417 201.507 296.771
  poly 1: -325.76 194.937 300.847 -322.852 182.441 285.231 -339.857 193.458 276.525 -337.619 170.783 243.461 -317.037 157.449 253.999 -314.13 144.953 238.382 -349.06 167.583 220.499 -348.984 167.258 220.093 -382.418 183.46 194.176 -394.048 233.444 256.641 -360.614 217.242 282.558 -360.69 217.567 282.963 -325.76 194.937 300.847
element 61
  poly 0: -426.249 -98.5886 319.402 -420.514 -91.1905 298.198 -434.627 -104.584 295.552 -432.436 -98.9331 255.266 -410.038 -77.676 259.466 -405.296 -71.5597 241.936 -438.909 -103.46 235.634 -438.683 -103.169 234.799 -465.994 -126.94 205.198 -486.947 -153.969 282.663 -459.636 -130.198 312.264 -459.862 -130.489 313.099 -426.249 -98.5886 319.402
  poly 1: -419.317 -105.768 318.771 -414.079 -99.0111 299.405 -427.798 -112.032 296.833 -425.608 -106.381 256.546 -403.602 -85.4966 260.672 -398.364 -78.7394 241.306 -431.977 -110.64 235.004 -431.751 -110.348 234.169 -459.062 -134.12 204.568 -480.015 -161.149 282.033 -452.704 -137.377 311.634 -452.93 -137.669 312.469 -419.317 -105.768 318.771
element 62
  poly 0: -515.738 -79.9097 302.622 -510.003 -72.5116 281.419 -524.118 -85.9073 278.773 -521.927 -80.2565 238.486 -499.527 -58.9972 242.686 -494.785 -52.8808 225.157 -528.398 -84.7812 218.854 -527.761 -83.9593 216.499 -555.071 -107.73 186.898 -576.024 -134.759 264.363 -548.714 -110.988 293.964 -549.351 -111.81 296.32 -515.738 -79.9097 302.622
  poly 1: -508.806 -87.0894 301.992 -503.568 -80.3322 282.626 -517.29 -93.355 280.053 -515.099 -87.7042 239.767 -493.091 -66.8177 243.893 -487.853 -60.0605 224.527 -521.466 -91.9609 218.224 -520.829 -91.1391 215.869 -548.139 -114.91 186.268 -569.092 -141.939 263.733 -541.782 -118.168 293.334 -542.419 -118.99 295.69 -508.806 -87.0894 301.992
element 63
  poly 0: -605.227 -61.2308 285.843 -599.492 -53.8327 264.64 -613.609 -67.2307 261.993 -611.418 -61.5799 221.706 -589.016 -40.3183 225.907 -584.274 -34.2019 208.377 -617.887 -66.1023 202.075 -616.838 -64.7499 198.199 -644.149 -88.5211 168.598 -665.102 -115.55 246.064 -637.791 -91.7788 275.664 -638.84 -93.1312 279.54 -605.227 -61.2308 285.843
  poly 1: -598.295 -68.4105 285.213 -593.057 -61.6533 265.846 -606.781 -74.6783 263.273 -604.59 -69.0275 222.987 -582.58 -48.1389 227.114 -577.342 -41.3816 207.747 -610.954 -73.282 201.445 -609.906 -71.9296 197.569 -637.217 -95.7008 167.968 -658.17 -122.73 245.433 -630.859 -98.9585 275.034 -631.907 -100.311 278.91 -598.295 -68.4105 285.213
element 64
  poly 0: -699.808 35.5546 265.032 -693.371 35.5546 247.037 -709.169 19.2792 244.075 -698.623 16.0898 205.355 -679.73 35.5546 208.898 -672.524 35.5546 188.753 -703.794 3.33797 182.89 -704.022 3.33797 183.527 -731.917 -28.8787 168.228 -759.201 -28.8787 244.506 -731.306 3.33797 259.805 -731.078 3.33797 259.168 -699.808 35.5546 265.032
  poly 1: -693.067 28.5729 267.443 -686.246 28.5729 248.373 -702.13 12.2076 245.395 -691.584 9.01811 206.675 -672.604 28.5729 210.234 -665.783 28.5728 191.164 -697.053 -3.6438 185.301 -697.281 -3.6438 185.938 -725.176 -35.8604 170.639 -752.46 -35.8604 246.917 -724.565 -3.6438 262.216 -724.337 -3.6438 261.579 -693.067 28.5729 267.443
element 65
  poly 0: -418.849 104.829 316.933 -414.089 98.7037 299.403 -427.744 111.664 296.843 -425.544 106.023 256.558 -403.576 85.1715 260.677 -397.821 77.7647 239.481 -431.441 109.675 233.177 -432.344 110.837 236.502 -459.619 134.58 206.827 -480.646 161.645 284.278 -453.371 137.901 313.954 -452.468 136.739 310.629 -418.849 104.829 316.933
  poly 1: -425.781 97.6493 317.56 -420.524 90.8832 298.197 -434.572 104.217 295.563 -432.372 98.5759 255.278 -410.01 77.351 259.471 -404.754 70.5849 240.108 -438.374 102.495 233.804 -439.276 103.657 237.129 -466.551 127.4 207.453 -487.578 154.465 284.905 -460.303 130.721 314.581 -459.401 129.56 311.256 -425.781 97.6493 317.56
element 66
  poly 0: -508.338 86.1507 300.153 -503.579 80.0252 282.624 -517.233 92.985 280.063 -515.034 87.3441 239.779 -493.066 66.493 243.898 -487.311 59.0862 222.702 -520.931 90.9965 216.398 -521.385 91.5804 218.069 -548.659 115.324 188.393 -569.687 142.388 265.844 -542.412 118.645 295.52 -541.958 118.061 293.849 -508.338 86.1507 300.153
  poly 1: -515.27 78.9708 300.78 -510.014 72.2047 281.417 -524.061 85.5381 278.783 -521.862 79.8972 238.498 -499.5 58.6725 242.691 -494.243 51.9064 223.328 -527.863 83.8166 217.025 -528.317 84.4005 218.696 -555.592 108.144 189.02 -576.619 135.208 266.471 -549.344 111.465 296.147 -548.89 110.881 294.476 -515.27 78.9708 300.78
element 67
  poly 0: -597.828 67.4722 283.374 -593.069 61.3467 265.844 -606.723 74.3063 263.284 -604.523 68.6655 222.999 -582.555 47.8145 227.118 -576.801 40.4077 205.922 -610.421 72.318 199.618 -610.425 72.3239 199.635 -637.7 96.0671 169.959 -658.727 123.132 247.411 -631.452 99.3883 277.087 -631.448 99.3824 277.07 -597.828 67.4722 283.374
  poly 1: -604.76 60.2923 284 -599.503 53.5262 264.638 -613.551 66.8594 262.004 -611.351 61.2186 221.719 -588.99 39.994 225.912 -583.733 33.2279 206.549 -617.353 65.1381 200.245 -617.357 65.1441 200.262 -644.632 88.8873 170.586 -665.659 115.952 248.038 -638.385 92.2085 277.714 -638.38 92.2025 277.697 -604.76 60.2923 284
element 68
  poly 0: -987.333 -198.165 59.6664 -979.537 -186.04 45.3309 -999.918 -182.151 40.7338 -988.583 -157.372 11.4383 -964.108 -162.042 16.9587 -956.475 -150.169 2.922 -999.876 -141.889 -6.86726 -999.485 -141.28 -7.58735 -1039.2 -127.273 -24.1475 -1070.06 -175.269 32.5969 -1030.34 -189.276 49.1571 -1030.73 -189.885 49.8772 -987.333 -198.165 59.6664
  poly 1: -987.333 -205.8 53.2085 -979.618 -193.801 39.0224 -999.978 -189.917 34.4302 -988.643 -165.138 5.1346 -964.19 -169.803 10.6501 -956.475 -157.804 -3.53597 -999.876 -149.524 -13.3252 -999.485 -148.915 -14.0453 -1039.2 -134.908 -30.6055 -1070.06 -182.904 26.1389 -1030.34 -196.911 42.6991 -1030.73 -197.52 43.4192 -987.333 -205.8 53.2085
element 69
  poly 0: -830.809 -120.231 185.646 -821.071 -112.545 164.97 -808.922 -99.5592 180.088 -788.152 -82.1334 148.429 -803.996 -99.0676 128.714 -796.659 -93.2762 113.134 -772.897 -67.8805 142.701 -772.358 -67.4546 141.555 -742.408 -37.1742 157.981 -776.559 -64.129 230.493 -806.509 -94.4094 214.067 -807.048 -94.8353 215.213 -830.809 -120.231 185.646
  poly 1: -837.743 -113.05 185.05 -829.205 -106.311 166.922 -817.315 -93.6029 181.717 -796.545 -76.1771 150.058 -812.13 -92.8337 130.666 -803.592 -86.095 112.538 -779.831 -60.6992 142.105 -779.291 -60.2734 140.959 -749.342 -29.993 157.385 -783.493 -56.9478 229.897 -813.442 -87.2282 213.471 -813.982 -87.6541 214.617 -837.743 -113.05 185.05
element 70
  poly 0: -910.83 -134.557 143.662 -901.092 -126.871 122.986 -888.945 -113.888 138.101 -868.175 -96.4625 106.442 -884.016 -113.394 86.7297 -876.679 -107.603 71.1502 -852.918 -82.2069 100.717 -851.666 -81.2186 98.0583 -821.716 -50.9382 114.484 -855.867 -77.8931 186.996 -885.817 -108.173 170.57 -887.069 -109.162 173.229 -910.83 -134.557 143.662
  poly 1: -917.764 -127.376 143.066 -909.226 -120.637 124.938 -897.338 -107.932 139.73 -876.568 -90.5061 108.071 -892.15 -107.16 88.6821 -883.613 -100.421 70.5541 -859.852 -75.0256 100.121 -858.6 -74.0374 97.4622 -828.65 -43.757 113.888 -862.801 -70.7118 186.4 -892.75 -100.992 169.974 -894.002 -101.98 172.633 -917.764 -127.376 143.066
element 71
  poly 0: -990.85 -148.884 101.678 -981.112 -141.198 81.0016 -968.968 -128.217 96.1139 -948.198 -110.791 64.4548 -964.037 -127.72 44.7457 -956.7 -121.929 29.1661 -932.938 -96.5332 58.7326 -930.974 -94.9827 54.5614 -901.024 -64.7023 70.9875 -910.762 -72.3883 91.6639 -930.518 -92.3627 80.8285 -942.937 -101.132 119.638 -927.838 -85.8657 127.92 -935.175 -91.6571 143.499 -965.125 -121.937 127.073 -967.089 -123.488 131.245 -990.85 -148.884 101.678
  poly 1: -997.784 -141.703 101.082 -989.246 -134.964 82.954 -977.361 -122.261 97.7432 -956.591 -104.835 66.084 -972.171 -121.486 46.6981 -963.633 -114.748 28.5701 -939.872 -89.352 58.1366 -937.908 -87.8014 53.9654 -907.958 -57.521 70.3915 -916.495 -64.2598 88.5194 -936.579 -84.5651 77.5045 -948.998 -93.3347 116.314 -933.571 -77.7372 124.775 -942.109 -84.4759 142.903 -972.058 -114.756 126.477 -974.023 -116.307 130.649 -997.784 -141.703 101.082
element 72
  poly 0: -836.496 111.762 182.346 -829.142 105.963 166.771 -817.143 93.125 181.766 -796.326 75.6673 150.162 -812.032 92.4723 130.534 -802.276 84.7797 109.872 -778.562 59.4067 139.507 -780.458 60.9013 143.522 -750.507 30.6106 159.948 -784.727 57.5927 232.422 -814.678 87.8834 215.996 -812.782 86.3888 211.981 -836.496 111.762 182.346
  poly 1: -829.562 118.943 182.946 -821.008 112.197 164.827 -808.749 99.0806 180.148 -787.931 81.6229 148.544 -803.898 98.7063 128.59 -795.343 91.9608 110.472 -771.629 66.5877 140.107 -773.525 68.0824 144.122 -743.574 37.7917 160.548 -777.794 64.7737 233.023 -807.744 95.0645 216.596 -805.849 93.5698 212.582 -829.562 118.943 182.946
element 73
  poly 0: -916.446 126.032 140.209 -909.092 120.234 124.635 -897.088 107.39 139.636 -876.271 89.9325 108.031 -891.982 106.743 88.3976 -882.226 99.05 67.7353 -858.512 73.6769 97.3708 -859.765 74.6652 100.025 -829.815 44.3744 116.452 -864.035 71.3565 188.926 -893.985 101.647 172.499 -892.732 100.659 169.845 -916.446 126.032 140.209
  poly 1: -909.512 133.213 140.81 -900.957 126.468 122.691 -888.694 113.346 138.017 -867.876 95.8881 106.413 -883.847 112.977 86.4541 -875.292 106.231 68.3356 -851.579 80.858 97.971 -852.832 81.8462 100.625 -822.882 51.5555 117.052 -857.101 78.5376 189.526 -887.052 108.828 173.1 -885.799 107.84 170.445 -909.512 133.213 140.81
element 74
  poly 0: -996.395 140.302 98.0732 -989.041 134.504 82.4983 -977.033 121.655 97.5052 -956.216 104.198 65.9011 -971.932 121.013 46.2613 -962.176 113.32 25.599 -938.462 87.9472 55.2345 -939.073 88.429 56.5286 -909.122 58.1383 72.9551 -916.476 63.9368 88.5299 -936.386 84.0729 77.6102 -948.814 92.8285 116.415 -933.586 77.4278 124.767 -943.342 85.1203 145.429 -973.293 115.411 129.003 -972.682 114.929 127.709 -996.395 140.302 98.0732
  poly 1: -989.462 147.483 98.6734 -980.907 140.738 80.5548 -968.639 127.611 95.8869 -947.821 110.153 64.2828 -963.797 127.247 44.3178 -955.242 120.501 26.1992 -931.528 95.1282 55.8347 -932.139 95.61 57.1289 -902.189 65.3193 73.5554 -910.744 72.0648 91.6739 -930.325 91.8685 80.9345 -942.753 100.624 119.74 -927.854 85.5559 127.911 -936.409 92.3014 146.03 -966.359 122.592 129.603 -965.748 122.11 128.309 -989.462 147.483 98.6734
element 75
  poly 0: -997.467 176.749 72.7381 -989.49 164.366 58.1188 -1004.2 174.211 44.5143 -991.044 151.749 14.0373 -974.027 140.359 29.777 -966.54 128.735 16.0546 -996.303 148.656 -11.4737 -996.045 148.256 -11.9463 -1022.78 163.481 -45.017 -1053.71 211.495 11.6665 -1026.97 196.27 44.7372 -1027.23 196.67 45.2098 -997.467 176.749 72.7381
  poly 1: -1004.24 169.739 74.9832 -996.504 157.735 60.8123 -1011.18 167.556 47.2417 -998.021 145.094 16.7646 -981.04 133.728 32.4706 -973.308 121.725 18.2997 -1003.07 141.646 -9.2286 -1002.81 141.245 -9.70119 -1029.55 156.471 -42.7719 -1060.48 204.485 13.9116 -1033.74 189.259 46.9823 -1034 189.66 47.4549 -1004.24 169.739 74.9832
element 76
  poly 0: -1106.57 -81.4065 54.8677 -1094.93 -74.3396 36.2758 -1107.61 -88.1402 29.3232 -1093.06 -82.5421 -8.31785 -1073.67 -61.4319 2.31739 -1064.05 -55.591 -13.0492 -1093.53 -87.6936 -29.2224 -1092.83 -87.2657 -30.3482 -1110.5 -112.197 -65.3874 -1153.03 -138.013 2.5295 -1135.36 -113.081 37.5687 -1136.06 -113.509 38.6945 -1106.57 -81.4065 54.8677
  poly 1: -1099.72 -88.5085 56.462 -1089.09 -82.0546 39.4828 -1101.44 -95.508 32.705 -1086.89 -89.9099 -4.936 -1067.82 -69.1468 5.52436 -1057.19 -62.6929 -11.4549 -1086.68 -94.7956 -27.628 -1085.97 -94.3676 -28.7538 -1103.65 -119.299 -63.793 -1146.18 -145.115 4.12386 -1128.5 -120.183 39.1631 -1129.21 -120.611 40.2889 -1099.72 -88.5085 56.462
element 77
  poly 0: -1186.16 -66.125 11.2165 -1174.52 -59.0581 -7.37537 -1187.2 -72.8588 -14.3281 -1172.65 -67.2607 -51.9691 -1153.26 -46.1504 -41.3338 -1143.64 -40.3095 -56.7004 -1173.12 -72.4121 -72.8736 -1172.11 -71.7968 -74.4922 -1189.79 -96.7284 -109.531 -1232.31 -122.544 -41.6145 -1214.64 -97.6124 -6.57527 -1215.65 -98.2276 -4.95672 -1186.16 -66.125 11.2165
  poly 1: -1179.31 -73.227 12.8108 -1168.67 -66.7731 -4.1684 -1181.03 -80.2266 -10.9462 -1166.48 -74.6285 -48.5873 -1147.41 -53.8653 -38.1268 -1136.78 -47.4114 -55.1061 -1166.27 -79.5141 -71.2793 -1165.25 -78.8988 -72.8978 -1182.93 -103.83 -107.937 -1225.46 -129.646 -40.0201 -1207.78 -104.714 -4.9809 -1208.8 -105.33 -3.36235 -1179.31 -73.227 12.8108
element 78
  poly 0: -1265.75 -50.8435 -32.4347 -1254.11 -43.7766 -51.0266 -1266.79 -57.5773 -57.9793 -1252.24 -51.9793 -95.6204 -1232.85 -30.8689 -84.985 -1223.22 -25.028 -100.352 -1252.71 -57.1306 -116.525 -1251.39 -56.328 -118.636 -1269.07 -81.2596 -153.675 -1311.59 -107.075 -85.7585 -1293.92 -82.1436 -50.7193 -1295.24 -82.9461 -48.6079 -1265.75 -50.8435 -32.4347
  poly 1: -1258.9 -57.9455 -30.8404 -1248.26 -51.4916 -47.8196 -1260.62 -64.9452 -54.5975 -1246.07 -59.3471 -92.2385 -1227 -38.5838 -81.7781 -1216.37 -32.1299 -98.7573 -1245.86 -64.2325 -114.93 -1244.53 -63.43 -117.042 -1262.21 -88.3616 -152.081 -1304.74 -114.177 -84.1641 -1287.06 -89.2455 -49.1249 -1288.39 -90.0481 -47.0136 -1258.9 -57.9455 -30.8404
element 79
  poly 0: -1349.5 37.2962 -81.38 -1338.59 37.2962 -97.3584 -1352.42 18.9371 -104.945 -1331.21 16.9995 -138.932 -1315.92 37.2962 -130.545 -1304.16 37.2962 -147.753 -1329.93 3.09678 -161.885 -1329.74 3.09678 -162.158 -1352.27 -31.1026 -181.023 -1397.62 -31.1026 -114.65 -1375.08 3.09678 -95.7848 -1375.27 3.09678 -95.5118 -1349.5 37.2962 -81.38
  poly 1: -1343.23 30.7968 -77.093 -1331.89 30.7968 -93.6863 -1345.75 12.4018 -101.287 -1324.54 10.4642 -135.275 -1309.22 30.7968 -126.873 -1297.89 30.7968 -143.466 -1323.65 -3.40261 -157.598 -1323.47 -3.40261 -157.871 -1346 -37.602 -176.736 -1391.34 -37.602 -110.363 -1368.81 -3.40261 -91.4978 -1369 -3.40261 -91.2247 -1343.23 30.7968 -77.093
element 80
  poly 0: -1098.72 87.5879 54.8461 -1089.09 81.7456 39.4805 -1101.47 95.2237 32.6911 -1086.92 89.6305 -4.94798 -1067.82 68.8359 5.52705 -1056.17 61.7684 -13.0608 -1085.66 93.8749 -29.234 -1087.04 94.7122 -27.0318 -1104.7 119.64 -62.0849 -1147.24 145.46 5.82196 -1129.59 120.532 40.8751 -1128.21 119.694 38.6729 -1098.72 87.5879 54.8461
  poly 1: -1105.57 80.4861 53.2501 -1094.94 74.0312 36.2734 -1107.64 87.8565 29.3091 -1093.08 82.2633 -8.32994 -1073.66 61.1215 2.31997 -1063.03 54.6666 -14.6568 -1092.52 86.7731 -30.83 -1093.89 87.6104 -28.6278 -1111.55 112.538 -63.6809 -1154.1 138.358 4.22597 -1136.44 113.43 39.2791 -1135.06 112.593 37.0769 -1105.57 80.4861 53.2501
element 81
  poly 0: -1178.31 72.3064 11.1948 -1168.68 66.4641 -4.17079 -1181.06 79.9431 -10.9607 -1166.51 74.35 -48.5998 -1147.41 53.5544 -38.1242 -1135.76 46.487 -56.7121 -1165.25 78.5934 -72.8853 -1166.3 79.2301 -71.2108 -1183.96 104.158 -106.264 -1226.5 129.977 -38.3571 -1208.84 105.049 -3.30394 -1207.8 104.413 -4.97836 -1178.31 72.3064 11.1948
  poly 1: -1185.16 65.2046 9.59885 -1174.53 58.7497 -7.37787 -1187.23 72.5759 -14.3426 -1172.67 66.9828 -51.9817 -1153.25 45.84 -41.3313 -1142.62 39.3852 -58.308 -1172.1 71.4916 -74.4813 -1173.15 72.1283 -72.8068 -1190.81 97.0562 -107.86 -1233.36 122.876 -39.953 -1215.7 97.9477 -4.89994 -1214.65 97.311 -6.57435 -1185.16 65.2046 9.59885
element 82
  poly 0: -1257.9 57.0249 -32.4564 -1248.27 51.1826 -47.8221 -1260.65 64.6626 -54.6125 -1246.1 59.0695 -92.2515 -1227 38.2729 -81.7755 -1215.35 31.2055 -100.363 -1244.84 63.3119 -116.537 -1245.56 63.7479 -115.39 -1263.22 88.6759 -150.443 -1305.76 114.495 -82.5361 -1288.1 89.5674 -47.483 -1287.38 89.1314 -48.6297 -1257.9 57.0249 -32.4564
  poly 1: -1264.75 49.9231 -34.0524 -1254.12 43.4683 -51.0292 -1266.82 57.2954 -57.9944 -1252.26 51.7023 -95.6335 -1232.84 30.5585 -84.9826 -1222.21 24.1037 -101.959 -1251.69 56.2101 -118.133 -1252.41 56.6461 -116.986 -1270.07 81.5741 -152.039 -1312.62 107.394 -84.1321 -1294.96 82.4656 -49.079 -1294.24 82.0296 -50.2256 -1264.75 49.9231 -34.0524
element 83
  poly 0: -1453.96 -108.849 -184.646 -1440.06 -101.626 -202.285 -1432.84 -88.8106 -185.637 -1405.45 -71.2741 -211.013 -1415.3 -88.7538 -233.72 -1404.43 -83.1045 -247.516 -1389.53 -56.6511 -213.151 -1388 -55.8567 -215.091 -1362.71 -24.0019 -193.916 -1412.24 -49.7468 -131.046 -1437.53 -81.6016 -152.221 -1439.06 -82.396 -150.281 -1453.96 -108.849 -184.646
  poly 1: -1460.69 -101.874 -187.095 -1448.31 -95.4382 -202.813 -1441.25 -82.9077 -186.534 -1413.86 -65.3712 -211.91 -1423.55 -82.5658 -234.248 -1411.17 -76.1296 -249.965 -1396.27 -49.6762 -215.6 -1394.74 -48.8818 -217.54 -1369.44 -17.0269 -196.365 -1418.97 -42.7718 -133.495 -1444.26 -74.6267 -154.67 -1445.79 -75.4211 -152.73 -1460.69 -101.874 -187.095
element 84
  poly 0: -1521.86 -116.867 -241.335 -1507.96 -109.644 -258.974 -1500.75 -96.8287 -242.326 -1473.35 -79.2921 -267.702 -1483.2 -96.7719 -290.41 -1472.33 -91.1226 -304.205 -1457.43 -64.6692 -269.84 -1455.83 -63.8359 -271.875 -1430.54 -31.981 -250.701 -1444.43 -39.2042 -233.061 -1460.87 -59.9027 -246.82 -1481.17 -67.1587 -211.652 -1469.2 -52.0766 -201.626 -1480.06 -57.7259 -187.83 -1505.36 -89.5808 -209.005 -1506.96 -90.4141 -206.97 -1521.86 -116.867 -241.335
  poly 1: -1528.59 -109.893 -243.784 -1516.21 -103.456 -259.502 -1509.15 -90.9258 -243.224 -1481.76 -73.3892 -268.6 -1491.45 -90.5839 -290.937 -1479.07 -84.1477 -306.655 -1464.17 -57.6943 -272.289 -1462.56 -56.8609 -274.324 -1437.27 -25.0061 -253.15 -1449.65 -31.4423 -237.432 -1466.36 -52.4842 -251.419 -1486.66 -59.7402 -216.251 -1474.42 -44.3148 -205.997 -1486.8 -50.751 -190.279 -1512.09 -82.6058 -211.454 -1513.69 -83.4391 -209.419 -1528.59 -109.893 -243.784
element 85
  poly 0: -1589.76 -124.886 -298.024 -1575.86 -117.662 -315.664 -1568.65 -104.847 -299.015 -1541.25 -87.3102 -324.391 -1551.1 -104.79 -347.099 -1540.23 -99.1407 -360.895 -1525.33 -72.6873 -326.529 -1523.65 -71.815 -328.659 -1498.36 -39.9602 -307.485 -1512.26 -47.1833 -289.846 -1528.69 -67.8819 -303.604 -1549 -75.1378 -268.436 -1537.02 -60.0558 -258.411 -1547.89 -65.7051 -244.615 -1573.18 -97.5599 -265.789 -1574.86 -98.4322 -263.659 -1589.76 -124.886 -298.024
  poly 1: -1596.5 -117.911 -300.474 -1584.11 -111.474 -316.191 -1577.05 -98.9439 -299.913 -1549.66 -81.4073 -325.289 -1559.35 -98.602 -347.626 -1546.97 -92.1657 -363.344 -1532.07 -65.7123 -328.978 -1530.39 -64.8401 -331.109 -1505.1 -32.9853 -309.934 -1517.48 -39.4215 -294.216 -1534.19 -60.4634 -308.203 -1554.49 -67.7194 -273.035 -1542.24 -52.2939 -262.781 -1554.62 -58.7301 -247.064 -1579.92 -90.585 -268.238 -1581.59 -91.4572 -266.108 -1596.5 -117.911 -300.474
element 86
  poly 0: -1459.14 100.767 -189.07 -1448.27 95.1165 -202.864 -1441.21 82.5745 -186.563 -1413.82 65.0318 -211.924 -1423.5 82.2428 -234.292 -1409.6 75.0195 -251.926 -1394.72 48.5686 -217.549 -1396.24 49.3615 -215.613 -1370.95 17.5022 -194.44 -1420.5 43.2496 -131.583 -1445.79 75.109 -152.757 -1444.26 74.3161 -154.692 -1459.14 100.767 -189.07
  poly 1: -1452.41 107.742 -186.619 -1440.02 101.305 -202.333 -1432.81 88.4774 -185.662 -1405.41 70.9348 -211.022 -1415.25 88.431 -233.761 -1402.87 81.9941 -249.475 -1387.98 55.5432 -215.098 -1389.51 56.3361 -213.163 -1364.22 24.4768 -191.989 -1413.76 50.2242 -129.132 -1439.05 82.0836 -150.306 -1437.53 81.2907 -152.241 -1452.41 107.742 -186.619
element 87
  poly 0: -1527.02 108.771 -245.792 -1516.15 103.121 -259.586 -1509.09 90.5788 -243.286 -1481.69 73.0362 -268.646 -1491.37 90.2473 -291.015 -1477.47 83.0239 -308.649 -1462.59 56.5731 -274.272 -1464.07 57.3407 -272.398 -1438.78 25.4813 -251.224 -1449.65 31.1317 -237.43 -1466.34 52.1599 -251.405 -1486.65 59.4101 -216.239 -1474.42 44.0055 -206.001 -1488.32 51.2288 -188.367 -1513.61 83.0881 -209.541 -1512.13 82.3205 -211.415 -1527.02 108.771 -245.792
  poly 1: -1520.28 115.746 -243.341 -1507.9 109.309 -259.055 -1500.68 96.4817 -242.384 -1473.28 78.9391 -267.745 -1483.13 96.4354 -290.484 -1470.74 89.9985 -306.198 -1455.86 63.5477 -271.821 -1457.33 64.3153 -269.947 -1432.04 32.4559 -248.773 -1444.43 38.8928 -233.059 -1460.85 59.5774 -246.806 -1481.16 66.8276 -211.64 -1469.2 51.7665 -201.63 -1481.59 58.2034 -185.916 -1506.88 90.0627 -207.09 -1505.4 89.2951 -208.964 -1520.28 115.746 -243.341
element 88
  poly 0: -1594.89 116.776 -302.515 -1584.02 111.125 -316.309 -1576.96 98.5832 -300.008 -1549.56 81.0406 -325.369 -1559.25 98.2517 -347.737 -1545.35 91.0284 -365.371 -1530.47 64.5775 -330.994 -1531.89 65.3198 -329.182 -1506.6 33.4605 -308.008 -1517.48 39.1109 -294.214 -1534.17 60.1391 -308.189 -1554.48 67.3893 -273.024 -1542.25 51.9846 -262.786 -1556.15 59.208 -245.151 -1581.44 91.0673 -266.325 -1580.01 90.325 -268.137 -1594.89 116.776 -302.515
  poly 1: -1588.16 123.75 -300.064 -1575.77 117.314 -315.778 -1568.56 104.486 -299.107 -1541.16 86.9435 -324.467 -1551 104.44 -347.206 -1538.62 98.003 -362.921 -1523.73 71.5521 -328.543 -1525.16 72.2944 -326.731 -1499.87 40.4351 -305.557 -1512.25 46.872 -289.843 -1528.67 67.5566 -303.59 -1548.98 74.8068 -268.424 -1537.03 59.7457 -258.415 -1549.41 66.1826 -242.701 -1574.7 98.0419 -263.874 -1573.28 97.2996 -265.687 -1588.16 123.75 -300.064
