element 0
  poly 0: 2142.01 97.4481 1006.79 2142.01 -2.73253e-10 1006.79 2142.01 -2.40917e-10 841.097 2142.01 97.4481 841.097 2142.01 97.4481 1006.79
  poly 1: 2223.42 97.4481 975.011 2223.42 -2.73253e-10 975.011 2223.42 -2.40917e-10 809.316 2223.42 97.4481 809.316 2223.42 97.4481 975.011
  poly 2: 2142.01 97.4481 344.012 2142.01 -1.43899e-10 344.012 2142.01 -1.11562e-10 178.317 2142.01 97.4481 178.317 2142.01 97.4481 344.012
  poly 3: 2223.42 97.4481 312.231 2223.42 -1.43899e-10 312.231 2223.42 -1.11562e-10 146.536 2223.42 97.4481 146.536 2223.42 97.4481 312.231
  poly 4: 2142.01 530.17 1172.49 2142.01 530.17 -318.768 2142.01 288.412 -318.768 2142.01 318.102 -414.11 2142.01 76.3445 -414.11 2142.01 106.034 -318.768 2142.01 -135.724 -318.768 2142.01 -106.034 -414.11 2142.01 -347.792 -414.11 2142.01 -318.102 -318.768 2142.01 -530.17 -318.768 2142.01 -530.17 1172.49 2142.01 530.17 1172.49
  poly 5: 2223.42 530.17 1172.49 2223.42 530.17 -269.141 2223.42 288.412 -269.141 2223.42 318.102 -364.483 2223.42 76.3445 -364.483 2223.42 106.034 -269.141 2223.42 -135.724 -269.141 2223.42 -106.034 -364.483 2223.42 -347.792 -364.483 2223.42 -318.102 -269.141 2223.42 -530.17 -269.141 2223.42 -530.17 1172.49 2223.42 530.17 1172.49
element 1
  poly 0: 2042.9 97.4481 -474.526 1901.42 97.4481 -560.773 1901.42 -2.12736e-11 -560.773 2042.9 -6.38067e-12 -474.526 2042.9 97.4481 -474.526
  poly 1: 2000.53 97.4481 -405.015 1859.05 97.4481 -491.262 1859.05 -4.43379e-11 -491.262 2000.53 -2.94449e-11 -405.015 2000.53 97.4481 -405.015
  poly 2: 1476.99 97.4481 -819.514 1335.51 97.4481 -905.761 1335.51 -8.08456e-11 -905.761 1476.99 -6.59526e-11 -819.514 1476.99 97.4481 -819.514
  poly 3: 1434.61 97.4481 -750.004 1293.13 97.4481 -836.251 1293.13 -1.0391e-10 -836.251 1434.61 -8.90168e-11 -750.004 1434.61 97.4481 -750.004
  poly 4: 868.698 530.17 -1190.33 2223.42 530.17 -364.483 2223.42 318.102 -364.483 2142.01 318.102 -414.11 2142.01 76.3445 -414.11 2223.42 76.3445 -364.483 2223.42 -106.034 -364.483 2142.01 -106.034 -414.11 2142.01 -347.792 -414.11 2223.42 -347.792 -364.483 2223.42 -530.17 -364.483 868.698 -530.17 -1190.33 868.698 530.17 -1190.33
  poly 5: 868.698 530.17 -1094.99 2223.42 530.17 -269.141 2223.42 288.412 -269.141 2142.01 288.412 -318.768 2142.01 106.034 -318.768 2223.42 106.034 -269.141 2223.42 -135.724 -269.141 2142.01 -135.724 -318.768 2142.01 -318.102 -318.768 2223.42 -318.102 -269.141 2223.42 -530.17 -269.141 868.698 -530.17 -1094.99 868.698 530.17 -1094.99
element 2
  poly 0: 868.698 -1.48589e-10 -1094.99 1010.18 -1.33696e-10 -1008.74 1293.13 -1.0391e-10 -836.251 1335.51 -8.08456e-11 -905.761 1476.99 -6.59526e-11 -819.514 1434.61 -8.90168e-11 -750.004 1859.05 -4.43379e-11 -491.262 1901.42 -2.12736e-11 -560.773 2042.9 -6.38067e-12 -474.526 2000.53 -2.94449e-11 -405.015 2142.01 -1.45519e-11 -318.768 2142.01 -4.68887e-11 -153.073 2142.01 -1.11562e-10 178.317 2223.42 -1.11562e-10 146.536 2223.42 -1.43899e-10 312.231 2142.01 -1.43899e-10 344.012 2142.01 -2.40917e-10 841.097 2223.42 -2.40917e-10 809.316 2223.42 -2.73253e-10 975.011 2142.01 -2.73253e-10 1006.79 2142.01 -3.0559e-10 1172.49 868.698 -4.39627e-10 396.264 868.698 -1.48589e-10 -1094.99
  poly 1: 868.698 97.4481 -1094.99 1010.18 97.4481 -1008.74 1293.13 97.4481 -836.251 1335.51 97.4481 -905.761 1476.99 97.4481 -819.514 1434.61 97.4481 -750.004 1859.05 97.4481 -491.262 1901.42 97.4481 -560.773 2042.9 97.4481 -474.526 2000.53 97.4481 -405.015 2142.01 97.4481 -318.768 2142.01 97.4481 -153.073 2142.01 97.4481 178.317 2223.42 97.4481 146.536 2223.42 97.4481 312.231 2142.01 97.4481 344.012 2142.01 97.4481 841.097 2223.42 97.4481 809.316 2223.42 97.4481 975.011 2142.01 97.4481 1006.79 2142.01 97.4481 1172.49 868.698 97.4481 396.264 868.698 97.4481 -1094.99
element 3
  poly 0: -714.314 97.4481 1022.66 -714.314 -2.73253e-10 1022.66 -714.314 -2.40917e-10 854.978 -714.314 97.4481 854.978 -714.314 97.4481 1022.66
  poly 1: -632.906 97.4481 941.248 -632.906 -2.73253e-10 941.248 -632.906 -2.40917e-10 773.57 -632.906 97.4481 773.57 -632.906 97.4481 941.248
  poly 2: -714.314 97.4481 351.944 -714.314 -1.43899e-10 351.944 -714.314 -1.11562e-10 184.266 -714.314 97.4481 184.266 -714.314 97.4481 351.944
  poly 3: -632.906 97.4481 270.536 -632.906 -1.43899e-10 270.536 -632.906 -1.11562e-10 102.858 -632.906 97.4481 102.858 -632.906 97.4481 270.536
  poly 4: -714.314 530.17 1190.33 -714.314 530.17 -318.768 -714.314 288.412 -318.768 -714.314 318.102 -400.176 -714.314 76.3445 -400.176 -714.314 106.034 -318.768 -714.314 -135.724 -318.768 -714.314 -106.034 -400.176 -714.314 -347.792 -400.176 -714.314 -318.102 -318.768 -714.314 -530.17 -318.768 -714.314 -530.17 1190.33 -714.314 530.17 1190.33
  poly 5: -632.906 530.17 1190.33 -632.906 530.17 -318.768 -632.906 288.412 -318.768 -632.906 318.102 -400.176 -632.906 76.3445 -400.176 -632.906 106.034 -318.768 -632.906 -135.724 -318.768 -632.906 -106.034 -400.176 -632.906 -347.792 -400.176 -632.906 -318.102 -318.768 -632.906 -530.17 -318.768 -632.906 -530.17 1190.33 -632.906 530.17 1190.33
element 4
  poly 0: -881.992 97.4481 -400.176 -1049.67 97.4481 -400.176 -1049.67 1.15108e-12 -400.176 -881.992 1.15108e-12 -400.176 -881.992 97.4481 -400.176
  poly 1: -881.992 97.4481 -318.768 -1049.67 97.4481 -318.768 -1049.67 -1.45519e-11 -318.768 -881.992 -1.45519e-11 -318.768 -881.992 97.4481 -318.768
  poly 2: -1552.7 97.4481 -400.176 -1720.38 97.4481 -400.176 -1720.38 1.15108e-12 -400.176 -1552.7 1.15108e-12 -400.176 -1552.7 97.4481 -400.176
  poly 3: -1552.7 97.4481 -318.768 -1720.38 97.4481 -318.768 -1720.38 -1.45519e-11 -318.768 -1552.7 -1.45519e-11 -318.768 -1552.7 97.4481 -318.768
  poly 4: -2223.42 530.17 -400.176 -632.906 530.17 -400.176 -632.906 318.102 -400.176 -714.314 318.102 -400.176 -714.314 76.3445 -400.176 -632.906 76.3445 -400.176 -632.906 -106.034 -400.176 -714.314 -106.034 -400.176 -714.314 -347.792 -400.176 -632.906 -347.792 -400.176 -632.906 -530.17 -400.176 -2223.42 -530.17 -400.176 -2223.42 530.17 -400.176
  poly 5: -2223.42 530.17 -318.768 -632.906 530.17 -318.768 -632.906 288.412 -318.768 -714.314 288.412 -318.768 -714.314 106.034 -318.768 -632.906 106.034 -318.768 -632.906 -135.724 -318.768 -714.314 -135.724 -318.768 -714.314 -318.102 -318.768 -632.906 -318.102 -318.768 -632.906 -530.17 -318.768 -2223.42 -530.17 -318.768 -2223.42 530.17 -318.768
element 5
  poly 0: -2223.42 -1.45519e-11 -318.768 -2055.74 -1.45519e-11 -318.768 -1720.38 -1.45519e-11 -318.768 -1720.38 1.15108e-12 -400.176 -1552.7 1.15108e-12 -400.176 -1552.7 -1.45519e-11 -318.768 -1049.67 -1.45519e-11 -318.768 -1049.67 1.15108e-12 -400.176 -881.992 1.15108e-12 -400.176 -881.992 -1.45519e-11 -318.768 -714.314 -1.45519e-11 -318.768 -714.314 -4.68887e-11 -151.09 -714.314 -1.11562e-10 184.266 -632.906 -1.11562e-10 102.858 -632.906 -1.43899e-10 270.536 -714.314 -1.43899e-10 351.944 -714.314 -2.40917e-10 854.978 -632.906 -2.40917e-10 773.57 -632.906 -2.73253e-10 941.248 -714.314 -2.73253e-10 1022.66 -714.314 -3.0559e-10 1190.33 -2223.42 -3.0559e-10 1190.33 -2223.42 -1.45519e-11 -318.768
  poly 1: -2223.42 97.4481 -318.768 -2055.74 97.4481 -318.768 -1720.38 97.4481 -318.768 -1720.38 97.4481 -400.176 -1552.7 97.4481 -400.176 -1552.7 97.4481 -318.768 -1049.67 97.4481 -318.768 -1049.67 97.4481 -400.176 -881.992 97.4481 -400.176 -881.992 97.4481 -318.768 -714.314 97.4481 -318.768 -714.314 97.4481 -151.09 -714.314 97.4481 184.266 -632.906 97.4481 102.858 -632.906 97.4481 270.536 -714.314 97.4481 351.944 -714.314 97.4481 854.978 -632.906 97.4481 773.57 -632.906 97.4481 941.248 -714.314 97.4481 1022.66 -714.314 97.4481 1190.33 -2223.42 97.4481 1190.33 -2223.42 97.4481 -318.768
