element 0
  poly 0: -5392.82 -515.457 -259.875 -217.129 -515.457 -259.875 -217.129 -43.1382 -259.875 -132.995 -35.4604 -259.875 -130.232 -65.7345 -259.875 -66.0155 -59.8743 -259.875 -71.541 0.673932 -259.875 -7.32447 6.53414 -259.875 -1.79901 -54.0141 -259.875 62.4175 -48.1539 -259.875 56.892 12.3944 -259.875 121.109 18.2546 -259.875 126.634 -42.2937 -259.875 190.851 -36.4335 -259.875 188.088 -6.15934 -259.875 302.621 4.29267 -259.875 -5392.82 -515.457 -259.875
  poly 1: -5392.82 -515.457 -199.075 -217.129 -515.457 -199.075 -217.129 -43.1382 -199.075 -132.995 -35.4604 -199.075 -130.232 -65.7345 -199.075 -66.0155 -59.8743 -199.075 -71.541 0.673918 -199.075 -7.32447 6.53413 -199.075 -1.79901 -54.0141 -199.075 62.4175 -48.1539 -199.075 56.892 12.3943 -199.075 121.109 18.2546 -199.075 126.634 -42.2937 -199.075 190.851 -36.4335 -199.075 188.088 -6.15935 -199.075 241.822 -1.25576 -199.075 -5392.82 -515.457 -199.075
element 1
  poly 0: 302.621 4.29266 259.875 302.621 -515.457 259.875 302.621 -515.457 -259.875 302.621 4.29266 -259.875 302.621 4.29266 259.875
  poly 1: 241.822 -1.25575 259.875 241.822 -515.457 259.875 241.822 -515.457 -199.075 241.822 -1.25575 -199.075 241.822 -1.25575 259.875
element 2
  poly 0: 2.49541e+09 -1.35586e+10 -259.875 164.701 417.769 -259.875 224.497 428.774 -259.875 236.831 361.76 -259.875 177.035 350.755 -259.875 189.369 283.741 -259.875 249.164 294.746 -259.875 261.498 227.732 -259.875 201.703 216.727 -259.875 214.036 149.713 -259.875 273.832 160.718 -259.875 286.165 93.7045 -259.875 226.37 82.6994 -259.875 241.822 -1.25574 -259.875 188.088 -6.15934 -259.875 190.851 -36.4335 -259.875 126.634 -42.2937 -259.875 121.109 18.2546 -259.875 56.892 12.3944 -259.875 62.4175 -48.1539 -259.875 -1.79901 -54.0141 -259.875 -7.32447 6.53414 -259.875 -71.541 0.673932 -259.875 -66.0155 -59.8743 -259.875 -130.232 -65.7345 -259.875 -132.995 -35.4604 -259.875 -217.128 -43.1382 -259.875 -302.621 421.379 -259.875 2.49541e+09 -1.35586e+10 -259.875
  poly 1: 2.49541e+09 -1.35586e+10 -199.075 164.701 417.769 -199.075 224.497 428.774 -199.075 236.831 361.76 -199.075 177.035 350.755 -199.075 189.369 283.741 -199.075 249.164 294.746 -199.075 261.498 227.732 -199.075 201.703 216.727 -199.075 214.036 149.713 -199.075 273.832 160.718 -199.075 286.165 93.7045 -199.075 226.37 82.6994 -199.075 241.822 -1.25576 -199.075 188.088 -6.15935 -199.075 190.851 -36.4335 -199.075 126.634 -42.2937 -199.075 121.109 18.2546 -199.075 56.892 12.3943 -199.075 62.4175 -48.1539 -199.075 -1.79901 -54.0141 -199.075 -7.32447 6.53413 -199.075 -71.541 0.673918 -199.075 -66.0155 -59.8743 -199.075 -130.232 -65.7345 -199.075 -132.995 -35.4604 -199.075 -217.128 -43.1382 -199.075 -302.621 421.379 -199.075 2.49541e+09 -1.35586e+10 -199.075
element 3
  poly 0: 302.621 4.29266 259.875 302.621 4.29266 -259.875 286.165 93.7045 -259.875 286.165 93.7045 -199.075 273.832 160.718 -199.075 273.832 160.718 -259.875 261.498 227.732 -259.875 261.498 227.732 -199.075 249.164 294.746 -199.075 249.164 294.746 -259.875 236.831 361.76 -259.875 236.831 361.76 -199.075 224.497 428.774 -199.075 224.497 428.774 -259.875 208.543 515.457 -259.875 208.543 515.457 259.875 302.621 4.29266 259.875
  poly 1: 241.822 -1.25575 259.875 241.822 -1.25575 -259.875 226.37 82.6994 -259.875 226.37 82.6994 -199.075 214.036 149.713 -199.075 214.036 149.713 -259.875 201.703 216.727 -259.875 201.703 216.727 -199.075 189.369 283.741 -199.075 189.369 283.741 -259.875 177.035 350.755 -259.875 177.035 350.755 -199.075 164.701 417.769 -199.075 164.701 417.769 -259.875 148.748 504.452 -259.875 148.748 504.452 259.875 241.822 -1.25575 259.875
