2 14 14
2 14 14
10 5 5 5 5 5 5 5 5 13 13
18 5 5 5 5 5 5 5 5 5 5 5 5 5 5 5 5 13 13
2 23 23
2 23 23
10 5 5 5 5 5 5 5 5 13 13
18 5 5 5 5 5 5 5 5 5 5 5 5 5 5 5 5 13 13
2 23 23
2 23 23
10 5 5 5 5 5 5 5 5 13 13
18 5 5 5 5 5 5 5 5 5 5 5 5 5 5 5 5 13 13
2 23 23
2 23 23
10 5 5 5 5 5 5 5 5 13 13
18 5 5 5 5 5 5 5 5 5 5 5 5 5 5 5 5 13 13
2 23 23
2 23 23
2 13 13
18 5 5 5 5 5 5 5 5 5 5 5 5 5 5 5 5 13 13
2 32 32
2 32 32
18 5 5 5 5 5 5 5 5 5 5 5 5 5 5 5 5 13 13
10 5 5 5 5 5 5 5 5 13 13
2 32 32
2 32 32
18 5 5 5 5 5 5 5 5 5 5 5 5 5 5 5 5 13 13
10 5 5 5 5 5 5 5 5 13 13
2 32 32
2 32 32
18 5 5 5 5 5 5 5 5 5 5 5 5 5 5 5 5 13 13
10 5 5 5 5 5 5 5 5 13 13
2 32 32
2 32 32
18 5 5 5 5 5 5 5 5 5 5 5 5 5 5 5 5 13 13
10 5 5 5 5 5 5 5 5 13 13
2 32 32
2 32 32
18 5 5 5 5 5 5 5 5 5 5 5 5 5 5 5 5 13 13
10 5 5 5 5 5 5 5 5 13 13
2 23 23
2 23 23
10 5 5 5 5 5 5 5 5 13 13
18 5 5 5 5 5 5 5 5 5 5 5 5 5 5 5 5 13 13
2 32 32
2 32 32
10 5 5 5 5 5 5 5 5 13 13
18 5 5 5 5 5 5 5 5 5 5 5 5 5 5 5 5 13 13
2 32 32
2 32 32
10 5 5 5 5 5 5 5 5 13 13
18 5 5 5 5 5 5 5 5 5 5 5 5 5 5 5 5 13 13
2 32 32
2 32 32
10 5 5 5 5 5 5 5 5 13 13
18 5 5 5 5 5 5 5 5 5 5 5 5 5 5 5 5 13 13
2 32 32
2 32 32
2 13 13
18 5 5 5 5 5 5 5 5 5 5 5 5 5 5 5 5 13 13
2 32 32
2 32 32
10 5 5 5 5 5 5 5 5 13 13
10 5 5 5 5 5 5 5 5 13 13
2 32 32
2 32 32
10 5 5 5 5 5 5 5 5 13 13
10 5 5 5 5 5 5 5 5 13 13
2 32 32
2 32 32
10 5 5 5 5 5 5 5 5 13 13
10 5 5 5 5 5 5 5 5 13 13
2 32 32
2 32 32
10 5 5 5 5 5 5 5 5 13 13
10 5 5 5 5 5 5 5 5 13 13
2 32 32
2 32 32
10 5 5 5 5 5 5 5 5 13 13
10 5 5 5 5 5 5 5 5 13 13
