element 0
  poly 0: -1416.3 -801.604 221.416 -1340.3 -801.604 221.416 -1340.3 -801.604 208.175 -1416.3 -801.604 208.175 -1416.3 -801.604 221.416
  poly 1: -1416.3 -789.604 215.82 -1340.3 -789.604 215.82 -1340.3 -789.604 202.58 -1416.3 -789.604 202.58 -1416.3 -789.604 215.82
  poly 2: -1264.3 -801.604 221.416 -1188.3 -801.604 221.416 -1188.3 -801.604 208.175 -1264.3 -801.604 208.175 -1264.3 -801.604 221.416
  poly 3: -1264.3 -789.604 215.82 -1188.3 -789.604 215.82 -1188.3 -789.604 202.58 -1264.3 -789.604 202.58 -1264.3 -789.604 215.82
  poly 4: -1102.3 -801.604 221.416 -1112.3 -801.604 221.416 -1112.3 -801.604 234.656 -1492.3 -801.604 234.656 -1492.3 -801.604 221.416 -1502.3 -801.604 221.416 -1502.3 -801.604 -5.3231e-06 -1102.3 -801.604 -5.3231e-06 -1102.3 -801.604 221.416
  poly 5: -1102.3 -789.604 202.58 -1112.3 -789.604 202.58 -1112.3 -789.604 229.061 -1492.3 -789.604 229.061 -1492.3 -789.604 202.58 -1502.3 -789.604 202.58 -1502.3 -789.604 -5.3231e-06 -1102.3 -789.604 -5.3231e-06 -1102.3 -789.604 202.58
element 1
  poly 0: -1102.3 -600.933 127.841 -1502.3 -600.933 127.841 -1502.3 -801.604 221.416 -1492.3 -801.604 221.416 -1492.3 -789.604 215.82 -1416.3 -789.604 215.82 -1416.3 -804.604 222.815 -1406.8 -813.604 227.012 -1349.8 -813.604 227.012 -1340.3 -804.604 222.815 -1340.3 -789.604 215.82 -1264.3 -789.604 215.82 -1264.3 -804.604 222.815 -1254.8 -813.604 227.012 -1197.8 -813.604 227.012 -1188.3 -804.604 222.815 -1188.3 -789.604 215.82 -1112.3 -789.604 215.82 -1112.3 -801.604 221.416 -1102.3 -801.604 221.416 -1102.3 -600.933 127.841
  poly 1: -1102.3 -606.005 116.966 -1502.3 -606.005 116.966 -1502.3 -789.604 202.58 -1492.3 -789.604 202.58 -1492.3 -789.484 202.524 -1416.3 -789.604 202.58 -1416.3 -804.604 209.574 -1406.8 -813.604 213.771 -1349.8 -813.604 213.771 -1340.3 -804.604 209.574 -1340.3 -789.604 202.58 -1264.3 -789.604 202.58 -1264.3 -804.604 209.574 -1254.8 -813.604 213.771 -1197.8 -813.604 213.771 -1188.3 -804.604 209.574 -1188.3 -789.604 202.58 -1112.3 -789.484 202.524 -1112.3 -789.604 202.58 -1102.3 -789.604 202.58 -1102.3 -606.005 116.966
element 2
  poly 0: -1416.3 -44.7268 214.58 -1340.3 -44.7268 214.58 -1340.3 -44.7268 202.58 -1416.3 -44.7268 202.58 -1416.3 -44.7268 214.58
  poly 1: -1416.3 -32.7268 214.58 -1340.3 -32.7268 214.58 -1340.3 -32.7268 202.58 -1416.3 -32.7268 202.58 -1416.3 -32.7268 214.58
  poly 2: -1264.3 -44.7268 214.58 -1188.3 -44.7268 214.58 -1188.3 -44.7268 202.58 -1264.3 -44.7268 202.58 -1264.3 -44.7268 214.58
  poly 3: -1264.3 -32.7268 214.58 -1188.3 -32.7268 214.58 -1188.3 -32.7268 202.58 -1264.3 -32.7268 202.58 -1264.3 -32.7268 214.58
  poly 4: -1102.3 -44.7268 214.58 -1112.3 -44.7268 214.58 -1112.3 -44.7268 226.58 -1492.3 -44.7268 226.58 -1492.3 -44.7268 214.58 -1502.3 -44.7268 214.58 -1502.3 -44.7268 9.09277e-07 -1102.3 -44.7268 9.09277e-07 -1102.3 -44.7268 214.58
  poly 5: -1102.3 -32.7268 202.58 -1112.3 -32.7268 202.58 -1112.3 -32.7268 226.58 -1492.3 -32.7268 226.58 -1492.3 -32.7268 202.58 -1502.3 -32.7268 202.58 -1502.3 -32.7268 9.09277e-07 -1102.3 -32.7268 9.09277e-07 -1102.3 -32.7268 202.58
element 3
  poly 0: -1102.3 169.853 214.58 -1502.3 169.853 214.58 -1502.3 -44.7268 214.58 -1492.3 -44.7268 214.58 -1492.3 -32.7268 214.58 -1416.3 -32.7268 214.58 -1416.3 -47.7268 214.58 -1406.8 -56.7268 214.58 -1349.8 -56.7268 214.58 -1340.3 -47.7268 214.58 -1340.3 -32.7268 214.58 -1264.3 -32.7268 214.58 -1264.3 -47.7268 214.58 -1254.8 -56.7268 214.58 -1197.8 -56.7268 214.58 -1188.3 -47.7268 214.58 -1188.3 -32.7268 214.58 -1112.3 -32.7268 214.58 -1112.3 -44.7268 214.58 -1102.3 -44.7268 214.58 -1102.3 169.853 214.58
  poly 1: -1102.3 169.853 202.58 -1502.3 169.853 202.58 -1502.3 -32.7268 202.58 -1492.3 -32.7268 202.58 -1492.3 -32.6068 202.58 -1416.3 -32.7268 202.58 -1416.3 -47.7268 202.58 -1406.8 -56.7268 202.58 -1349.8 -56.7268 202.58 -1340.3 -47.7268 202.58 -1340.3 -32.7268 202.58 -1264.3 -32.7268 202.58 -1264.3 -47.7268 202.58 -1254.8 -56.7268 202.58 -1197.8 -56.7268 202.58 -1188.3 -47.7268 202.58 -1188.3 -32.7268 202.58 -1112.3 -32.6068 202.58 -1112.3 -32.7268 202.58 -1102.3 -32.7268 202.58 -1102.3 169.853 202.58
element 4
  poly 0: -1416.3 712.15 210.224 -1340.3 712.15 210.224 -1340.3 712.15 196.984 -1416.3 712.15 196.984 -1416.3 712.15 210.224
  poly 1: -1416.3 724.15 215.82 -1340.3 724.15 215.82 -1340.3 724.15 202.58 -1416.3 724.15 202.58 -1416.3 724.15 215.82
  poly 2: -1264.3 712.15 210.224 -1188.3 712.15 210.224 -1188.3 712.15 196.984 -1264.3 712.15 196.984 -1264.3 712.15 210.224
  poly 3: -1264.3 724.15 215.82 -1188.3 724.15 215.82 -1188.3 724.15 202.58 -1264.3 724.15 202.58 -1264.3 724.15 215.82
  poly 4: -1102.3 712.15 210.224 -1112.3 712.15 210.224 -1112.3 712.15 223.465 -1492.3 712.15 223.465 -1492.3 712.15 210.224 -1502.3 712.15 210.224 -1502.3 712.15 4.38984e-06 -1102.3 712.15 4.38984e-06 -1102.3 712.15 210.224
  poly 5: -1102.3 724.15 202.58 -1112.3 724.15 202.58 -1112.3 724.15 229.061 -1492.3 724.15 229.061 -1492.3 724.15 202.58 -1502.3 724.15 202.58 -1502.3 724.15 4.38984e-06 -1102.3 724.15 4.38984e-06 -1102.3 724.15 202.58
element 5
  poly 0: -1102.3 902.678 299.069 -1502.3 902.678 299.069 -1502.3 712.15 210.224 -1492.3 712.15 210.224 -1492.3 724.15 215.82 -1416.3 724.15 215.82 -1416.3 709.15 208.826 -1406.8 700.15 204.629 -1349.8 700.15 204.629 -1340.3 709.15 208.826 -1340.3 724.15 215.82 -1264.3 724.15 215.82 -1264.3 709.15 208.826 -1254.8 700.15 204.629 -1197.8 700.15 204.629 -1188.3 709.15 208.826 -1188.3 724.15 215.82 -1112.3 724.15 215.82 -1112.3 712.15 210.224 -1102.3 712.15 210.224 -1102.3 902.678 299.069
  poly 1: -1102.3 907.75 288.193 -1502.3 907.75 288.193 -1502.3 724.15 202.58 -1492.3 724.15 202.58 -1492.3 724.27 202.636 -1416.3 724.15 202.58 -1416.3 709.15 195.585 -1406.8 700.15 191.388 -1349.8 700.15 191.388 -1340.3 709.15 195.585 -1340.3 724.15 202.58 -1264.3 724.15 202.58 -1264.3 709.15 195.585 -1254.8 700.15 191.388 -1197.8 700.15 191.388 -1188.3 709.15 195.585 -1188.3 724.15 202.58 -1112.3 724.27 202.636 -1112.3 724.15 202.58 -1102.3 724.15 202.58 -1102.3 907.75 288.193
element 6
  poly 0: -616.3 -801.604 221.416 -540.3 -801.604 221.416 -540.3 -801.604 208.175 -616.3 -801.604 208.175 -616.3 -801.604 221.416
  poly 1: -616.3 -789.604 215.82 -540.3 -789.604 215.82 -540.3 -789.604 202.58 -616.3 -789.604 202.58 -616.3 -789.604 215.82
  poly 2: -464.3 -801.604 221.416 -388.3 -801.604 221.416 -388.3 -801.604 208.175 -464.3 -801.604 208.175 -464.3 -801.604 221.416
  poly 3: -464.3 -789.604 215.82 -388.3 -789.604 215.82 -388.3 -789.604 202.58 -464.3 -789.604 202.58 -464.3 -789.604 215.82
  poly 4: -302.3 -801.604 221.416 -312.3 -801.604 221.416 -312.3 -801.604 234.656 -312.3 -801.604 296.313 -388.3 -801.604 296.446 -388.3 -801.604 296.446 -388.3 -801.604 309.686 -397.8 -801.604 319.616 -454.8 -801.604 319.616 -464.3 -801.604 309.686 -464.3 -801.604 296.446 -464.3 -801.604 296.446 -540.3 -801.604 296.446 -540.3 -801.604 296.446 -540.3 -801.604 309.686 -549.8 -801.604 319.616 -606.8 -801.604 319.616 -616.3 -801.604 309.686 -616.3 -801.604 296.446 -616.3 -801.604 296.446 -692.3 -801.604 296.313 -692.3 -801.604 234.656 -692.3 -801.604 221.416 -702.3 -801.604 221.416 -702.3 -801.604 -5.3231e-06 -302.3 -801.604 -5.3231e-06 -302.3 -801.604 221.416
  poly 5: -302.3 -789.604 202.58 -312.3 -789.604 202.58 -312.3 -789.604 229.061 -312.3 -789.604 290.85 -388.3 -789.604 290.85 -388.3 -789.604 290.85 -388.3 -789.604 304.09 -397.8 -789.604 314.021 -454.8 -789.604 314.021 -464.3 -789.604 304.09 -464.3 -789.604 290.85 -464.3 -789.604 290.85 -540.3 -789.604 290.85 -540.3 -789.604 290.85 -540.3 -789.604 304.09 -549.8 -789.604 314.021 -606.8 -789.604 314.021 -616.3 -789.604 304.09 -616.3 -789.604 290.85 -616.3 -789.604 290.85 -692.3 -789.604 290.85 -692.3 -789.604 229.061 -692.3 -789.604 202.58 -702.3 -789.604 202.58 -702.3 -789.604 -5.3231e-06 -302.3 -789.604 -5.3231e-06 -302.3 -789.604 202.58
element 7
  poly 0: -702.3 -600.933 127.841 -702.3 -801.604 221.416 -692.3 -801.604 221.416 -692.3 -789.604 215.82 -616.3 -789.604 215.82 -616.3 -801.604 221.416 -614.4 -869.604 253.125 -597.3 -869.604 253.125 -597.3 -881.604 258.72 -592.55 -890.604 262.917 -564.05 -890.604 262.917 -559.3 -881.604 258.72 -559.3 -869.604 253.125 -542.2 -869.604 253.125 -540.3 -801.604 221.416 -540.3 -789.604 215.82 -464.3 -789.604 215.82 -464.3 -801.604 221.416 -462.4 -869.604 253.125 -445.3 -869.604 253.125 -445.3 -881.604 258.72 -440.55 -890.604 262.917 -412.05 -890.604 262.917 -407.3 -881.604 258.72 -407.3 -869.604 253.125 -390.2 -869.604 253.125 -388.3 -801.604 221.416 -388.3 -789.604 215.82 -312.3 -789.604 215.82 -312.3 -801.604 221.416 -302.3 -801.604 221.416 -302.3 -600.933 127.841 -702.3 -600.933 127.841
  poly 1: -702.3 -606.005 116.966 -702.3 -789.604 202.58 -692.3 -789.604 202.58 -692.3 -789.484 202.524 -616.3 -789.604 202.58 -616.3 -801.604 208.175 -614.4 -869.604 239.884 -597.3 -869.604 239.884 -597.3 -881.604 245.48 -592.55 -890.604 249.677 -564.05 -890.604 249.677 -559.3 -881.604 245.48 -559.3 -869.604 239.884 -542.2 -869.604 239.884 -540.3 -801.604 208.175 -540.3 -789.604 202.58 -464.3 -789.604 202.58 -464.3 -801.604 208.175 -462.4 -869.604 239.884 -445.3 -869.604 239.884 -445.3 -881.604 245.48 -440.55 -890.604 249.677 -412.05 -890.604 249.677 -407.3 -881.604 245.48 -407.3 -869.604 239.884 -390.2 -869.604 239.884 -388.3 -801.604 208.175 -388.3 -789.604 202.58 -312.3 -789.484 202.524 -312.3 -789.604 202.58 -302.3 -789.604 202.58 -302.3 -606.005 116.966 -702.3 -606.005 116.966
element 8
  poly 0: -597.3 -881.604 258.72 -559.3 -881.604 258.72 -559.3 -881.604 245.48 -597.3 -881.604 245.48 -597.3 -881.604 258.72
  poly 1: -597.3 -869.604 253.125 -559.3 -869.604 253.125 -559.3 -869.604 239.884 -597.3 -869.604 239.884 -597.3 -869.604 253.125
  poly 2: -445.3 -881.604 258.72 -407.3 -881.604 258.72 -407.3 -881.604 245.48 -445.3 -881.604 245.48 -445.3 -881.604 258.72
  poly 3: -445.3 -869.604 253.125 -407.3 -869.604 253.125 -407.3 -869.604 239.884 -445.3 -869.604 239.884 -445.3 -869.604 253.125
  poly 4: -702.3 -881.604 346.991 -702.3 -881.604 -3.50443e-06 -302.3 -881.604 -3.50443e-06 -302.3 -881.604 346.991 -702.3 -881.604 346.991
  poly 5: -702.3 -869.604 328.154 -702.3 -869.604 -3.50443e-06 -302.3 -869.604 -3.50443e-06 -302.3 -869.604 328.154 -702.3 -869.604 328.154
element 9
  poly 0: -616.3 -789.604 304.09 -540.3 -789.604 304.09 -540.3 -801.604 309.686 -616.3 -801.604 309.686 -616.3 -789.604 304.09
  poly 1: -616.3 -789.604 290.85 -540.3 -789.604 290.85 -540.3 -801.604 296.446 -616.3 -801.604 296.446 -616.3 -789.604 290.85
  poly 2: -464.3 -789.604 304.09 -388.3 -789.604 304.09 -388.3 -801.604 309.686 -464.3 -801.604 309.686 -464.3 -789.604 304.09
  poly 3: -464.3 -789.604 290.85 -388.3 -789.604 290.85 -388.3 -801.604 296.446 -464.3 -801.604 296.446 -464.3 -789.604 290.85
  poly 4: -702.3 -567.124 200.346 -702.3 -881.604 346.991 -302.3 -881.604 346.991 -302.3 -567.124 200.346 -702.3 -567.124 200.346
  poly 5: -702.3 -572.195 189.47 -702.3 -869.604 328.154 -302.3 -869.604 328.154 -302.3 -572.195 189.47 -702.3 -572.195 189.47
element 10
  poly 0: -616.3 -44.7268 214.58 -540.3 -44.7268 214.58 -540.3 -44.7268 202.58 -616.3 -44.7268 202.58 -616.3 -44.7268 214.58
  poly 1: -616.3 -32.7268 214.58 -540.3 -32.7268 214.58 -540.3 -32.7268 202.58 -616.3 -32.7268 202.58 -616.3 -32.7268 214.58
  poly 2: -464.3 -44.7268 214.58 -388.3 -44.7268 214.58 -388.3 -44.7268 202.58 -464.3 -44.7268 202.58 -464.3 -44.7268 214.58
  poly 3: -464.3 -32.7268 214.58 -388.3 -32.7268 214.58 -388.3 -32.7268 202.58 -464.3 -32.7268 202.58 -464.3 -32.7268 214.58
  poly 4: -302.3 -44.7268 214.58 -312.3 -44.7268 214.58 -312.3 -44.7268 226.58 -312.3 -44.7268 282.46 -388.3 -44.7268 282.58 -388.3 -44.7268 282.58 -388.3 -44.7268 294.58 -397.8 -44.7268 303.58 -454.8 -44.7268 303.58 -464.3 -44.7268 294.58 -464.3 -44.7268 282.58 -464.3 -44.7268 282.58 -540.3 -44.7268 282.58 -540.3 -44.7268 282.58 -540.3 -44.7268 294.58 -549.8 -44.7268 303.58 -606.8 -44.7268 303.58 -616.3 -44.7268 294.58 -616.3 -44.7268 282.58 -616.3 -44.7268 282.58 -692.3 -44.7268 282.46 -692.3 -44.7268 226.58 -692.3 -44.7268 214.58 -702.3 -44.7268 214.58 -702.3 -44.7268 9.09277e-07 -302.3 -44.7268 9.09277e-07 -302.3 -44.7268 214.58
  poly 5: -302.3 -32.7268 202.58 -312.3 -32.7268 202.58 -312.3 -32.7268 226.58 -312.3 -32.7268 282.58 -388.3 -32.7268 282.58 -388.3 -32.7268 282.58 -388.3 -32.7268 294.58 -397.8 -32.7268 303.58 -454.8 -32.7268 303.58 -464.3 -32.7268 294.58 -464.3 -32.7268 282.58 -464.3 -32.7268 282.58 -540.3 -32.7268 282.58 -540.3 -32.7268 282.58 -540.3 -32.7268 294.58 -549.8 -32.7268 303.58 -606.8 -32.7268 303.58 -616.3 -32.7268 294.58 -616.3 -32.7268 282.58 -616.3 -32.7268 282.58 -692.3 -32.7268 282.58 -692.3 -32.7268 226.58 -692.3 -32.7268 202.58 -702.3 -32.7268 202.58 -702.3 -32.7268 9.09277e-07 -302.3 -32.7268 9.09277e-07 -302.3 -32.7268 202.58
element 11
  poly 0: -702.3 169.853 214.58 -702.3 -44.7268 214.58 -692.3 -44.7268 214.58 -692.3 -32.7268 214.58 -616.3 -32.7268 214.58 -616.3 -44.7268 214.58 -614.4 -112.727 214.58 -597.3 -112.727 214.58 -597.3 -124.727 214.58 -592.55 -133.727 214.58 -564.05 -133.727 214.58 -559.3 -124.727 214.58 -559.3 -112.727 214.58 -542.2 -112.727 214.58 -540.3 -44.7268 214.58 -540.3 -32.7268 214.58 -464.3 -32.7268 214.58 -464.3 -44.7268 214.58 -462.4 -112.727 214.58 -445.3 -112.727 214.58 -445.3 -124.727 214.58 -440.55 -133.727 214.58 -412.05 -133.727 214.58 -407.3 -124.727 214.58 -407.3 -112.727 214.58 -390.2 -112.727 214.58 -388.3 -44.7268 214.58 -388.3 -32.7268 214.58 -312.3 -32.7268 214.58 -312.3 -44.7268 214.58 -302.3 -44.7268 214.58 -302.3 169.853 214.58 -702.3 169.853 214.58
  poly 1: -702.3 169.853 202.58 -702.3 -32.7268 202.58 -692.3 -32.7268 202.58 -692.3 -32.6068 202.58 -616.3 -32.7268 202.58 -616.3 -44.7268 202.58 -614.4 -112.727 202.58 -597.3 -112.727 202.58 -597.3 -124.727 202.58 -592.55 -133.727 202.58 -564.05 -133.727 202.58 -559.3 -124.727 202.58 -559.3 -112.727 202.58 -542.2 -112.727 202.58 -540.3 -44.7268 202.58 -540.3 -32.7268 202.58 -464.3 -32.7268 202.58 -464.3 -44.7268 202.58 -462.4 -112.727 202.58 -445.3 -112.727 202.58 -445.3 -124.727 202.58 -440.55 -133.727 202.58 -412.05 -133.727 202.58 -407.3 -124.727 202.58 -407.3 -112.727 202.58 -390.2 -112.727 202.58 -388.3 -44.7268 202.58 -388.3 -32.7268 202.58 -312.3 -32.6068 202.58 -312.3 -32.7268 202.58 -302.3 -32.7268 202.58 -302.3 169.853 202.58 -702.3 169.853 202.58
element 12
  poly 0: -597.3 -124.727 214.58 -559.3 -124.727 214.58 -559.3 -124.727 202.58 -597.3 -124.727 202.58 -597.3 -124.727 214.58
  poly 1: -597.3 -112.727 214.58 -559.3 -112.727 214.58 -559.3 -112.727 202.58 -597.3 -112.727 202.58 -597.3 -112.727 214.58
  poly 2: -445.3 -124.727 214.58 -407.3 -124.727 214.58 -407.3 -124.727 202.58 -445.3 -124.727 202.58 -445.3 -124.727 214.58
  poly 3: -445.3 -112.727 214.58 -407.3 -112.727 214.58 -407.3 -112.727 202.58 -445.3 -112.727 202.58 -445.3 -112.727 214.58
  poly 4: -702.3 -124.727 294.58 -702.3 -124.727 -4.4498e-06 -302.3 -124.727 -4.4498e-06 -302.3 -124.727 294.58 -702.3 -124.727 294.58
  poly 5: -702.3 -112.727 282.58 -702.3 -112.727 -4.4498e-06 -302.3 -112.727 -4.4498e-06 -302.3 -112.727 282.58 -702.3 -112.727 282.58
element 13
  poly 0: -616.3 -32.7268 294.58 -540.3 -32.7268 294.58 -540.3 -44.7268 294.58 -616.3 -44.7268 294.58 -616.3 -32.7268 294.58
  poly 1: -616.3 -32.7268 282.58 -540.3 -32.7268 282.58 -540.3 -44.7268 282.58 -616.3 -44.7268 282.58 -616.3 -32.7268 282.58
  poly 2: -464.3 -32.7268 294.58 -388.3 -32.7268 294.58 -388.3 -44.7268 294.58 -464.3 -44.7268 294.58 -464.3 -32.7268 294.58
  poly 3: -464.3 -32.7268 282.58 -388.3 -32.7268 282.58 -388.3 -44.7268 282.58 -464.3 -44.7268 282.58 -464.3 -32.7268 282.58
  poly 4: -702.3 169.853 294.58 -702.3 -124.727 294.58 -302.3 -124.727 294.58 -302.3 169.853 294.58 -702.3 169.853 294.58
  poly 5: -702.3 169.853 282.58 -702.3 -112.727 282.58 -302.3 -112.727 282.58 -302.3 169.853 282.58 -702.3 169.853 282.58
element 14
  poly 0: -616.3 712.15 210.224 -540.3 712.15 210.224 -540.3 712.15 196.984 -616.3 712.15 196.984 -616.3 712.15 210.224
  poly 1: -616.3 724.15 215.82 -540.3 724.15 215.82 -540.3 724.15 202.58 -616.3 724.15 202.58 -616.3 724.15 215.82
  poly 2: -464.3 712.15 210.224 -388.3 712.15 210.224 -388.3 712.15 196.984 -464.3 712.15 196.984 -464.3 712.15 210.224
  poly 3: -464.3 724.15 215.82 -388.3 724.15 215.82 -388.3 724.15 202.58 -464.3 724.15 202.58 -464.3 724.15 215.82
  poly 4: -302.3 712.15 210.224 -312.3 712.15 210.224 -312.3 712.15 223.465 -312.3 712.15 285.122 -388.3 712.15 285.254 -388.3 712.15 285.254 -388.3 712.15 298.495 -397.8 712.15 308.425 -454.8 712.15 308.425 -464.3 712.15 298.495 -464.3 712.15 285.254 -464.3 712.15 285.254 -540.3 712.15 285.254 -540.3 712.15 285.254 -540.3 712.15 298.495 -549.8 712.15 308.425 -606.8 712.15 308.425 -616.3 712.15 298.495 -616.3 712.15 285.254 -616.3 712.15 285.254 -692.3 712.15 285.122 -692.3 712.15 223.465 -692.3 712.15 210.224 -702.3 712.15 210.224 -702.3 712.15 4.38984e-06 -302.3 712.15 4.38984e-06 -302.3 712.15 210.224
  poly 5: -302.3 724.15 202.58 -312.3 724.15 202.58 -312.3 724.15 229.061 -312.3 724.15 290.85 -388.3 724.15 290.85 -388.3 724.15 290.85 -388.3 724.15 304.09 -397.8 724.15 314.021 -454.8 724.15 314.021 -464.3 724.15 304.09 -464.3 724.15 290.85 -464.3 724.15 290.85 -540.3 724.15 290.85 -540.3 724.15 290.85 -540.3 724.15 304.09 -549.8 724.15 314.021 -606.8 724.15 314.021 -616.3 724.15 304.09 -616.3 724.15 290.85 -616.3 724.15 290.85 -692.3 724.15 290.85 -692.3 724.15 229.061 -692.3 724.15 202.58 -702.3 724.15 202.58 -702.3 724.15 4.38984e-06 -302.3 724.15 4.38984e-06 -302.3 724.15 202.58
element 15
  poly 0: -302.3 902.678 299.069 -702.3 902.678 299.069 -702.3 712.15 210.224 -692.3 712.15 210.224 -692.3 724.15 215.82 -616.3 724.15 215.82 -616.3 712.15 210.224 -614.4 644.15 178.516 -597.3 644.15 178.516 -597.3 632.15 172.92 -592.55 623.15 168.723 -564.05 623.15 168.723 -559.3 632.15 172.92 -559.3 644.15 178.516 -542.2 644.15 178.516 -540.3 712.15 210.224 -540.3 724.15 215.82 -464.3 724.15 215.82 -464.3 712.15 210.224 -462.4 644.15 178.516 -445.3 644.15 178.516 -445.3 632.15 172.92 -440.55 623.15 168.723 -412.05 623.15 168.723 -407.3 632.15 172.92 -407.3 644.15 178.516 -390.2 644.15 178.516 -388.3 712.15 210.224 -388.3 724.15 215.82 -312.3 724.15 215.82 -312.3 712.15 210.224 -302.3 712.15 210.224 -302.3 902.678 299.069
  poly 1: -302.3 907.75 288.193 -702.3 907.75 288.193 -702.3 724.15 202.58 -692.3 724.15 202.58 -692.3 724.27 202.636 -616.3 724.15 202.58 -616.3 712.15 196.984 -614.4 644.15 165.275 -597.3 644.15 165.275 -597.3 632.15 159.679 -592.55 623.15 155.483 -564.05 623.15 155.483 -559.3 632.15 159.679 -559.3 644.15 165.275 -542.2 644.15 165.275 -540.3 712.15 196.984 -540.3 724.15 202.58 -464.3 724.15 202.58 -464.3 712.15 196.984 -462.4 644.15 165.275 -445.3 644.15 165.275 -445.3 632.15 159.679 -440.55 623.15 155.483 -412.05 623.15 155.483 -407.3 632.15 159.679 -407.3 644.15 165.275 -390.2 644.15 165.275 -388.3 712.15 196.984 -388.3 724.15 202.58 -312.3 724.27 202.636 -312.3 724.15 202.58 -302.3 724.15 202.58 -302.3 907.75 288.193
element 16
  poly 0: -597.3 632.15 172.92 -559.3 632.15 172.92 -559.3 632.15 159.679 -597.3 632.15 159.679 -597.3 632.15 172.92
  poly 1: -597.3 644.15 178.516 -559.3 644.15 178.516 -559.3 644.15 165.275 -597.3 644.15 165.275 -597.3 644.15 178.516
  poly 2: -445.3 632.15 172.92 -407.3 632.15 172.92 -407.3 632.15 159.679 -445.3 632.15 159.679 -445.3 632.15 172.92
  poly 3: -445.3 644.15 178.516 -407.3 644.15 178.516 -407.3 644.15 165.275 -445.3 644.15 165.275 -445.3 644.15 178.516
  poly 4: -702.3 632.15 261.19 -702.3 632.15 7.4049e-06 -302.3 632.15 7.4049e-06 -302.3 632.15 261.19 -702.3 632.15 261.19
  poly 5: -702.3 644.15 253.545 -702.3 644.15 7.4049e-06 -302.3 644.15 7.4049e-06 -302.3 644.15 253.545 -702.3 644.15 253.545
element 17
  poly 0: -616.3 724.15 304.09 -540.3 724.15 304.09 -540.3 712.15 298.495 -616.3 712.15 298.495 -616.3 724.15 304.09
  poly 1: -616.3 724.15 290.85 -540.3 724.15 290.85 -540.3 712.15 285.254 -616.3 712.15 285.254 -616.3 724.15 290.85
  poly 2: -464.3 724.15 304.09 -388.3 724.15 304.09 -388.3 712.15 298.495 -464.3 712.15 298.495 -464.3 724.15 304.09
  poly 3: -464.3 724.15 290.85 -388.3 724.15 290.85 -388.3 712.15 285.254 -464.3 712.15 285.254 -464.3 724.15 290.85
  poly 4: -702.3 868.869 371.574 -702.3 632.15 261.19 -302.3 632.15 261.19 -302.3 868.869 371.574 -702.3 868.869 371.574
  poly 5: -702.3 873.94 360.698 -702.3 644.15 253.545 -302.3 644.15 253.545 -302.3 873.94 360.698 -702.3 873.94 360.698
element 18
  poly 0: 183.7 -801.604 221.416 259.7 -801.604 221.416 259.7 -801.604 208.175 183.7 -801.604 208.175 183.7 -801.604 221.416
  poly 1: 183.7 -789.604 215.82 259.7 -789.604 215.82 259.7 -789.604 202.58 183.7 -789.604 202.58 183.7 -789.604 215.82
  poly 2: 335.7 -801.604 221.416 411.7 -801.604 221.416 411.7 -801.604 208.175 335.7 -801.604 208.175 335.7 -801.604 221.416
  poly 3: 335.7 -789.604 215.82 411.7 -789.604 215.82 411.7 -789.604 202.58 335.7 -789.604 202.58 335.7 -789.604 215.82
  poly 4: 497.7 -801.604 221.416 487.7 -801.604 221.416 487.7 -801.604 234.656 487.7 -801.604 296.313 107.7 -801.604 296.313 107.7 -801.604 234.656 107.7 -801.604 221.416 97.7002 -801.604 221.416 97.7002 -801.604 -5.0845e-06 497.7 -801.604 -5.0845e-06 497.7 -801.604 221.416
  poly 5: 497.7 -789.604 202.58 487.7 -789.604 202.58 487.7 -789.604 229.061 487.7 -789.604 290.85 107.7 -789.604 290.85 107.7 -789.604 229.061 107.7 -789.604 202.58 97.7002 -789.604 202.58 97.7002 -789.604 -5.0845e-06 497.7 -789.604 -5.0845e-06 497.7 -789.604 202.58
element 19
  poly 0: 497.7 -600.933 127.841 97.7002 -600.933 127.841 97.7002 -801.604 221.416 107.7 -801.604 221.416 107.7 -789.604 215.82 183.7 -789.604 215.82 183.7 -801.604 221.416 185.6 -869.604 253.125 202.7 -869.604 253.125 202.7 -881.604 258.72 207.45 -890.604 262.917 235.95 -890.604 262.917 240.7 -881.604 258.72 240.7 -869.604 253.125 257.8 -869.604 253.125 259.7 -801.604 221.416 259.7 -789.604 215.82 335.7 -789.604 215.82 335.7 -801.604 221.416 337.6 -869.604 253.125 354.7 -869.604 253.125 354.7 -881.604 258.72 359.45 -890.604 262.917 387.95 -890.604 262.917 392.7 -881.604 258.72 392.7 -869.604 253.125 409.8 -869.604 253.125 411.7 -801.604 221.416 411.7 -789.604 215.82 487.7 -789.604 215.82 487.7 -801.604 221.416 497.7 -801.604 221.416 497.7 -600.933 127.841
  poly 1: 497.7 -606.005 116.966 97.7002 -606.005 116.966 97.7002 -789.604 202.58 107.7 -789.604 202.58 107.7 -789.484 202.524 183.7 -789.604 202.58 183.7 -801.604 208.175 185.6 -869.604 239.884 202.7 -869.604 239.884 202.7 -881.604 245.48 207.45 -890.604 249.677 235.95 -890.604 249.677 240.7 -881.604 245.48 240.7 -869.604 239.884 257.8 -869.604 239.884 259.7 -801.604 208.175 259.7 -789.604 202.58 335.7 -789.604 202.58 335.7 -801.604 208.175 337.6 -869.604 239.884 354.7 -869.604 239.884 354.7 -881.604 245.48 359.45 -890.604 249.677 387.95 -890.604 249.677 392.7 -881.604 245.48 392.7 -869.604 239.884 409.8 -869.604 239.884 411.7 -801.604 208.175 411.7 -789.604 202.58 487.7 -789.484 202.524 487.7 -789.604 202.58 497.7 -789.604 202.58 497.7 -606.005 116.966
element 20
  poly 0: 202.7 -881.604 258.72 240.7 -881.604 258.72 240.7 -881.604 245.48 202.7 -881.604 245.48 202.7 -881.604 258.72
  poly 1: 202.7 -869.604 253.125 240.7 -869.604 253.125 240.7 -869.604 239.884 202.7 -869.604 239.884 202.7 -869.604 253.125
  poly 2: 354.7 -881.604 258.72 392.7 -881.604 258.72 392.7 -881.604 245.48 354.7 -881.604 245.48 354.7 -881.604 258.72
  poly 3: 354.7 -869.604 253.125 392.7 -869.604 253.125 392.7 -869.604 239.884 354.7 -869.604 239.884 354.7 -869.604 253.125
  poly 4: 97.7002 -881.604 346.991 97.7002 -881.604 -3.03787e-06 497.7 -881.604 -3.03787e-06 497.7 -881.604 346.991 97.7002 -881.604 346.991
  poly 5: 97.7002 -869.604 328.154 97.7002 -869.604 -3.03787e-06 497.7 -869.604 -3.03787e-06 497.7 -869.604 328.154 97.7002 -869.604 328.154
element 21
  poly 0: 97.7002 -567.124 200.346 97.7002 -881.604 346.991 497.7 -881.604 346.991 497.7 -567.124 200.346 97.7002 -567.124 200.346
  poly 1: 97.7002 -572.195 189.47 97.7002 -869.604 328.154 497.7 -869.604 328.154 497.7 -572.195 189.47 97.7002 -572.195 189.47
element 22
  poly 0: 183.7 -44.7268 214.58 259.7 -44.7268 214.58 259.7 -44.7268 202.58 183.7 -44.7268 202.58 183.7 -44.7268 214.58
  poly 1: 183.7 -32.7268 214.58 259.7 -32.7268 214.58 259.7 -32.7268 202.58 183.7 -32.7268 202.58 183.7 -32.7268 214.58
  poly 2: 335.7 -44.7268 214.58 411.7 -44.7268 214.58 411.7 -44.7268 202.58 335.7 -44.7268 202.58 335.7 -44.7268 214.58
  poly 3: 335.7 -32.7268 214.58 411.7 -32.7268 214.58 411.7 -32.7268 202.58 335.7 -32.7268 202.58 335.7 -32.7268 214.58
  poly 4: 497.7 -44.7268 214.58 487.7 -44.7268 214.58 487.7 -44.7268 226.58 487.7 -44.7268 282.46 107.7 -44.7268 282.46 107.7 -44.7268 226.58 107.7 -44.7268 214.58 97.7002 -44.7268 214.58 97.7002 -44.7268 1.13585e-06 497.7 -44.7268 1.13585e-06 497.7 -44.7268 214.58
  poly 5: 497.7 -32.7268 202.58 487.7 -32.7268 202.58 487.7 -32.7268 226.58 487.7 -32.7268 282.58 107.7 -32.7268 282.58 107.7 -32.7268 226.58 107.7 -32.7268 202.58 97.7002 -32.7268 202.58 97.7002 -32.7268 1.13585e-06 497.7 -32.7268 1.13585e-06 497.7 -32.7268 202.58
element 23
  poly 0: 497.7 169.853 214.58 97.7002 169.853 214.58 97.7002 -44.7268 214.58 107.7 -44.7268 214.58 107.7 -32.7268 214.58 183.7 -32.7268 214.58 183.7 -44.7268 214.58 185.6 -112.727 214.58 202.7 -112.727 214.58 202.7 -124.727 214.58 207.45 -133.727 214.58 235.95 -133.727 214.58 240.7 -124.727 214.58 240.7 -112.727 214.58 257.8 -112.727 214.58 259.7 -44.7268 214.58 259.7 -32.7268 214.58 335.7 -32.7268 214.58 335.7 -44.7268 214.58 337.6 -112.727 214.58 354.7 -112.727 214.58 354.7 -124.727 214.58 359.45 -133.727 214.58 387.95 -133.727 214.58 392.7 -124.727 214.58 392.7 -112.727 214.58 409.8 -112.727 214.58 411.7 -44.7268 214.58 411.7 -32.7268 214.58 487.7 -32.7268 214.58 487.7 -44.7268 214.58 497.7 -44.7268 214.58 497.7 169.853 214.58
  poly 1: 497.7 169.853 202.58 97.7002 169.853 202.58 97.7002 -32.7268 202.58 107.7 -32.7268 202.58 107.7 -32.6068 202.58 183.7 -32.7268 202.58 183.7 -44.7268 202.58 185.6 -112.727 202.58 202.7 -112.727 202.58 202.7 -124.727 202.58 207.45 -133.727 202.58 235.95 -133.727 202.58 240.7 -124.727 202.58 240.7 -112.727 202.58 257.8 -112.727 202.58 259.7 -44.7268 202.58 259.7 -32.7268 202.58 335.7 -32.7268 202.58 335.7 -44.7268 202.58 337.6 -112.727 202.58 354.7 -112.727 202.58 354.7 -124.727 202.58 359.45 -133.727 202.58 387.95 -133.727 202.58 392.7 -124.727 202.58 392.7 -112.727 202.58 409.8 -112.727 202.58 411.7 -44.7268 202.58 411.7 -32.7268 202.58 487.7 -32.6068 202.58 487.7 -32.7268 202.58 497.7 -32.7268 202.58 497.7 169.853 202.58
element 24
  poly 0: 202.7 -124.727 214.58 240.7 -124.727 214.58 240.7 -124.727 202.58 202.7 -124.727 202.58 202.7 -124.727 214.58
  poly 1: 202.7 -112.727 214.58 240.7 -112.727 214.58 240.7 -112.727 202.58 202.7 -112.727 202.58 202.7 -112.727 214.58
  poly 2: 354.7 -124.727 214.58 392.7 -124.727 214.58 392.7 -124.727 202.58 354.7 -124.727 202.58 354.7 -124.727 214.58
  poly 3: 354.7 -112.727 214.58 392.7 -112.727 214.58 392.7 -112.727 202.58 354.7 -112.727 202.58 354.7 -112.727 214.58
  poly 4: 97.7002 -124.727 294.58 97.7002 -124.727 -4.07826e-06 497.7 -124.727 -4.07826e-06 497.7 -124.727 294.58 97.7002 -124.727 294.58
  poly 5: 97.7002 -112.727 282.58 97.7002 -112.727 -4.07826e-06 497.7 -112.727 -4.07826e-06 497.7 -112.727 282.58 97.7002 -112.727 282.58
element 25
  poly 0: 97.7002 169.853 294.58 97.7002 -124.727 294.58 497.7 -124.727 294.58 497.7 169.853 294.58 97.7002 169.853 294.58
  poly 1: 97.7002 169.853 282.58 97.7002 -112.727 282.58 497.7 -112.727 282.58 497.7 169.853 282.58 97.7002 169.853 282.58
element 26
  poly 0: 183.7 712.15 210.224 259.7 712.15 210.224 259.7 712.15 196.984 183.7 712.15 196.984 183.7 712.15 210.224
  poly 1: 183.7 724.15 215.82 259.7 724.15 215.82 259.7 724.15 202.58 183.7 724.15 202.58 183.7 724.15 215.82
  poly 2: 335.7 712.15 210.224 411.7 712.15 210.224 411.7 712.15 196.984 335.7 712.15 196.984 335.7 712.15 210.224
  poly 3: 335.7 724.15 215.82 411.7 724.15 215.82 411.7 724.15 202.58 335.7 724.15 202.58 335.7 724.15 215.82
  poly 4: 497.7 712.15 210.224 487.7 712.15 210.224 487.7 712.15 223.465 487.7 712.15 285.122 107.7 712.15 285.122 107.7 712.15 223.465 107.7 712.15 210.224 97.7002 712.15 210.224 97.7002 712.15 4.60882e-06 497.7 712.15 4.60882e-06 497.7 712.15 210.224
  poly 5: 497.7 724.15 202.58 487.7 724.15 202.58 487.7 724.15 229.061 487.7 724.15 290.85 107.7 724.15 290.85 107.7 724.15 229.061 107.7 724.15 202.58 97.7002 724.15 202.58 97.7002 724.15 4.60882e-06 497.7 724.15 4.60882e-06 497.7 724.15 202.58
element 27
  poly 0: 497.7 902.678 299.069 97.7002 902.678 299.069 97.7002 712.15 210.224 107.7 712.15 210.224 107.7 724.15 215.82 183.7 724.15 215.82 183.7 712.15 210.224 185.6 644.15 178.516 202.7 644.15 178.516 202.7 632.15 172.92 207.45 623.15 168.723 235.95 623.15 168.723 240.7 632.15 172.92 240.7 644.15 178.516 257.8 644.15 178.516 259.7 712.15 210.224 259.7 724.15 215.82 335.7 724.15 215.82 335.7 712.15 210.224 337.6 644.15 178.516 354.7 644.15 178.516 354.7 632.15 172.92 359.45 623.15 168.723 387.95 623.15 168.723 392.7 632.15 172.92 392.7 644.15 178.516 409.8 644.15 178.516 411.7 712.15 210.224 411.7 724.15 215.82 487.7 724.15 215.82 487.7 712.15 210.224 497.7 712.15 210.224 497.7 902.678 299.069
  poly 1: 497.7 907.75 288.193 97.7002 907.75 288.193 97.7002 724.15 202.58 107.7 724.15 202.58 107.7 724.27 202.636 183.7 724.15 202.58 183.7 712.15 196.984 185.6 644.15 165.275 202.7 644.15 165.275 202.7 632.15 159.679 207.45 623.15 155.483 235.95 623.15 155.483 240.7 632.15 159.679 240.7 644.15 165.275 257.8 644.15 165.275 259.7 712.15 196.984 259.7 724.15 202.58 335.7 724.15 202.58 335.7 712.15 196.984 337.6 644.15 165.275 354.7 644.15 165.275 354.7 632.15 159.679 359.45 623.15 155.483 387.95 623.15 155.483 392.7 632.15 159.679 392.7 644.15 165.275 409.8 644.15 165.275 411.7 712.15 196.984 411.7 724.15 202.58 487.7 724.27 202.636 487.7 724.15 202.58 497.7 724.15 202.58 497.7 907.75 288.193
element 28
  poly 0: 202.7 632.15 172.92 240.7 632.15 172.92 240.7 632.15 159.679 202.7 632.15 159.679 202.7 632.15 172.92
  poly 1: 202.7 644.15 178.516 240.7 644.15 178.516 240.7 644.15 165.275 202.7 644.15 165.275 202.7 644.15 178.516
  poly 2: 354.7 632.15 172.92 392.7 632.15 172.92 392.7 632.15 159.679 354.7 632.15 159.679 354.7 632.15 172.92
  poly 3: 354.7 644.15 178.516 392.7 644.15 178.516 392.7 644.15 165.275 354.7 644.15 165.275 354.7 644.15 178.516
  poly 4: 97.7002 632.15 261.19 97.7002 632.15 -7.54357e-06 497.7 632.15 -7.54357e-06 497.7 632.15 261.19 97.7002 632.15 261.19
  poly 5: 97.7002 644.15 253.545 97.7002 644.15 -7.54357e-06 497.7 644.15 -7.54357e-06 497.7 644.15 253.545 97.7002 644.15 253.545
element 29
  poly 0: 97.7002 868.869 371.574 97.7002 632.15 261.19 497.7 632.15 261.19 497.7 868.869 371.574 97.7002 868.869 371.574
  poly 1: 97.7002 873.94 360.698 97.7002 644.15 253.545 497.7 644.15 253.545 497.7 873.94 360.698 97.7002 873.94 360.698
element 30
  poly 0: 983.7 -801.604 221.416 1059.7 -801.604 221.416 1059.7 -801.604 208.175 983.7 -801.604 208.175 983.7 -801.604 221.416
  poly 1: 983.7 -789.604 215.82 1059.7 -789.604 215.82 1059.7 -789.604 202.58 983.7 -789.604 202.58 983.7 -789.604 215.82
  poly 2: 1135.7 -801.604 221.416 1211.7 -801.604 221.416 1211.7 -801.604 208.175 1135.7 -801.604 208.175 1135.7 -801.604 221.416
  poly 3: 1135.7 -789.604 215.82 1211.7 -789.604 215.82 1211.7 -789.604 202.58 1135.7 -789.604 202.58 1135.7 -789.604 215.82
  poly 4: 1297.7 -801.604 221.416 1287.7 -801.604 221.416 1287.7 -801.604 234.656 907.7 -801.604 234.656 907.7 -801.604 221.416 897.7 -801.604 221.416 897.7 -801.604 -5.3231e-06 1297.7 -801.604 -5.3231e-06 1297.7 -801.604 221.416
  poly 5: 1297.7 -789.604 202.58 1287.7 -789.604 202.58 1287.7 -789.604 229.061 907.7 -789.604 229.061 907.7 -789.604 202.58 897.7 -789.604 202.58 897.7 -789.604 -5.3231e-06 1297.7 -789.604 -5.3231e-06 1297.7 -789.604 202.58
element 31
  poly 0: 1297.7 -600.933 127.841 897.7 -600.933 127.841 897.7 -801.604 221.416 907.7 -801.604 221.416 907.7 -789.604 215.82 983.7 -789.604 215.82 983.7 -801.604 221.416 985.6 -869.604 253.125 1002.7 -869.604 253.125 1002.7 -881.604 258.72 1007.45 -890.604 262.917 1035.95 -890.604 262.917 1040.7 -881.604 258.72 1040.7 -869.604 253.125 1057.8 -869.604 253.125 1059.7 -801.604 221.416 1059.7 -789.604 215.82 1135.7 -789.604 215.82 1135.7 -801.604 221.416 1137.6 -869.604 253.125 1154.7 -869.604 253.125 1154.7 -881.604 258.72 1159.45 -890.604 262.917 1187.95 -890.604 262.917 1192.7 -881.604 258.72 1192.7 -869.604 253.125 1209.8 -869.604 253.125 1211.7 -801.604 221.416 1211.7 -789.604 215.82 1287.7 -789.604 215.82 1287.7 -801.604 221.416 1297.7 -801.604 221.416 1297.7 -600.933 127.841
  poly 1: 1297.7 -606.005 116.966 897.7 -606.005 116.966 897.7 -789.604 202.58 907.7 -789.604 202.58 907.7 -789.484 202.524 983.7 -789.604 202.58 983.7 -801.604 208.175 985.6 -869.604 239.884 1002.7 -869.604 239.884 1002.7 -881.604 245.48 1007.45 -890.604 249.677 1035.95 -890.604 249.677 1040.7 -881.604 245.48 1040.7 -869.604 239.884 1057.8 -869.604 239.884 1059.7 -801.604 208.175 1059.7 -789.604 202.58 1135.7 -789.604 202.58 1135.7 -801.604 208.175 1137.6 -869.604 239.884 1154.7 -869.604 239.884 1154.7 -881.604 245.48 1159.45 -890.604 249.677 1187.95 -890.604 249.677 1192.7 -881.604 245.48 1192.7 -869.604 239.884 1209.8 -869.604 239.884 1211.7 -801.604 208.175 1211.7 -789.604 202.58 1287.7 -789.484 202.524 1287.7 -789.604 202.58 1297.7 -789.604 202.58 1297.7 -606.005 116.966
element 32
  poly 0: 1002.7 -881.604 258.72 1040.7 -881.604 258.72 1040.7 -881.604 245.48 1002.7 -881.604 245.48 1002.7 -881.604 258.72
  poly 1: 1002.7 -869.604 253.125 1040.7 -869.604 253.125 1040.7 -869.604 239.884 1002.7 -869.604 239.884 1002.7 -869.604 253.125
  poly 2: 1154.7 -881.604 258.72 1192.7 -881.604 258.72 1192.7 -881.604 245.48 1154.7 -881.604 245.48 1154.7 -881.604 258.72
  poly 3: 1154.7 -869.604 253.125 1192.7 -869.604 253.125 1192.7 -869.604 239.884 1154.7 -869.604 239.884 1154.7 -869.604 253.125
  poly 4: 897.7 -881.604 346.991 897.7 -881.604 -3.50443e-06 1297.7 -881.604 -3.50443e-06 1297.7 -881.604 346.991 897.7 -881.604 346.991
  poly 5: 897.7 -869.604 328.154 897.7 -869.604 -3.50443e-06 1297.7 -869.604 -3.50443e-06 1297.7 -869.604 328.154 897.7 -869.604 328.154
element 33
  poly 0: 897.7 -567.124 200.346 897.7 -881.604 346.991 1297.7 -881.604 346.991 1297.7 -567.124 200.346 897.7 -567.124 200.346
  poly 1: 897.7 -572.195 189.47 897.7 -869.604 328.154 1297.7 -869.604 328.154 1297.7 -572.195 189.47 897.7 -572.195 189.47
element 34
  poly 0: 983.7 -44.7268 214.58 1059.7 -44.7268 214.58 1059.7 -44.7268 202.58 983.7 -44.7268 202.58 983.7 -44.7268 214.58
  poly 1: 983.7 -32.7268 214.58 1059.7 -32.7268 214.58 1059.7 -32.7268 202.58 983.7 -32.7268 202.58 983.7 -32.7268 214.58
  poly 2: 1135.7 -44.7268 214.58 1211.7 -44.7268 214.58 1211.7 -44.7268 202.58 1135.7 -44.7268 202.58 1135.7 -44.7268 214.58
  poly 3: 1135.7 -32.7268 214.58 1211.7 -32.7268 214.58 1211.7 -32.7268 202.58 1135.7 -32.7268 202.58 1135.7 -32.7268 214.58
  poly 4: 1297.7 -44.7268 214.58 1287.7 -44.7268 214.58 1287.7 -44.7268 226.58 907.7 -44.7268 226.58 907.7 -44.7268 214.58 897.7 -44.7268 214.58 897.7 -44.7268 9.09277e-07 1297.7 -44.7268 9.09277e-07 1297.7 -44.7268 214.58
  poly 5: 1297.7 -32.7268 202.58 1287.7 -32.7268 202.58 1287.7 -32.7268 226.58 907.7 -32.7268 226.58 907.7 -32.7268 202.58 897.7 -32.7268 202.58 897.7 -32.7268 9.09277e-07 1297.7 -32.7268 9.09277e-07 1297.7 -32.7268 202.58
element 35
  poly 0: 1297.7 169.853 214.58 897.7 169.853 214.58 897.7 -44.7268 214.58 907.7 -44.7268 214.58 907.7 -32.7268 214.58 983.7 -32.7268 214.58 983.7 -44.7268 214.58 985.6 -112.727 214.58 1002.7 -112.727 214.58 1002.7 -124.727 214.58 1007.45 -133.727 214.58 1035.95 -133.727 214.58 1040.7 -124.727 214.58 1040.7 -112.727 214.58 1057.8 -112.727 214.58 1059.7 -44.7268 214.58 1059.7 -32.7268 214.58 1135.7 -32.7268 214.58 1135.7 -44.7268 214.58 1137.6 -112.727 214.58 1154.7 -112.727 214.58 1154.7 -124.727 214.58 1159.45 -133.727 214.58 1187.95 -133.727 214.58 1192.7 -124.727 214.58 1192.7 -112.727 214.58 1209.8 -112.727 214.58 1211.7 -44.7268 214.58 1211.7 -32.7268 214.58 1287.7 -32.7268 214.58 1287.7 -44.7268 214.58 1297.7 -44.7268 214.58 1297.7 169.853 214.58
  poly 1: 1297.7 169.853 202.58 897.7 169.853 202.58 897.7 -32.7268 202.58 907.7 -32.7268 202.58 907.7 -32.6068 202.58 983.7 -32.7268 202.58 983.7 -44.7268 202.58 985.6 -112.727 202.58 1002.7 -112.727 202.58 1002.7 -124.727 202.58 1007.45 -133.727 202.58 1035.95 -133.727 202.58 1040.7 -124.727 202.58 1040.7 -112.727 202.58 1057.8 -112.727 202.58 1059.7 -44.7268 202.58 1059.7 -32.7268 202.58 1135.7 -32.7268 202.58 1135.7 -44.7268 202.58 1137.6 -112.727 202.58 1154.7 -112.727 202.58 1154.7 -124.727 202.58 1159.45 -133.727 202.58 1187.95 -133.727 202.58 1192.7 -124.727 202.58 1192.7 -112.727 202.58 1209.8 -112.727 202.58 1211.7 -44.7268 202.58 1211.7 -32.7268 202.58 1287.7 -32.6068 202.58 1287.7 -32.7268 202.58 1297.7 -32.7268 202.58 1297.7 169.853 202.58
element 36
  poly 0: 1002.7 -124.727 214.58 1040.7 -124.727 214.58 1040.7 -124.727 202.58 1002.7 -124.727 202.58 1002.7 -124.727 214.58
  poly 1: 1002.7 -112.727 214.58 1040.7 -112.727 214.58 1040.7 -112.727 202.58 1002.7 -112.727 202.58 1002.7 -112.727 214.58
  poly 2: 1154.7 -124.727 214.58 1192.7 -124.727 214.58 1192.7 -124.727 202.58 1154.7 -124.727 202.58 1154.7 -124.727 214.58
  poly 3: 1154.7 -112.727 214.58 1192.7 -112.727 214.58 1192.7 -112.727 202.58 1154.7 -112.727 202.58 1154.7 -112.727 214.58
  poly 4: 897.7 -124.727 294.58 897.7 -124.727 -4.4498e-06 1297.7 -124.727 -4.4498e-06 1297.7 -124.727 294.58 897.7 -124.727 294.58
  poly 5: 897.7 -112.727 282.58 897.7 -112.727 -4.4498e-06 1297.7 -112.727 -4.4498e-06 1297.7 -112.727 282.58 897.7 -112.727 282.58
element 37
  poly 0: 897.7 169.853 294.58 897.7 -124.727 294.58 1297.7 -124.727 294.58 1297.7 169.853 294.58 897.7 169.853 294.58
  poly 1: 897.7 169.853 282.58 897.7 -112.727 282.58 1297.7 -112.727 282.58 1297.7 169.853 282.58 897.7 169.853 282.58
element 38
  poly 0: 983.7 712.15 210.224 1059.7 712.15 210.224 1059.7 712.15 196.984 983.7 712.15 196.984 983.7 712.15 210.224
  poly 1: 983.7 724.15 215.82 1059.7 724.15 215.82 1059.7 724.15 202.58 983.7 724.15 202.58 983.7 724.15 215.82
  poly 2: 1135.7 712.15 210.224 1211.7 712.15 210.224 1211.7 712.15 196.984 1135.7 712.15 196.984 1135.7 712.15 210.224
  poly 3: 1135.7 724.15 215.82 1211.7 724.15 215.82 1211.7 724.15 202.58 1135.7 724.15 202.58 1135.7 724.15 215.82
  poly 4: 1297.7 712.15 210.224 1287.7 712.15 210.224 1287.7 712.15 223.465 907.7 712.15 223.465 907.7 712.15 210.224 897.7 712.15 210.224 897.7 712.15 4.38984e-06 1297.7 712.15 4.38984e-06 1297.7 712.15 210.224
  poly 5: 1297.7 724.15 202.58 1287.7 724.15 202.58 1287.7 724.15 229.061 907.7 724.15 229.061 907.7 724.15 202.58 897.7 724.15 202.58 897.7 724.15 4.38984e-06 1297.7 724.15 4.38984e-06 1297.7 724.15 202.58
element 39
  poly 0: 1297.7 902.678 299.069 897.7 902.678 299.069 897.7 712.15 210.224 907.7 712.15 210.224 907.7 724.15 215.82 983.7 724.15 215.82 983.7 712.15 210.224 985.6 644.15 178.516 1002.7 644.15 178.516 1002.7 632.15 172.92 1007.45 623.15 168.723 1035.95 623.15 168.723 1040.7 632.15 172.92 1040.7 644.15 178.516 1057.8 644.15 178.516 1059.7 712.15 210.224 1059.7 724.15 215.82 1135.7 724.15 215.82 1135.7 712.15 210.224 1137.6 644.15 178.516 1154.7 644.15 178.516 1154.7 632.15 172.92 1159.45 623.15 168.723 1187.95 623.15 168.723 1192.7 632.15 172.92 1192.7 644.15 178.516 1209.8 644.15 178.516 1211.7 712.15 210.224 1211.7 724.15 215.82 1287.7 724.15 215.82 1287.7 712.15 210.224 1297.7 712.15 210.224 1297.7 902.678 299.069
  poly 1: 1297.7 907.75 288.193 897.7 907.75 288.193 897.7 724.15 202.58 907.7 724.15 202.58 907.7 724.27 202.636 983.7 724.15 202.58 983.7 712.15 196.984 985.6 644.15 165.275 1002.7 644.15 165.275 1002.7 632.15 159.679 1007.45 623.15 155.483 1035.95 623.15 155.483 1040.7 632.15 159.679 1040.7 644.15 165.275 1057.8 644.15 165.275 1059.7 712.15 196.984 1059.7 724.15 202.58 1135.7 724.15 202.58 1135.7 712.15 196.984 1137.6 644.15 165.275 1154.7 644.15 165.275 1154.7 632.15 159.679 1159.45 623.15 155.483 1187.95 623.15 155.483 1192.7 632.15 159.679 1192.7 644.15 165.275 1209.8 644.15 165.275 1211.7 712.15 196.984 1211.7 724.15 202.58 1287.7 724.27 202.636 1287.7 724.15 202.58 1297.7 724.15 202.58 1297.7 907.75 288.193
element 40
  poly 0: 1002.7 632.15 172.92 1040.7 632.15 172.92 1040.7 632.15 159.679 1002.7 632.15 159.679 1002.7 632.15 172.92
  poly 1: 1002.7 644.15 178.516 1040.7 644.15 178.516 1040.7 644.15 165.275 1002.7 644.15 165.275 1002.7 644.15 178.516
  poly 2: 1154.7 632.15 172.92 1192.7 632.15 172.92 1192.7 632.15 159.679 1154.7 632.15 159.679 1154.7 632.15 172.92
  poly 3: 1154.7 644.15 178.516 1192.7 644.15 178.516 1192.7 644.15 165.275 1154.7 644.15 165.275 1154.7 644.15 178.516
  poly 4: 897.7 632.15 261.19 897.7 632.15 7.4049e-06 1297.7 632.15 7.4049e-06 1297.7 632.15 261.19 897.7 632.15 261.19
  poly 5: 897.7 644.15 253.545 897.7 644.15 7.4049e-06 1297.7 644.15 7.4049e-06 1297.7 644.15 253.545 897.7 644.15 253.545
element 41
  poly 0: 897.7 868.869 371.574 897.7 632.15 261.19 1297.7 632.15 261.19 1297.7 868.869 371.574 897.7 868.869 371.574
  poly 1: 897.7 873.94 360.698 897.7 644.15 253.545 1297.7 644.15 253.545 1297.7 873.94 360.698 897.7 873.94 360.698
