element 0
  poly 0: 661.869 -1.91847e-13 430.921 430.921 -1.91847e-13 661.869 407.724 46.395 638.671 638.671 46.395 407.724 661.869 -1.91847e-13 430.921
  poly 1: 638.671 -46.395 407.724 407.724 -46.395 638.671 384.526 -1.91847e-13 615.474 615.474 -1.91847e-13 384.526 638.671 -46.395 407.724
  poly 2: 430.921 661.869 -4.28867e-13 661.869 430.921 -8.27234e-14 638.671 407.724 46.395 407.724 638.671 46.395 430.921 661.869 -4.28867e-13
  poly 3: 407.724 638.671 -46.395 638.671 407.724 -46.395 615.474 384.526 -1.12012e-12 384.526 615.474 -1.46626e-12 407.724 638.671 -46.395
  poly 4: -3.09587e-06 4.00764e-06 1092.79 199.974 -1.91847e-13 892.816 223.172 -46.395 916.013 916.013 -46.395 223.172 892.816 -1.91847e-13 199.974 1092.79 2.41015e-05 1.44374e-05 892.816 199.974 2.6342e-13 916.013 223.172 -46.395 223.172 916.013 -46.395 199.974 892.816 -7.75011e-13 -4.58118e-06 1092.79 1.44374e-05 -3.09587e-06 4.00764e-06 1092.79
  poly 5: -4.94681e-07 6.60882e-06 1000 153.579 -1.91847e-13 846.421 199.974 -92.79 892.816 892.816 -92.79 199.974 846.421 -1.91847e-13 153.579 1000 7.41236e-06 -7.8789e-06 846.421 153.579 -7.73972e-13 892.816 199.974 -92.79 199.974 892.816 -92.79 153.579 846.421 -1.8124e-12 3.08852e-07 1000 -7.8789e-06 -4.94681e-07 6.60882e-06 1000
element 1
  poly 0: -1.91847e-13 661.869 -430.921 -1.91847e-13 430.921 -661.869 46.395 407.724 -638.671 46.395 638.671 -407.724 -1.91847e-13 661.869 -430.921
  poly 1: -46.395 638.671 -407.724 -46.395 407.724 -638.671 -1.27898e-13 384.526 -615.474 -1.27898e-13 615.474 -384.526 -46.395 638.671 -407.724
  poly 2: 2.41015e-05 1092.79 -1.07473e-12 -1.91847e-13 199.974 -892.816 -46.395 223.172 -916.013 -46.395 916.013 -223.172 -1.91847e-13 892.816 -199.974 2.41015e-05 1092.79 -1.07473e-12 199.974 892.816 -7.75011e-13 176.777 869.618 -46.395 407.724 638.671 -46.395 430.921 661.869 -4.28867e-13 477.188 650.398 34.7963 650.398 477.188 34.7963 661.869 430.921 -8.27234e-14 638.671 407.724 -46.395 869.618 176.777 -46.395 892.816 199.974 2.6342e-13 1092.79 -4.58118e-06 -1.44374e-05 2.41015e-05 1092.79 -1.07473e-12
  poly 3: 7.41236e-06 1000 -2.04259e-12 -1.27898e-13 153.579 -846.421 -92.79 199.974 -892.816 -92.79 892.816 -199.974 -1.27898e-13 846.421 -153.579 7.41236e-06 1000 -2.04259e-12 153.579 846.421 -1.8124e-12 153.347 846.189 -0.46395 384.526 615.474 -1.46626e-12 407.724 638.671 46.395 453.99 627.201 81.1913 627.201 453.99 81.1913 638.671 407.724 46.395 615.474 384.526 -1.12012e-12 846.189 153.347 -0.46395 846.421 153.579 -7.73972e-13 1000 3.08852e-07 7.8789e-06 7.41236e-06 1000 -2.04259e-12
element 2
  poly 0: 1092.79 -1.91847e-13 1.44374e-05 1092.79 -1.91847e-13 1.44374e-05 892.816 -1.91847e-13 199.974 869.618 -46.395 176.777 638.671 -46.395 407.724 661.869 -1.91847e-13 430.921 650.398 34.7963 477.188 477.188 34.7963 650.398 430.921 -1.91847e-13 661.869 407.724 -46.395 638.671 176.777 -46.395 869.618 199.974 -1.91847e-13 892.816 -3.09587e-06 -4.00764e-06 1092.79 1092.79 -1.91847e-13 1.44374e-05
  poly 1: 1000 -1.91847e-13 -7.8789e-06 1000 -1.91847e-13 -7.8789e-06 846.421 -1.91847e-13 153.579 846.189 -0.46395 153.347 615.474 -1.91847e-13 384.526 638.671 46.395 407.724 627.201 81.1913 453.99 453.99 81.1913 627.201 407.724 46.395 638.671 384.526 -1.91847e-13 615.474 153.347 -0.46395 846.189 153.579 -1.91847e-13 846.421 -4.94681e-07 -6.60882e-06 1000 1000 -1.91847e-13 -7.8789e-06
element 3
  poly 0: 6.72272e-06 -1092.79 1.06689e-06 1.44374e-05 -1.44374e-05 -1092.79 1092.79 -6.72272e-06 1.06689e-06 6.72272e-06 -1092.79 1.06689e-06
  poly 1: -2.24252e-05 -1000 -1.5343e-06 -7.8789e-06 7.8789e-06 -1000 1000 2.24252e-05 -1.5343e-06 -2.24252e-05 -1000 -1.5343e-06
element 4
  poly 0: -430.921 -9.90524e-14 661.869 -661.869 -1.56743e-13 430.921 -638.671 46.395 407.724 -407.724 46.395 638.671 -430.921 -9.90524e-14 661.869
  poly 1: -407.724 -46.395 638.671 -638.671 -46.395 407.724 -615.474 7.77361e-14 384.526 -384.526 1.35427e-13 615.474 -407.724 -46.395 638.671
  poly 2: -1092.79 6.72272e-06 -1.06689e-06 -892.816 -2.14434e-13 199.974 -916.013 -46.395 223.172 -223.172 -46.395 916.013 -199.974 -4.13617e-14 892.816 -1.44374e-05 1.44374e-05 1092.79 -6.72272e-06 1092.79 -1.06689e-06 -1092.79 6.72272e-06 -1.06689e-06
  poly 3: -1000 -2.24252e-05 1.5343e-06 -846.421 2.00454e-14 153.579 -892.816 -92.79 199.974 -199.974 -92.79 892.816 -153.579 1.93117e-13 846.421 7.8789e-06 -7.8789e-06 1000 2.24252e-05 1000 1.5343e-06 -1000 -2.24252e-05 1.5343e-06
element 5
  poly 0: -1.91847e-13 1092.79 -1.44374e-05 -1.91847e-13 1092.79 -1.44374e-05 -1.91847e-13 892.816 -199.974 -46.395 869.618 -176.777 -46.395 638.671 -407.724 -1.91847e-13 661.869 -430.921 34.7963 650.398 -477.188 34.7963 477.188 -650.398 -1.91847e-13 430.921 -661.869 -46.395 407.724 -638.671 -46.395 176.777 -869.618 -1.91847e-13 199.974 -892.816 -4.00764e-06 -3.09587e-06 -1092.79 -1.91847e-13 1092.79 -1.44374e-05
  poly 1: -1.27898e-13 1000 7.8789e-06 -1.27898e-13 1000 7.8789e-06 -1.27898e-13 846.421 -153.579 -0.46395 846.189 -153.347 -1.27898e-13 615.474 -384.526 46.395 638.671 -407.724 81.1913 627.201 -453.99 81.1913 453.99 -627.201 46.395 407.724 -638.671 -1.27898e-13 384.526 -615.474 -0.46395 153.347 -846.189 -1.27898e-13 153.579 -846.421 -6.60882e-06 -4.94681e-07 -1000 -1.27898e-13 1000 7.8789e-06
element 6
  poly 0: 7.8789e-06 2.31482e-13 1000 -846.421 2.00454e-14 153.579 -846.189 -0.46395 153.347 -615.474 7.77361e-14 384.526 -638.671 46.395 407.724 -627.201 81.1913 453.99 -453.99 81.1913 627.201 -407.724 46.395 638.671 -384.526 1.35427e-13 615.474 -153.347 -0.46395 846.189 -153.579 1.93117e-13 846.421 7.8789e-06 2.31482e-13 1000 2.24252e-05 -1000 1.5343e-06 7.8789e-06 2.31482e-13 1000
  poly 1: -2.26187e-05 8.59188e-15 1092.79 -892.816 -2.14434e-13 199.974 -869.618 -46.395 176.777 -638.671 -46.395 407.724 -661.869 -1.56743e-13 430.921 -650.398 34.7963 477.188 -477.188 34.7963 650.398 -430.921 -9.90524e-14 661.869 -407.724 -46.395 638.671 -176.777 -46.395 869.618 -199.974 -4.13617e-14 892.816 -2.26187e-05 8.59188e-15 1092.79 -6.72272e-06 -1092.79 -1.06689e-06 -2.26187e-05 8.59188e-15 1092.79
element 7
  poly 0: 4.94681e-07 -6.60882e-06 -1000 -1000 -7.41236e-06 7.8789e-06 -3.08853e-07 -1000 7.8789e-06 4.94681e-07 -6.60882e-06 -1000
  poly 1: 3.09587e-06 -4.00764e-06 -1092.79 -1092.79 -2.41015e-05 -1.44374e-05 4.58118e-06 -1092.79 -1.44374e-05 3.09587e-06 -4.00764e-06 -1092.79
