# wood joints after construct_joint_by_index
# count=11
joint 0 type=30 v0=0 v1=1 f0_0=2 f1_0=3 name=cr_c_ip_0 orient=1 div=1 shift=0.5
  jv[0] pts=5 (-568.635,-262.546,-47.2995) (-583.635,-262.546,-47.2995) (-583.635,-262.546,-28.2995) (-568.635,-262.546,-28.2995) (-568.635,-262.546,-47.2995)
  jv[1] pts=5 (-568.635,-173.041,-47.2995) (-583.635,-173.041,-47.2995) (-583.635,-173.041,-28.2995) (-568.635,-173.041,-28.2995) (-568.635,-173.041,-47.2995)
  m[0][0] pts=5 (-583.635,-307.298,-28.2995) (-568.635,-307.298,-28.2995) (-568.635,-217.793,-28.2995) (-583.635,-217.793,-28.2995) (-583.635,-307.298,-28.2995)
  m[0][1] pts=5 (-583.635,-307.298,-28.2995) (-568.635,-307.298,-28.2995) (-568.635,-217.793,-28.2995) (-583.635,-217.793,-28.2995) (-583.635,-307.298,-28.2995)
  f[0][0] pts=5 (-568.635,-128.289,-28.2995) (-568.635,-128.289,-47.2995) (-568.635,-217.793,-47.2995) (-568.635,-217.793,-28.2995) (-568.635,-128.289,-28.2995)
  f[0][1] pts=5 (-568.635,-128.289,-28.2995) (-568.635,-128.289,-47.2995) (-568.635,-217.793,-47.2995) (-568.635,-217.793,-28.2995) (-568.635,-128.289,-28.2995)
  m[1][0] pts=5 (-583.635,-307.298,-47.2995) (-568.635,-307.298,-47.2995) (-568.635,-217.793,-47.2995) (-583.635,-217.793,-47.2995) (-583.635,-307.298,-47.2995)
  m[1][1] pts=5 (-583.635,-307.298,-47.2995) (-568.635,-307.298,-47.2995) (-568.635,-217.793,-47.2995) (-583.635,-217.793,-47.2995) (-583.635,-307.298,-47.2995)
  f[1][0] pts=5 (-583.635,-128.289,-28.2995) (-583.635,-128.289,-47.2995) (-583.635,-217.793,-47.2995) (-583.635,-217.793,-28.2995) (-583.635,-128.289,-28.2995)
  f[1][1] pts=5 (-583.635,-128.289,-28.2995) (-583.635,-128.289,-47.2995) (-583.635,-217.793,-47.2995) (-583.635,-217.793,-28.2995) (-583.635,-128.289,-28.2995)
joint 1 type=30 v0=2 v1=3 f0_0=2 f1_0=3 name=cr_c_ip_0 orient=1 div=1 shift=0.5
  jv[0] pts=5 (-344.501,-175.048,-45.2995) (-345.155,-175.704,-30.2995) (-331.725,-162.223,-30.2995) (-331.072,-161.567,-45.2995) (-344.501,-175.048,-45.2995)
  jv[1] pts=5 (-378.973,-140.708,-45.2995) (-379.627,-141.364,-30.2995) (-366.197,-127.883,-30.2995) (-365.543,-127.227,-45.2995) (-378.973,-140.708,-45.2995)
  m[0][0] pts=5 (-314.49,-179.393,-30.2995) (-313.836,-178.737,-45.2995) (-348.308,-144.397,-45.2995) (-348.961,-145.053,-30.2995) (-314.49,-179.393,-30.2995)
  m[0][1] pts=5 (-314.49,-179.393,-30.2995) (-313.836,-178.737,-45.2995) (-348.308,-144.397,-45.2995) (-348.961,-145.053,-30.2995) (-314.49,-179.393,-30.2995)
  f[0][0] pts=5 (-382.779,-110.057,-45.2995) (-396.209,-123.537,-45.2995) (-361.737,-157.878,-45.2995) (-348.308,-144.397,-45.2995) (-382.779,-110.057,-45.2995)
  f[0][1] pts=5 (-382.779,-110.057,-45.2995) (-396.209,-123.537,-45.2995) (-361.737,-157.878,-45.2995) (-348.308,-144.397,-45.2995) (-382.779,-110.057,-45.2995)
  m[1][0] pts=5 (-327.919,-192.874,-30.2995) (-327.266,-192.218,-45.2995) (-361.737,-157.878,-45.2995) (-362.391,-158.534,-30.2995) (-327.919,-192.874,-30.2995)
  m[1][1] pts=5 (-327.919,-192.874,-30.2995) (-327.266,-192.218,-45.2995) (-361.737,-157.878,-45.2995) (-362.391,-158.534,-30.2995) (-327.919,-192.874,-30.2995)
  f[1][0] pts=5 (-383.433,-110.713,-30.2995) (-396.862,-124.194,-30.2995) (-362.391,-158.534,-30.2995) (-348.961,-145.053,-30.2995) (-383.433,-110.713,-30.2995)
  f[1][1] pts=5 (-383.433,-110.713,-30.2995) (-396.862,-124.194,-30.2995) (-362.391,-158.534,-30.2995) (-348.961,-145.053,-30.2995) (-383.433,-110.713,-30.2995)
joint 2 type=30 v0=4 v1=5 f0_0=4 f1_0=5 name=cr_c_ip_0 orient=1 div=1 shift=0.5
  jv[0] pts=5 (-94.4305,-126.586,-47.2844) (-105.036,-137.355,-47.2844) (-103.389,-135.683,-28.3146) (-92.7837,-124.914,-28.3146) (-94.4305,-126.586,-47.2844)
  jv[1] pts=5 (5.52671,-225.025,-47.2844) (-5.07865,-235.794,-47.2844) (-3.43181,-234.122,-28.3146) (7.17355,-223.353,-28.3146) (5.52671,-225.025,-47.2844)
  m[0][0] pts=5 (-153.368,-86.4639,-28.3146) (-142.762,-75.6949,-28.3146) (-42.8051,-174.134,-28.3146) (-53.4104,-184.903,-28.3146) (-153.368,-86.4639,-28.3146)
  m[0][1] pts=5 (-153.368,-86.4639,-28.3146) (-142.762,-75.6949,-28.3146) (-42.8051,-174.134,-28.3146) (-53.4104,-184.903,-28.3146) (-153.368,-86.4639,-28.3146)
  f[0][0] pts=5 (57.1522,-272.572,-28.3146) (55.5053,-274.244,-47.2844) (-44.4519,-175.806,-47.2844) (-42.8051,-174.134,-28.3146) (57.1522,-272.572,-28.3146)
  f[0][1] pts=5 (57.1522,-272.572,-28.3146) (55.5053,-274.244,-47.2844) (-44.4519,-175.806,-47.2844) (-42.8051,-174.134,-28.3146) (57.1522,-272.572,-28.3146)
  m[1][0] pts=5 (-155.015,-88.1361,-47.2844) (-144.409,-77.3671,-47.2844) (-44.4519,-175.806,-47.2844) (-55.0573,-186.575,-47.2844) (-155.015,-88.1361,-47.2844)
  m[1][1] pts=5 (-155.015,-88.1361,-47.2844) (-144.409,-77.3671,-47.2844) (-44.4519,-175.806,-47.2844) (-55.0573,-186.575,-47.2844) (-155.015,-88.1361,-47.2844)
  f[1][0] pts=5 (46.5468,-283.341,-28.3146) (44.9,-285.013,-47.2844) (-55.0573,-186.575,-47.2844) (-53.4104,-184.903,-28.3146) (46.5468,-283.341,-28.3146)
  f[1][1] pts=5 (46.5468,-283.341,-28.3146) (44.9,-285.013,-47.2844) (-55.0573,-186.575,-47.2844) (-53.4104,-184.903,-28.3146) (46.5468,-283.341,-28.3146)
joint 3 type=30 v0=6 v1=7 f0_0=2 f1_0=3 name=cr_c_ip_0 orient=1 div=1 shift=0.5
  jv[0] pts=5 (192.086,-161.431,-45.2995) (194.025,-159.423,-30.2995) (207.405,-145.571,-30.2995) (205.465,-147.58,-45.2995) (192.086,-161.431,-45.2995)
  jv[1] pts=5 (167.109,-137.306,-45.2995) (169.049,-135.297,-30.2995) (182.428,-121.446,-30.2995) (180.488,-123.455,-45.2995) (167.109,-137.306,-45.2995)
  m[0][0] pts=5 (219.893,-157.634,-30.2995) (217.953,-159.642,-45.2995) (192.977,-135.517,-45.2995) (194.917,-133.509,-30.2995) (219.893,-157.634,-30.2995)
  m[0][1] pts=5 (219.893,-157.634,-30.2995) (217.953,-159.642,-45.2995) (192.977,-135.517,-45.2995) (194.917,-133.509,-30.2995) (219.893,-157.634,-30.2995)
  f[0][0] pts=5 (168,-111.392,-45.2995) (154.621,-125.243,-45.2995) (179.597,-149.368,-45.2995) (192.977,-135.517,-45.2995) (168,-111.392,-45.2995)
  f[0][1] pts=5 (168,-111.392,-45.2995) (154.621,-125.243,-45.2995) (179.597,-149.368,-45.2995) (192.977,-135.517,-45.2995) (168,-111.392,-45.2995)
  m[1][0] pts=5 (206.514,-171.485,-30.2995) (204.574,-173.494,-45.2995) (179.597,-149.368,-45.2995) (181.537,-147.36,-30.2995) (206.514,-171.485,-30.2995)
  m[1][1] pts=5 (206.514,-171.485,-30.2995) (204.574,-173.494,-45.2995) (179.597,-149.368,-45.2995) (181.537,-147.36,-30.2995) (206.514,-171.485,-30.2995)
  f[1][0] pts=5 (169.94,-109.383,-30.2995) (156.561,-123.235,-30.2995) (181.537,-147.36,-30.2995) (194.917,-133.509,-30.2995) (169.94,-109.383,-30.2995)
  f[1][1] pts=5 (169.94,-109.383,-30.2995) (156.561,-123.235,-30.2995) (181.537,-147.36,-30.2995) (194.917,-133.509,-30.2995) (169.94,-109.383,-30.2995)
joint 4 type=30 v0=8 v1=9 f0_0=3 f1_0=2 name=cr_c_ip_0 orient=1 div=1 shift=0.5
  jv[0] pts=5 (517.996,-176.836,-48.9337) (517.996,-176.836,-30.2995) (498.73,-188.716,-30.2995) (498.73,-188.716,-48.9337) (517.996,-176.836,-48.9337)
  jv[1] pts=5 (489.109,-129.991,-48.9337) (489.109,-129.991,-30.2995) (469.844,-141.871,-30.2995) (469.844,-141.871,-48.9337) (489.109,-129.991,-48.9337)
  m[0][0] pts=5 (513.174,-212.139,-30.2995) (513.174,-212.139,-48.9337) (484.287,-165.294,-48.9337) (484.287,-165.294,-30.2995) (513.174,-212.139,-30.2995)
  m[0][1] pts=5 (513.174,-212.139,-30.2995) (513.174,-212.139,-48.9337) (484.287,-165.294,-48.9337) (484.287,-165.294,-30.2995) (513.174,-212.139,-30.2995)
  f[0][0] pts=5 (455.4,-118.449,-48.9337) (474.666,-106.569,-48.9337) (503.553,-153.414,-48.9337) (484.287,-165.294,-48.9337) (455.4,-118.449,-48.9337)
  f[0][1] pts=5 (455.4,-118.449,-48.9337) (474.666,-106.569,-48.9337) (503.553,-153.414,-48.9337) (484.287,-165.294,-48.9337) (455.4,-118.449,-48.9337)
  m[1][0] pts=5 (532.439,-200.259,-30.2995) (532.439,-200.259,-48.9337) (503.553,-153.414,-48.9337) (503.553,-153.414,-30.2995) (532.439,-200.259,-30.2995)
  m[1][1] pts=5 (532.439,-200.259,-30.2995) (532.439,-200.259,-48.9337) (503.553,-153.414,-48.9337) (503.553,-153.414,-30.2995) (532.439,-200.259,-30.2995)
  f[1][0] pts=5 (455.4,-118.449,-30.2995) (474.666,-106.569,-30.2995) (503.553,-153.414,-30.2995) (484.287,-165.294,-30.2995) (455.4,-118.449,-30.2995)
  f[1][1] pts=5 (455.4,-118.449,-30.2995) (474.666,-106.569,-30.2995) (503.553,-153.414,-30.2995) (484.287,-165.294,-30.2995) (455.4,-118.449,-30.2995)
joint 5 type=30 v0=10 v1=11 f0_0=3 f1_0=5 name=cr_c_ip_0 orient=1 div=1 shift=0.5
  jv[0] pts=5 (-585.911,140.819,-4.76224) (-585.911,207.074,-4.76224) (-585.911,207.074,-75.0167) (-585.911,140.819,-75.0167) (-585.911,140.819,-4.76224)
  jv[1] pts=5 (-643.89,140.819,-4.76224) (-643.89,207.074,-4.76224) (-643.89,207.074,-75.0167) (-643.89,140.819,-75.0167) (-643.89,140.819,-4.76224)
  m[0][0] pts=5 (-556.922,207.074,-75.0167) (-556.922,140.819,-75.0167) (-614.901,140.819,-75.0167) (-614.901,207.074,-75.0167) (-556.922,207.074,-75.0167)
  m[0][1] pts=5 (-556.922,207.074,-75.0167) (-556.922,140.819,-75.0167) (-614.901,140.819,-75.0167) (-614.901,207.074,-75.0167) (-556.922,207.074,-75.0167)
  f[0][0] pts=5 (-672.879,140.819,-75.0167) (-672.879,140.819,-4.76224) (-614.901,140.819,-4.76224) (-614.901,140.819,-75.0167) (-672.879,140.819,-75.0167)
  f[0][1] pts=5 (-672.879,140.819,-75.0167) (-672.879,140.819,-4.76224) (-614.901,140.819,-4.76224) (-614.901,140.819,-75.0167) (-672.879,140.819,-75.0167)
  m[1][0] pts=5 (-556.922,207.074,-4.76224) (-556.922,140.819,-4.76224) (-614.901,140.819,-4.76224) (-614.901,207.074,-4.76224) (-556.922,207.074,-4.76224)
  m[1][1] pts=5 (-556.922,207.074,-4.76224) (-556.922,140.819,-4.76224) (-614.901,140.819,-4.76224) (-614.901,207.074,-4.76224) (-556.922,207.074,-4.76224)
  f[1][0] pts=5 (-672.879,207.074,-75.0167) (-672.879,207.074,-4.76224) (-614.901,207.074,-4.76224) (-614.901,207.074,-75.0167) (-672.879,207.074,-75.0167)
  f[1][1] pts=5 (-672.879,207.074,-75.0167) (-672.879,207.074,-4.76224) (-614.901,207.074,-4.76224) (-614.901,207.074,-75.0167) (-672.879,207.074,-75.0167)
joint 6 type=30 v0=12 v1=13 f0_0=4 f1_0=2 name=cr_c_ip_0 orient=1 div=1 shift=0.5
  jv[0] pts=5 (-288.169,194.393,-83.1616) (-288.169,161.582,-16.9071) (-288.169,83.6488,-16.9071) (-288.169,116.459,-83.1616) (-288.169,194.393,-83.1616)
  jv[1] pts=5 (-339.815,194.393,-83.1616) (-339.815,161.582,-16.9071) (-339.815,83.6488,-16.9071) (-339.815,116.459,-83.1616) (-339.815,194.393,-83.1616)
  m[0][0] pts=5 (-262.347,83.6488,-16.9071) (-262.347,116.459,-83.1616) (-313.992,116.459,-83.1616) (-313.992,83.6488,-16.9071) (-262.347,83.6488,-16.9071)
  m[0][1] pts=5 (-262.347,83.6488,-16.9071) (-262.347,116.459,-83.1616) (-313.992,116.459,-83.1616) (-313.992,83.6488,-16.9071) (-262.347,83.6488,-16.9071)
  f[0][0] pts=5 (-365.637,116.459,-83.1616) (-365.637,194.393,-83.1616) (-313.992,194.393,-83.1616) (-313.992,116.459,-83.1616) (-365.637,116.459,-83.1616)
  f[0][1] pts=5 (-365.637,116.459,-83.1616) (-365.637,194.393,-83.1616) (-313.992,194.393,-83.1616) (-313.992,116.459,-83.1616) (-365.637,116.459,-83.1616)
  m[1][0] pts=5 (-262.347,161.582,-16.9071) (-262.347,194.393,-83.1616) (-313.992,194.393,-83.1616) (-313.992,161.582,-16.9071) (-262.347,161.582,-16.9071)
  m[1][1] pts=5 (-262.347,161.582,-16.9071) (-262.347,194.393,-83.1616) (-313.992,194.393,-83.1616) (-313.992,161.582,-16.9071) (-262.347,161.582,-16.9071)
  f[1][0] pts=5 (-365.637,83.6488,-16.9071) (-365.637,161.582,-16.9071) (-313.992,161.582,-16.9071) (-313.992,83.6488,-16.9071) (-365.637,83.6488,-16.9071)
  f[1][1] pts=5 (-365.637,83.6488,-16.9071) (-365.637,161.582,-16.9071) (-313.992,161.582,-16.9071) (-313.992,83.6488,-16.9071) (-365.637,83.6488,-16.9071)
joint 7 type=30 v0=13 v1=14 f0_0=4 f1_0=2 name=cr_c_ip_0 orient=1 div=1 shift=0.5
  jv[0] pts=5 (-260.597,288.936,-85.1428) (-260.597,222.052,-85.1428) (-260.597,231.752,-14.9259) (-260.597,298.635,-14.9259) (-260.597,288.936,-85.1428)
  jv[1] pts=5 (-265.929,288.936,-85.1428) (-265.929,222.052,-85.1428) (-265.929,231.752,-14.9259) (-265.929,298.635,-14.9259) (-265.929,288.936,-85.1428)
  m[0][0] pts=5 (-257.932,231.752,-14.9259) (-257.932,298.635,-14.9259) (-263.263,298.635,-14.9259) (-263.263,231.752,-14.9259) (-257.932,231.752,-14.9259)
  m[0][1] pts=5 (-257.932,231.752,-14.9259) (-257.932,298.635,-14.9259) (-263.263,298.635,-14.9259) (-263.263,231.752,-14.9259) (-257.932,231.752,-14.9259)
  f[0][0] pts=5 (-268.594,298.635,-14.9259) (-268.594,288.936,-85.1428) (-263.263,288.936,-85.1428) (-263.263,298.635,-14.9259) (-268.594,298.635,-14.9259)
  f[0][1] pts=5 (-268.594,298.635,-14.9259) (-268.594,288.936,-85.1428) (-263.263,288.936,-85.1428) (-263.263,298.635,-14.9259) (-268.594,298.635,-14.9259)
  m[1][0] pts=5 (-257.932,222.052,-85.1428) (-257.932,288.936,-85.1428) (-263.263,288.936,-85.1428) (-263.263,222.052,-85.1428) (-257.932,222.052,-85.1428)
  m[1][1] pts=5 (-257.932,222.052,-85.1428) (-257.932,288.936,-85.1428) (-263.263,288.936,-85.1428) (-263.263,222.052,-85.1428) (-257.932,222.052,-85.1428)
  f[1][0] pts=5 (-268.594,231.752,-14.9259) (-268.594,222.052,-85.1428) (-263.263,222.052,-85.1428) (-263.263,231.752,-14.9259) (-268.594,231.752,-14.9259)
  f[1][1] pts=5 (-268.594,231.752,-14.9259) (-268.594,222.052,-85.1428) (-263.263,222.052,-85.1428) (-263.263,231.752,-14.9259) (-268.594,231.752,-14.9259)
joint 8 type=30 v0=15 v1=16 f0_0=2 f1_0=3 name=cr_c_ip_0 orient=1 div=1 shift=0.5
  jv[0] pts=5 (-10.2908,209.074,-6.76224) (-10.2908,209.074,-73.0167) (-10.2908,138.819,-73.0167) (-10.2908,138.819,-6.76224) (-10.2908,209.074,-6.76224)
  jv[1] pts=5 (27.0163,209.074,-6.76224) (27.0163,209.074,-73.0167) (27.0163,138.819,-73.0167) (27.0163,138.819,-6.76224) (27.0163,209.074,-6.76224)
  m[0][0] pts=5 (-28.9444,138.819,-73.0167) (-28.9444,138.819,-6.76224) (8.36278,138.819,-6.76224) (8.36278,138.819,-73.0167) (-28.9444,138.819,-73.0167)
  m[0][1] pts=5 (-28.9444,138.819,-73.0167) (-28.9444,138.819,-6.76224) (8.36278,138.819,-6.76224) (8.36278,138.819,-73.0167) (-28.9444,138.819,-73.0167)
  f[0][0] pts=5 (45.6699,138.819,-6.76224) (45.6699,209.074,-6.76224) (8.36278,209.074,-6.76224) (8.36278,138.819,-6.76224) (45.6699,138.819,-6.76224)
  f[0][1] pts=5 (45.6699,138.819,-6.76224) (45.6699,209.074,-6.76224) (8.36278,209.074,-6.76224) (8.36278,138.819,-6.76224) (45.6699,138.819,-6.76224)
  m[1][0] pts=5 (-28.9444,209.074,-73.0167) (-28.9444,209.074,-6.76224) (8.36278,209.074,-6.76224) (8.36278,209.074,-73.0167) (-28.9444,209.074,-73.0167)
  m[1][1] pts=5 (-28.9444,209.074,-73.0167) (-28.9444,209.074,-6.76224) (8.36278,209.074,-6.76224) (8.36278,209.074,-73.0167) (-28.9444,209.074,-73.0167)
  f[1][0] pts=5 (45.6699,138.819,-73.0167) (45.6699,209.074,-73.0167) (8.36278,209.074,-73.0167) (8.36278,138.819,-73.0167) (45.6699,138.819,-73.0167)
  f[1][1] pts=5 (45.6699,138.819,-73.0167) (45.6699,209.074,-73.0167) (8.36278,209.074,-73.0167) (8.36278,138.819,-73.0167) (45.6699,138.819,-73.0167)
joint 9 type=30 v0=17 v1=18 f0_0=3 f1_0=5 name=cr_c_ip_0 orient=1 div=1 shift=0.5
  jv[0] pts=5 (460.508,214.464,123.477) (476.721,230.027,125.855) (500.202,230.825,113.385) (483.989,215.262,111.008) (460.508,214.464,123.477)
  jv[1] pts=5 (467.914,204.713,136.802) (484.127,220.276,139.179) (507.609,221.073,126.71) (491.396,205.51,124.332) (467.914,204.713,136.802)
  m[0][0] pts=5 (496.499,235.701,106.723) (480.286,220.138,104.346) (487.693,210.386,117.67) (503.906,225.949,120.047) (496.499,235.701,106.723)
  m[0][1] pts=5 (496.499,235.701,106.723) (480.286,220.138,104.346) (487.693,210.386,117.67) (503.906,225.949,120.047) (496.499,235.701,106.723)
  f[0][0] pts=5 (495.1,200.634,130.994) (471.618,199.837,143.464) (464.211,209.588,130.139) (487.693,210.386,117.67) (495.1,200.634,130.994)
  f[0][1] pts=5 (495.1,200.634,130.994) (471.618,199.837,143.464) (464.211,209.588,130.139) (487.693,210.386,117.67) (495.1,200.634,130.994)
  m[1][0] pts=5 (473.017,234.903,119.193) (456.804,219.34,116.815) (464.211,209.588,130.139) (480.424,225.152,132.517) (473.017,234.903,119.193)
  m[1][1] pts=5 (473.017,234.903,119.193) (456.804,219.34,116.815) (464.211,209.588,130.139) (480.424,225.152,132.517) (473.017,234.903,119.193)
  f[1][0] pts=5 (511.313,216.197,133.372) (487.831,215.4,145.841) (480.424,225.152,132.517) (503.906,225.949,120.047) (511.313,216.197,133.372)
  f[1][1] pts=5 (511.313,216.197,133.372) (487.831,215.4,145.841) (480.424,225.152,132.517) (503.906,225.949,120.047) (511.313,216.197,133.372)
joint 10 type=30 v0=18 v1=19 f0_0=4 f1_0=2 name=cr_c_ip_0 orient=1 div=1 shift=0.5
  jv[0] pts=5 (577.058,220.153,54.6868) (592.743,221.844,44.3599) (592.113,239.602,58.7336) (576.428,237.911,69.0606) (577.058,220.153,54.6868)
  jv[1] pts=5 (586.016,210.71,66.7462) (601.701,212.401,56.4193) (601.071,230.159,70.793) (585.386,228.468,81.12) (586.016,210.71,66.7462)
  m[0][0] pts=5 (587.634,244.324,52.7039) (571.949,242.633,63.0309) (580.907,233.19,75.0903) (596.592,234.88,64.7633) (587.634,244.324,52.7039)
  m[0][1] pts=5 (587.634,244.324,52.7039) (571.949,242.633,63.0309) (580.907,233.19,75.0903) (596.592,234.88,64.7633) (587.634,244.324,52.7039)
  f[0][0] pts=5 (589.865,223.746,87.1497) (590.495,205.988,72.7759) (581.537,215.431,60.7165) (580.907,233.19,75.0903) (589.865,223.746,87.1497)
  f[0][1] pts=5 (589.865,223.746,87.1497) (590.495,205.988,72.7759) (581.537,215.431,60.7165) (580.907,233.19,75.0903) (589.865,223.746,87.1497)
  m[1][0] pts=5 (588.264,226.566,38.3302) (572.579,224.875,48.6571) (581.537,215.431,60.7165) (597.222,217.122,50.3896) (588.264,226.566,38.3302)
  m[1][1] pts=5 (588.264,226.566,38.3302) (572.579,224.875,48.6571) (581.537,215.431,60.7165) (597.222,217.122,50.3896) (588.264,226.566,38.3302)
  f[1][0] pts=5 (605.55,225.437,76.8227) (606.18,207.679,62.449) (597.222,217.122,50.3896) (596.592,234.88,64.7633) (605.55,225.437,76.8227)
  f[1][1] pts=5 (605.55,225.437,76.8227) (606.18,207.679,62.449) (597.222,217.122,50.3896) (596.592,234.88,64.7633) (605.55,225.437,76.8227)
