element 0
  poly 0: 4423.51 -244.424 175.882 4556.23 -111.709 175.882 4556.23 -111.709 189.694 4423.51 -244.424 189.694 4423.51 -244.424 175.882
  poly 1: 4552.28 -296.999 175.882 4685 -164.284 175.882 4685 -164.284 189.694 4552.28 -296.999 189.694 4552.28 -296.999 175.882
  poly 2: 4423.51 -244.424 231.132 4556.23 -111.709 231.132 4556.23 -111.709 244.945 4423.51 -244.424 244.945 4423.51 -244.424 231.132
  poly 3: 4552.28 -296.999 231.132 4685 -164.284 231.132 4685 -164.284 244.945 4552.28 -296.999 244.945 4552.28 -296.999 231.132
  poly 4: 4224.3 -443.635 140.382 4224.3 -443.635 308.069 4769.58 101.645 308.069 4769.58 101.645 140.382 4224.3 -443.635 140.382
  poly 5: 4314.97 -534.307 140.382 4314.97 -534.307 308.069 4860.25 10.9735 308.069 4860.25 10.9735 140.382 4314.97 -534.307 140.382
element 1
  poly 0: 4556.23 -111.709 286.382 4556.23 -111.709 272.57 4556.23 -111.709 244.945 4685 -164.284 244.945 4685 -164.284 231.132 4556.23 -111.709 231.132 4556.23 -111.709 189.694 4685 -164.284 189.694 4685 -164.284 175.882 4556.23 -111.709 175.882 4556.23 -111.709 162.069 3714.54 231.95 162.069 3714.54 231.95 286.382 4556.23 -111.709 286.382
  poly 1: 4423.51 -244.424 286.382 4423.51 -244.424 272.57 4423.51 -244.424 244.945 4552.28 -296.999 244.945 4552.28 -296.999 231.132 4423.51 -244.424 231.132 4423.51 -244.424 189.694 4552.28 -296.999 189.694 4552.28 -296.999 175.882 4423.51 -244.424 175.882 4423.51 -244.424 162.069 3649.13 71.7538 162.069 3649.13 71.7538 286.382 4423.51 -244.424 286.382
element 2
  poly 0: 2464.78 309.509 162.069 2464.78 309.509 286.382 2406.98 251.716 286.382 2406.98 251.716 162.069 2464.78 309.509 162.069
  poly 1: 2554.82 219.463 162.069 2554.82 219.463 286.382 2497.03 161.67 286.382 2497.03 161.67 162.069 2554.82 219.463 162.069
  poly 2: 2233.61 78.3376 162.069 2233.61 78.3376 286.382 2175.81 20.5447 286.382 2175.81 20.5447 162.069 2233.61 78.3376 162.069
  poly 3: 2323.65 -11.7088 162.069 2323.65 -11.7088 286.382 2265.86 -69.5017 286.382 2265.86 -69.5017 162.069 2323.65 -11.7088 162.069
  poly 4: 1996.93 -158.335 -428.424 1996.93 -158.335 380.994 2542.21 386.945 380.994 2542.21 386.945 -428.424 1996.93 -158.335 -428.424
  poly 5: 2124.81 -210.548 -450.111 2124.81 -210.548 359.306 2670.09 334.732 359.306 2670.09 334.732 -450.111 2124.81 -210.548 -450.111
element 3
  poly 0: 669.237 -1486.03 286.382 2060.23 -95.0412 286.382 2175.81 20.5447 286.382 2265.86 -69.5017 286.382 2323.65 -11.7088 286.382 2233.61 78.3376 286.382 2406.98 251.716 286.382 2497.03 161.67 286.382 2554.82 219.463 286.382 2464.78 309.509 286.382 2522.57 367.302 286.382 1582.64 751.073 286.382 1326.29 123.232 286.382 669.237 -1486.03 286.382
  poly 1: 669.237 -1486.03 162.069 2060.23 -95.0412 162.069 2175.81 20.5447 162.069 2265.86 -69.5017 162.069 2323.65 -11.7088 162.069 2233.61 78.3376 162.069 2406.98 251.716 162.069 2497.03 161.67 162.069 2554.82 219.463 162.069 2464.78 309.509 162.069 2522.57 367.302 162.069 1582.64 751.073 162.069 1326.29 123.232 162.069 669.237 -1486.03 162.069
element 4
  poly 0: -3813.69 -287.57 -67.5363 -3813.69 -287.57 -12.0006 -3813.69 -150.134 -12.0006 -3813.69 -150.134 -67.5363 -3813.69 -287.57 -67.5363
  poly 1: -3913.69 -287.57 -67.5363 -3913.69 -287.57 -12.0006 -3913.69 -150.134 -12.0006 -3913.69 -150.134 -67.5363 -3913.69 -287.57 -67.5363
  poly 2: -3813.69 -287.57 154.607 -3813.69 -287.57 210.142 -3813.69 -150.134 210.142 -3813.69 -150.134 154.607 -3813.69 -287.57 154.607
  poly 3: -3913.69 -287.57 154.607 -3913.69 -287.57 210.142 -3913.69 -150.134 210.142 -3913.69 -150.134 154.607 -3913.69 -287.57 154.607
  poly 4: -3813.69 577.733 -273.371 -3813.69 577.733 443.283 -3813.69 -751.073 443.283 -3813.69 -751.073 -273.371 -3813.69 577.733 -273.371
  poly 5: -3913.69 577.733 -123.072 -3913.69 577.733 376.749 -3913.69 -751.073 376.749 -3913.69 -751.073 -123.072 -3913.69 577.733 -123.072
element 5
  poly 0: -6.20109e+10 -150.134 2.59716e+10 -3913.69 -150.134 376.749 -3913.69 -150.134 321.214 -3913.69 -150.134 210.142 -3813.69 -150.134 210.142 -3813.69 -150.134 154.607 -3913.69 -150.134 154.607 -3913.69 -150.134 -12.0006 -3813.69 -150.134 -12.0006 -3813.69 -150.134 -67.5363 -3913.69 -150.134 -67.5363 -3913.69 -150.134 -123.072 -4018.86 -150.134 -79.0229 -4057.49 -150.134 -171.26 -4162.67 -150.134 -127.211 -4124.04 -150.134 -34.9736 -4439.56 -150.134 97.174 -4478.19 -150.134 4.93709 -4583.36 -150.134 48.9863 -4544.73 -150.134 141.223 -4755.08 -150.134 229.322 -4860.25 -150.134 273.371 -6.20109e+10 -150.134 2.59716e+10
  poly 1: -6.20109e+10 -287.57 2.59716e+10 -3913.69 -287.57 376.749 -3913.69 -287.57 321.214 -3913.69 -287.57 210.142 -3813.69 -287.57 210.142 -3813.69 -287.57 154.607 -3913.69 -287.57 154.607 -3913.69 -287.57 -12.0006 -3813.69 -287.57 -12.0006 -3813.69 -287.57 -67.5363 -3913.69 -287.57 -67.5363 -3913.69 -287.57 -123.072 -4018.86 -287.57 -79.0229 -4057.49 -287.57 -171.26 -4162.67 -287.57 -127.211 -4124.04 -287.57 -34.9736 -4439.56 -287.57 97.174 -4478.19 -287.57 4.93709 -4583.36 -287.57 48.9863 -4544.73 -287.57 141.223 -4755.08 -287.57 229.322 -4860.25 -287.57 273.371 -6.20109e+10 -287.57 2.59716e+10
element 6
  poly 0: -4018.86 -287.57 -79.0229 -4124.04 -287.57 -34.9736 -4124.04 -150.134 -34.9736 -4018.86 -150.134 -79.0229 -4018.86 -287.57 -79.0229
  poly 1: -4057.49 -287.57 -171.26 -4162.67 -287.57 -127.211 -4162.67 -150.134 -127.211 -4057.49 -150.134 -171.26 -4057.49 -287.57 -171.26
  poly 2: -4439.56 -287.57 97.174 -4544.73 -287.57 141.223 -4544.73 -150.134 141.223 -4439.56 -150.134 97.174 -4439.56 -287.57 97.174
  poly 3: -4478.19 -287.57 4.93709 -4583.36 -287.57 48.9863 -4583.36 -150.134 48.9863 -4478.19 -150.134 4.93709 -4478.19 -287.57 4.93709
  poly 4: -3913.69 577.733 -123.072 -4860.25 577.733 273.371 -4860.25 -751.073 273.371 -3913.69 -751.073 -123.072 -3913.69 577.733 -123.072
  poly 5: -3813.69 577.733 -273.371 -4860.25 577.733 164.954 -4860.25 -751.073 164.954 -3813.69 -751.073 -273.371 -3813.69 577.733 -273.371
element 7
  poly 0: -2244.68 -150.134 701.739 -2139.51 -150.134 657.689 -2139.51 -287.57 657.689 -2244.68 -287.57 701.739 -2244.68 -150.134 701.739
  poly 1: -2283.31 -150.134 609.502 -2178.14 -150.134 565.452 -2178.14 -287.57 565.452 -2283.31 -287.57 609.502 -2283.31 -150.134 609.502
  poly 2: -1823.99 -150.134 525.542 -1718.82 -150.134 481.492 -1718.82 -287.57 481.492 -1823.99 -287.57 525.542 -1823.99 -150.134 525.542
  poly 3: -1862.62 -150.134 433.305 -1757.45 -150.134 389.256 -1757.45 -287.57 389.256 -1862.62 -287.57 433.305 -1862.62 -150.134 433.305
  poly 4: -1341.93 577.733 323.642 -2388.49 577.733 761.967 -2388.49 -751.073 761.967 -1341.93 -751.073 323.642 -1341.93 577.733 323.642
  poly 5: -1441.93 577.733 257.108 -2388.49 577.733 653.551 -2388.49 -751.073 653.551 -1441.93 -751.073 257.108 -1441.93 577.733 257.108
element 8
  poly 0: -1341.92 -150.134 201.572 -1341.92 -150.134 146.037 -1341.92 -287.57 146.037 -1341.92 -287.57 201.572 -1341.92 -150.134 201.572
  poly 1: -1441.92 -150.134 201.572 -1441.92 -150.134 146.037 -1441.92 -287.57 146.037 -1441.92 -287.57 201.572 -1441.92 -150.134 201.572
  poly 2: -1341.93 -150.134 -20.5706 -1341.93 -150.134 -76.1063 -1341.93 -287.57 -76.1063 -1341.93 -287.57 -20.5706 -1341.93 -150.134 -20.5706
  poly 3: -1441.92 -150.134 -20.5706 -1441.93 -150.134 -76.1063 -1441.93 -287.57 -76.1063 -1441.92 -287.57 -20.5706 -1441.92 -150.134 -20.5706
  poly 4: -1341.93 577.733 -284.596 -1341.93 577.733 323.642 -1341.93 -751.073 323.642 -1341.93 -751.073 -284.596 -1341.93 577.733 -284.596
  poly 5: -1441.93 577.733 -242.713 -1441.93 577.733 257.108 -1441.93 -751.073 257.108 -1441.93 -751.073 -242.713 -1441.93 577.733 -242.713
element 9
  poly 0: -2388.49 -287.57 -8.93903e+10 -1441.93 -287.57 -187.178 -1441.93 -287.57 -76.1063 -1341.93 -287.57 -76.1063 -1341.93 -287.57 -20.5706 -1441.92 -287.57 -20.5706 -1441.92 -287.57 146.037 -1341.92 -287.57 146.037 -1341.92 -287.57 201.572 -1441.92 -287.57 201.572 -1441.92 -287.57 257.108 -1547.1 -287.57 301.157 -1757.45 -287.57 389.256 -1718.82 -287.57 481.492 -1823.99 -287.57 525.542 -1862.62 -287.57 433.305 -2178.14 -287.57 565.452 -2139.51 -287.57 657.689 -2244.68 -287.57 701.739 -2283.31 -287.57 609.502 -2388.49 -287.57 653.551 -2388.49 -287.57 153.729 -2388.49 -287.57 -8.93903e+10
  poly 1: -2388.49 -150.134 -8.93903e+10 -1441.93 -150.134 -187.178 -1441.93 -150.134 -76.1063 -1341.93 -150.134 -76.1063 -1341.93 -150.134 -20.5706 -1441.92 -150.134 -20.5706 -1441.92 -150.134 146.037 -1341.92 -150.134 146.037 -1341.92 -150.134 201.572 -1441.92 -150.134 201.572 -1441.92 -150.134 257.108 -1547.1 -150.134 301.157 -1757.45 -150.134 389.256 -1718.82 -150.134 481.492 -1823.99 -150.134 525.542 -1862.62 -150.134 433.305 -2178.14 -150.134 565.452 -2139.51 -150.134 657.689 -2244.68 -150.134 701.739 -2283.31 -150.134 609.502 -2388.49 -150.134 653.551 -2388.49 -150.134 153.729 -2388.49 -150.134 -8.93903e+10
element 10
  poly 0: -434.192 -150.134 -773.192 -2674.15 -150.134 -773.192 -2674.15 -150.134 164.954 -2568.98 -150.134 120.905 -2530.34 -150.134 213.142 -2425.17 -150.134 169.093 -2463.8 -150.134 76.856 -2148.28 -150.134 -55.2917 -2109.65 -150.134 36.9452 -2004.48 -150.134 -7.10397 -2043.11 -150.134 -99.3409 -1832.76 -150.134 -187.439 -1727.59 -150.134 -231.489 -434.192 -150.134 -773.192
  poly 1: -434.192 -287.57 -773.192 -2674.15 -287.57 -773.192 -2674.15 -287.57 164.954 -2568.98 -287.57 120.905 -2530.34 -287.57 213.142 -2425.17 -287.57 169.093 -2463.8 -287.57 76.856 -2148.28 -287.57 -55.2917 -2109.65 -287.57 36.9452 -2004.48 -287.57 -7.10397 -2043.11 -287.57 -99.3409 -1832.76 -287.57 -187.439 -1727.59 -287.57 -231.489 -434.192 -287.57 -773.192
element 11
  poly 0: -1627.59 577.733 -773.192 -1627.59 577.733 -273.371 -1627.59 269.45 -273.371 -1627.59 311.972 -164.954 -1627.59 3.68903 -164.954 -1627.59 46.2108 -273.371 -1627.59 -262.072 -273.371 -1627.59 -219.55 -164.954 -1627.59 -527.833 -164.954 -1627.59 -485.312 -273.371 -1627.59 -751.073 -273.371 -1627.59 -751.073 -773.192 -1627.59 577.733 -773.192
  poly 1: -1727.59 577.733 -773.192 -1727.59 577.733 -231.489 -1727.59 269.45 -231.489 -1727.59 311.972 -123.072 -1727.59 3.68903 -123.072 -1727.59 46.2108 -231.489 -1727.59 -262.072 -231.489 -1727.59 -219.55 -123.072 -1727.59 -527.833 -123.072 -1727.59 -485.312 -231.489 -1727.59 -751.073 -231.489 -1727.59 -751.073 -773.192 -1727.59 577.733 -773.192
element 12
  poly 0: -2568.98 -287.57 120.905 -2463.8 -287.57 76.856 -2463.8 -150.134 76.856 -2568.98 -150.134 120.905 -2568.98 -287.57 120.905
  poly 1: -2530.34 -287.57 213.142 -2425.17 -287.57 169.093 -2425.17 -150.134 169.093 -2530.34 -150.134 213.142 -2530.34 -287.57 213.142
  poly 2: -2148.28 -287.57 -55.2917 -2043.11 -287.57 -99.3409 -2043.11 -150.134 -99.3409 -2148.28 -150.134 -55.2917 -2148.28 -287.57 -55.2917
  poly 3: -2109.65 -287.57 36.9452 -2004.48 -287.57 -7.10397 -2004.48 -150.134 -7.10397 -2109.65 -150.134 36.9452 -2109.65 -287.57 36.9452
  poly 4: -2674.15 -751.073 164.954 -2674.15 577.733 164.954 -1627.59 577.733 -273.371 -1627.59 269.45 -273.371 -1727.59 269.45 -231.489 -1727.59 46.2108 -231.489 -1627.59 46.2108 -273.371 -1627.59 -262.072 -273.371 -1727.59 -262.072 -231.489 -1727.59 -485.312 -231.489 -1627.59 -485.312 -273.371 -1727.59 -751.073 -231.489 -2674.15 -751.073 164.954
  poly 5: -2674.15 -751.073 273.371 -2674.15 577.733 273.371 -1627.59 577.733 -164.954 -1627.59 311.972 -164.954 -1727.59 311.972 -123.072 -1727.59 3.68903 -123.072 -1627.59 3.68903 -164.954 -1627.59 -219.55 -164.954 -1727.59 -219.55 -123.072 -1727.59 -527.833 -123.072 -1627.59 -527.833 -164.954 -1627.59 -751.073 -164.954 -2674.15 -751.073 273.371
element 13
  poly 0: 1975.1 -63.3563 -428.424 352.495 -63.3563 100.678 384.699 -63.3563 199.436 279.584 -63.3563 233.712 247.381 -63.3563 134.954 -67.9639 -63.3563 237.782 -35.7606 -63.3563 336.54 -140.875 -63.3563 370.816 -173.079 -63.3563 272.058 -383.308 -63.3563 340.611 -488.423 -63.3563 374.887 -488.423 -63.3563 -428.424 457.61 -63.3563 -428.424 1975.1 -63.3563 -428.424
  poly 1: 1975.1 51.5354 -428.424 352.495 51.5354 100.678 384.699 51.5354 199.436 279.584 51.5354 233.712 247.381 51.5354 134.954 -67.9639 51.5354 237.782 -35.7606 51.5354 336.54 -140.875 51.5354 370.816 -173.079 51.5354 272.058 -383.308 51.5354 340.611 -488.423 51.5354 374.887 -488.423 51.5354 -428.424 457.61 51.5354 -428.424 1975.1 51.5354 -428.424
element 14
  poly 0: 352.495 51.5354 100.678 247.381 51.5354 134.954 247.381 -63.3563 134.954 352.495 -63.3563 100.678 352.495 51.5354 100.678
  poly 1: 384.699 51.5354 199.436 279.584 51.5354 233.712 279.584 -63.3563 233.712 384.699 -63.3563 199.436 384.699 51.5354 199.436
  poly 2: -67.9639 51.5354 237.782 -173.079 51.5354 272.058 -173.079 -63.3563 272.058 -67.9639 -63.3563 237.782 -67.9639 51.5354 237.782
  poly 3: -35.7606 51.5354 336.54 -140.875 51.5354 370.816 -140.875 -63.3563 370.816 -35.7606 -63.3563 336.54 -35.7606 51.5354 336.54
  poly 4: -488.423 -465.452 374.887 -488.423 338.739 374.887 457.61 338.739 66.4016 457.61 249.384 66.4016 561.486 249.384 32.5295 561.486 160.03 32.5295 457.61 160.03 66.4016 457.61 -108.034 66.4016 561.486 -108.034 32.5295 561.486 -197.388 32.5295 457.61 -197.388 66.4016 457.61 -376.097 66.4016 457.61 -465.452 66.4016 -488.423 -465.452 374.887
  poly 5: -488.423 -465.452 484.146 -488.423 338.739 484.146 457.61 338.739 175.661 457.61 249.384 175.661 561.486 249.384 141.788 561.486 160.03 141.788 457.61 160.03 175.661 457.61 -108.034 175.661 561.486 -108.034 141.788 561.486 -197.388 141.788 457.61 -197.388 175.661 457.61 -376.097 175.661 457.61 -465.452 175.661 -488.423 -465.452 484.146
element 15
  poly 0: 457.61 249.384 175.661 457.61 160.03 175.661 457.61 160.03 66.4016 457.61 249.384 66.4016 457.61 249.384 175.661
  poly 1: 561.486 249.384 141.788 561.486 160.03 141.788 561.486 160.03 32.5295 561.486 249.384 32.5295 561.486 249.384 141.788
  poly 2: 457.61 -108.034 175.661 457.61 -197.388 175.661 457.61 -197.388 66.4016 457.61 -108.034 66.4016 457.61 -108.034 175.661
  poly 3: 561.486 -108.034 141.788 561.486 -197.388 141.788 561.486 -197.388 32.5295 561.486 -108.034 32.5295 561.486 -108.034 141.788
  poly 4: 457.61 -465.452 675.563 457.61 338.739 675.563 457.61 338.739 -428.424 457.61 -465.452 -428.424 457.61 -465.452 675.563
  poly 5: 561.486 -465.452 642.667 561.486 338.739 642.667 561.486 338.739 -428.424 561.486 -465.452 -428.424 561.486 -465.452 642.667
