# wood joints after construct_joint_by_index
# count=24
joint 0 type=11 v0=1 v1=0 f0_0=3 f1_0=3 name=ss_e_op_5 orient=1 div=1 shift=0.64
  jv[0] pts=5 (-146.649,-300.959,25.5873) (-152.457,-304.447,25.9146) (-146.649,-307.935,26.242) (-140.841,-304.447,25.9146) (-146.649,-300.959,25.5873)
  jv[1] pts=5 (-146.649,-280.349,245.224) (-152.457,-283.837,245.551) (-146.649,-287.325,245.878) (-140.841,-283.837,245.551) (-146.649,-280.349,245.224)
  m[0][0] pts=10 (-146.649,-280.349,245.224) (-152.457,-283.837,245.551) (-152.457,-290.707,172.339) (-145.197,-286.347,171.93) (-140.841,-284.589,162.533) (-140.841,-289.742,107.624) (-145.197,-293.217,98.7176) (-152.457,-297.577,99.1267) (-152.457,-304.447,25.9146) (-146.649,-300.959,25.5873)
  m[0][1] pts=2 (-146.649,-280.349,245.224) (-146.649,-300.959,25.5873)
  f[0][0] pts=4 (-146.649,-287.325,245.878) (-158.265,-280.349,245.224) (-158.265,-300.959,25.5873) (-146.649,-307.935,26.242)
  f[0][1] pts=2 (-146.649,-287.325,245.878) (-146.649,-287.325,245.878)
  f[0][2] pts=5 (-152.457,-290.707,172.339) (-146.649,-294.195,172.666) (-146.649,-301.065,99.4541) (-152.457,-297.577,99.1267) (-152.457,-290.707,172.339)
  f[0][3] pts=5 (-152.457,-290.707,172.339) (-146.649,-294.195,172.666) (-146.649,-301.065,99.4541) (-152.457,-297.577,99.1267) (-152.457,-290.707,172.339)
  m[1][0] pts=10 (-146.649,-287.325,245.878) (-146.707,-287.36,245.882) (-146.649,-294.195,172.666) (-139.389,-289.835,172.257) (-135.033,-288.077,162.86) (-135.033,-293.23,107.951) (-139.389,-296.705,99.0449) (-146.649,-301.065,99.4541) (-146.707,-307.97,26.2452) (-146.649,-307.935,26.242)
  m[1][1] pts=2 (-146.649,-287.325,245.878) (-146.649,-307.935,26.242)
  f[1][0] pts=4 (-146.649,-280.349,245.224) (-152.457,-276.86,244.896) (-152.457,-297.47,25.26) (-146.649,-300.959,25.5873)
  f[1][1] pts=2 (-146.649,-280.349,245.224) (-146.649,-280.349,245.224)
  f[1][2] pts=5 (-146.649,-287.219,172.012) (-140.841,-290.707,172.339) (-140.841,-297.577,99.1267) (-146.649,-294.089,98.7994) (-146.649,-287.219,172.012)
  f[1][3] pts=5 (-146.649,-287.219,172.012) (-140.841,-290.707,172.339) (-140.841,-297.577,99.1267) (-146.649,-294.089,98.7994) (-146.649,-287.219,172.012)
joint 1 type=11 v0=2 v1=0 f0_0=5 f1_0=5 name=ss_e_op_5 orient=1 div=1 shift=0.64
  jv[0] pts=5 (-130.832,-296.376,251.551) (-126.508,-291.997,251.14) (-132.615,-288.329,250.796) (-136.94,-292.708,251.207) (-130.832,-296.376,251.551)
  jv[1] pts=5 (-14.0318,-387.87,30.6644) (-9.7076,-383.491,30.2534) (-15.8153,-379.823,29.9092) (-20.1395,-384.202,30.3202) (-14.0318,-387.87,30.6644)
  m[0][0] pts=10 (-14.0318,-387.87,30.6644) (-9.7076,-383.491,30.2534) (-48.6409,-352.993,103.882) (-54.0461,-358.467,104.396) (-62.1559,-357.94,113.908) (-91.3559,-335.066,169.129) (-92.9795,-327.969,178.025) (-87.5743,-322.495,177.511) (-126.508,-291.997,251.14) (-130.832,-296.376,251.551)
  m[0][1] pts=2 (-14.0318,-387.87,30.6644) (-130.832,-296.376,251.551)
  f[0][0] pts=4 (-15.8153,-379.823,29.9092) (-3.59986,-387.159,30.5977) (-120.4,-295.665,251.484) (-132.615,-288.329,250.796)
  f[0][1] pts=2 (-15.8153,-379.823,29.9092) (-15.8153,-379.823,29.9092)
  f[0][2] pts=5 (-48.6409,-352.993,103.882) (-54.7487,-349.325,103.538) (-93.682,-318.827,177.167) (-87.5743,-322.495,177.511) (-48.6409,-352.993,103.882)
  f[0][3] pts=5 (-48.6409,-352.993,103.882) (-54.7487,-349.325,103.538) (-93.682,-318.827,177.167) (-87.5743,-322.495,177.511) (-48.6409,-352.993,103.882)
  m[1][0] pts=10 (-15.8153,-379.823,29.9092) (-15.7721,-379.779,29.9051) (-54.7487,-349.325,103.538) (-60.1539,-354.799,104.052) (-68.2637,-354.271,113.564) (-97.4637,-331.398,168.785) (-99.0872,-324.301,177.681) (-93.682,-318.827,177.167) (-132.572,-288.285,250.792) (-132.615,-288.329,250.796)
  m[1][1] pts=2 (-15.8153,-379.823,29.9092) (-132.615,-288.329,250.796)
  f[1][0] pts=4 (-14.0318,-387.87,30.6644) (-7.92403,-391.539,31.0086) (-124.724,-300.044,251.895) (-130.832,-296.376,251.551)
  f[1][1] pts=2 (-14.0318,-387.87,30.6644) (-14.0318,-387.87,30.6644)
  f[1][2] pts=5 (-52.9651,-357.372,104.293) (-59.0728,-353.704,103.949) (-98.0062,-323.206,177.578) (-91.8984,-326.874,177.922) (-52.9651,-357.372,104.293)
  f[1][3] pts=5 (-52.9651,-357.372,104.293) (-59.0728,-353.704,103.949) (-98.0062,-323.206,177.578) (-91.8984,-326.874,177.922) (-52.9651,-357.372,104.293)
joint 2 type=11 v0=3 v1=1 f0_0=7 f1_0=7 name=ss_e_op_5 orient=1 div=1 shift=0.64
  jv[0] pts=5 (-278.795,-387.501,31.5554) (-284.603,-384.284,28.3384) (-279.738,-381.59,25.6437) (-273.93,-384.807,28.8608) (-278.795,-387.501,31.5554)
  jv[1] pts=5 (-161.103,-295.308,254.13) (-166.911,-292.091,250.913) (-162.046,-289.396,248.218) (-156.238,-292.613,251.435) (-161.103,-295.308,254.13)
  m[0][0] pts=10 (-161.103,-295.308,254.13) (-166.911,-292.091,250.913) (-206.141,-322.822,176.721) (-198.881,-326.843,180.743) (-199.429,-333.098,173.881) (-228.852,-356.146,118.238) (-238.112,-357.575,106.551) (-245.372,-353.553,102.53) (-284.603,-384.284,28.3384) (-278.795,-387.501,31.5554)
  m[0][1] pts=2 (-161.103,-295.308,254.13) (-278.795,-387.501,31.5554)
  f[0][0] pts=4 (-162.046,-289.396,248.218) (-171.775,-294.786,253.607) (-289.468,-386.979,31.033) (-279.738,-381.59,25.6437)
  f[0][1] pts=2 (-162.046,-289.396,248.218) (-162.046,-289.396,248.218)
  f[0][2] pts=5 (-206.141,-322.822,176.721) (-201.276,-320.127,174.026) (-240.507,-350.859,99.8351) (-245.372,-353.553,102.53) (-206.141,-322.822,176.721)
  f[0][3] pts=5 (-206.141,-322.822,176.721) (-201.276,-320.127,174.026) (-240.507,-350.859,99.8351) (-245.372,-353.553,102.53) (-206.141,-322.822,176.721)
  m[1][0] pts=10 (-162.046,-289.396,248.218) (-162.104,-289.364,248.186) (-201.276,-320.127,174.026) (-194.016,-324.149,178.048) (-194.564,-330.403,171.187) (-223.987,-353.451,115.543) (-233.247,-354.88,103.856) (-240.507,-350.859,99.8351) (-279.796,-381.557,25.6115) (-279.738,-381.59,25.6437)
  m[1][1] pts=2 (-162.046,-289.396,248.218) (-279.738,-381.59,25.6437)
  f[1][0] pts=4 (-161.103,-295.308,254.13) (-165.967,-298.003,256.824) (-283.66,-390.196,34.2501) (-278.795,-387.501,31.5554)
  f[1][1] pts=2 (-161.103,-295.308,254.13) (-161.103,-295.308,254.13)
  f[1][2] pts=5 (-200.333,-326.039,179.938) (-195.468,-323.345,177.244) (-234.699,-354.076,103.052) (-239.564,-356.77,105.747) (-200.333,-326.039,179.938)
  f[1][3] pts=5 (-200.333,-326.039,179.938) (-195.468,-323.345,177.244) (-234.699,-354.076,103.052) (-239.564,-356.77,105.747) (-200.333,-326.039,179.938)
joint 3 type=11 v0=13 v1=2 f0_0=3 f1_0=3 name=ss_e_op_5 orient=1 div=2 shift=0.64
  jv[0] pts=5 (-4.24549e-06,-22.9247,369.287) (4.86487,-25.6194,371.982) (-4.24549e-06,-28.3141,374.676) (-4.86488,-25.6194,371.982) (-4.24549e-06,-22.9247,369.287)
  jv[1] pts=5 (-4.2455e-06,-368.8,23.4114) (4.86487,-371.495,26.106) (-4.24549e-06,-374.19,28.8007) (-4.86488,-371.495,26.106) (-4.2455e-06,-368.8,23.4114)
  m[0][0] pts=10 (-4.2455e-06,-368.8,23.4114) (4.86487,-371.495,26.106) (4.86487,-256.203,141.398) (-1.21622,-252.835,138.03) (-4.86488,-236.402,150.42) (-4.86488,-149.933,236.889) (-1.21622,-137.543,253.321) (4.86487,-140.911,256.69) (4.86487,-25.6194,371.982) (-4.24549e-06,-22.9247,369.287)
  m[0][1] pts=2 (-4.2455e-06,-368.8,23.4114) (-4.24549e-06,-22.9247,369.287)
  f[0][0] pts=4 (-4.24549e-06,-374.19,28.8007) (9.72974,-368.8,23.4114) (9.72974,-22.9247,369.287) (-4.24549e-06,-28.3141,374.676)
  f[0][1] pts=2 (-4.24549e-06,-374.19,28.8007) (-4.24549e-06,-374.19,28.8007)
  f[0][2] pts=5 (4.86487,-256.203,141.398) (-4.24549e-06,-258.898,144.093) (-4.24549e-06,-143.606,259.384) (4.86487,-140.911,256.69) (4.86487,-256.203,141.398)
  f[0][3] pts=5 (4.86487,-256.203,141.398) (-4.24549e-06,-258.898,144.093) (-4.24549e-06,-143.606,259.384) (4.86487,-140.911,256.69) (4.86487,-256.203,141.398)
  m[1][0] pts=10 (-4.24549e-06,-374.19,28.8007) (0.0486445,-374.216,28.8277) (-4.24549e-06,-258.898,144.093) (-6.08109,-255.529,140.724) (-9.72975,-239.097,153.115) (-9.72975,-152.628,239.584) (-6.08109,-140.238,256.016) (-4.24549e-06,-143.606,259.384) (0.0486445,-28.341,374.703) (-4.24549e-06,-28.3141,374.676)
  m[1][1] pts=2 (-4.24549e-06,-374.19,28.8007) (-4.24549e-06,-28.3141,374.676)
  f[1][0] pts=4 (-4.2455e-06,-368.8,23.4114) (4.86487,-366.106,20.7167) (4.86487,-20.23,366.592) (-4.24549e-06,-22.9247,369.287)
  f[1][1] pts=2 (-4.2455e-06,-368.8,23.4114) (-4.2455e-06,-368.8,23.4114)
  f[1][2] pts=5 (-4.24549e-06,-253.508,138.703) (-4.86488,-256.203,141.398) (-4.86488,-140.911,256.69) (-4.24549e-06,-138.217,253.995) (-4.24549e-06,-253.508,138.703)
  f[1][3] pts=5 (-4.24549e-06,-253.508,138.703) (-4.86488,-256.203,141.398) (-4.86488,-140.911,256.69) (-4.24549e-06,-138.217,253.995) (-4.24549e-06,-253.508,138.703)
joint 4 type=11 v0=4 v1=2 f0_0=7 f1_0=7 name=ss_e_op_5 orient=1 div=1 shift=0.64
  jv[0] pts=5 (-130.889,-250.689,297.302) (-136.589,-250.689,292.838) (-132.559,-250.689,288.373) (-126.859,-250.689,292.838) (-130.889,-250.689,297.302)
  jv[1] pts=5 (-14.0898,-29.803,388.796) (-19.7894,-29.803,384.331) (-15.7592,-29.803,379.867) (-10.0596,-29.803,384.331) (-14.0898,-29.803,388.796)
  m[0][0] pts=10 (-14.0898,-29.803,388.796) (-19.7894,-29.803,384.331) (-58.7225,-103.432,353.834) (-51.5981,-103.432,359.414) (-52.1901,-112.635,358.951) (-81.3899,-167.856,336.077) (-90.5312,-177.06,328.916) (-97.6557,-177.06,323.336) (-136.589,-250.689,292.838) (-130.889,-250.689,297.302)
  m[0][1] pts=2 (-14.0898,-29.803,388.796) (-130.889,-250.689,297.302)
  f[0][0] pts=4 (-15.7592,-29.803,379.867) (-23.8196,-29.803,388.796) (-140.619,-250.689,297.302) (-132.559,-250.689,288.373)
  f[0][1] pts=2 (-15.7592,-29.803,379.867) (-15.7592,-29.803,379.867)
  f[0][2] pts=5 (-58.7225,-103.432,353.834) (-54.6923,-103.432,349.369) (-93.6255,-177.06,318.871) (-97.6557,-177.06,323.336) (-58.7225,-103.432,353.834)
  f[0][3] pts=5 (-58.7225,-103.432,353.834) (-54.6923,-103.432,349.369) (-93.6255,-177.06,318.871) (-97.6557,-177.06,323.336) (-58.7225,-103.432,353.834)
  m[1][0] pts=10 (-15.7592,-29.803,379.867) (-15.8162,-29.803,379.822) (-54.6923,-103.432,349.369) (-47.5679,-103.432,354.95) (-48.1599,-112.635,354.486) (-77.3597,-167.856,331.613) (-86.501,-177.06,324.452) (-93.6255,-177.06,318.871) (-132.616,-250.689,288.328) (-132.559,-250.689,288.373)
  m[1][1] pts=2 (-15.7592,-29.803,379.867) (-132.559,-250.689,288.373)
  f[1][0] pts=4 (-14.0898,-29.803,388.796) (-18.12,-29.803,393.261) (-134.919,-250.689,301.767) (-130.889,-250.689,297.302)
  f[1][1] pts=2 (-14.0898,-29.803,388.796) (-14.0898,-29.803,388.796)
  f[1][2] pts=5 (-53.023,-103.432,358.298) (-48.9928,-103.432,353.834) (-87.9259,-177.06,323.336) (-91.9561,-177.06,327.8) (-53.023,-103.432,358.298)
  f[1][3] pts=5 (-53.023,-103.432,358.298) (-48.9928,-103.432,353.834) (-87.9259,-177.06,323.336) (-91.9561,-177.06,327.8) (-53.023,-103.432,358.298)
joint 5 type=11 v0=5 v1=3 f0_0=5 f1_0=5 name=ss_e_op_5 orient=1 div=1 shift=0.64
  jv[0] pts=5 (-278.374,-31.3805,388.143) (-274.344,-28.2235,384.986) (-280.043,-25.0665,381.829) (-284.073,-28.2235,384.986) (-278.374,-31.3805,388.143)
  jv[1] pts=5 (-160.74,-253.845,295.995) (-156.709,-250.688,292.838) (-162.409,-247.531,289.681) (-166.439,-250.688,292.838) (-160.74,-253.845,295.995)
  m[0][0] pts=10 (-160.74,-253.845,295.995) (-156.709,-250.688,292.838) (-195.921,-176.533,323.554) (-200.959,-180.479,327.5) (-208.883,-173.578,333.707) (-238.291,-117.962,356.744) (-240.17,-106.325,358.216) (-235.132,-102.378,354.27) (-274.344,-28.2235,384.986) (-278.374,-31.3805,388.143)
  m[0][1] pts=2 (-160.74,-253.845,295.995) (-278.374,-31.3805,388.143)
  f[0][0] pts=4 (-162.409,-247.531,289.681) (-151.01,-253.845,295.995) (-268.644,-31.3805,388.143) (-280.043,-25.0665,381.829)
  f[0][1] pts=2 (-162.409,-247.531,289.681) (-162.409,-247.531,289.681)
  f[0][2] pts=5 (-195.921,-176.533,323.554) (-201.62,-173.376,320.397) (-240.832,-99.2213,351.113) (-235.132,-102.378,354.27) (-195.921,-176.533,323.554)
  f[0][3] pts=5 (-195.921,-176.533,323.554) (-201.62,-173.376,320.397) (-240.832,-99.2213,351.113) (-235.132,-102.378,354.27) (-195.921,-176.533,323.554)
  m[1][0] pts=10 (-162.409,-247.531,289.681) (-162.369,-247.499,289.649) (-201.62,-173.376,320.397) (-206.658,-177.322,324.343) (-214.582,-170.421,330.55) (-243.991,-114.805,353.587) (-245.87,-103.168,355.059) (-240.832,-99.2213,351.113) (-280.003,-25.0349,381.797) (-280.043,-25.0665,381.829)
  m[1][1] pts=2 (-162.409,-247.531,289.681) (-280.043,-25.0665,381.829)
  f[1][0] pts=4 (-160.74,-253.845,295.995) (-155.04,-257.002,299.152) (-272.674,-34.5375,391.3) (-278.374,-31.3805,388.143)
  f[1][1] pts=2 (-160.74,-253.845,295.995) (-160.74,-253.845,295.995)
  f[1][2] pts=5 (-199.951,-179.69,326.711) (-205.651,-176.533,323.554) (-244.862,-102.378,354.27) (-239.162,-105.535,357.427) (-199.951,-179.69,326.711)
  f[1][3] pts=5 (-199.951,-179.69,326.711) (-205.651,-176.533,323.554) (-244.862,-102.378,354.27) (-239.162,-105.535,357.427) (-199.951,-179.69,326.711)
joint 6 type=11 v0=6 v1=4 f0_0=5 f1_0=5 name=ss_e_op_5 orient=1 div=1 shift=0.64
  jv[0] pts=5 (-130.889,250.689,297.302) (-126.859,250.689,292.838) (-132.559,250.689,288.373) (-136.589,250.689,292.838) (-130.889,250.689,297.302)
  jv[1] pts=5 (-14.0898,29.803,388.796) (-10.0596,29.803,384.331) (-15.7592,29.803,379.867) (-19.7894,29.803,384.331) (-14.0898,29.803,388.796)
  m[0][0] pts=10 (-14.0898,29.803,388.796) (-10.0596,29.803,384.331) (-48.9928,103.432,353.834) (-54.0305,103.432,359.414) (-61.9198,112.635,358.951) (-91.1197,167.856,336.077) (-92.9637,177.06,328.916) (-87.9259,177.06,323.336) (-126.859,250.689,292.838) (-130.889,250.689,297.302)
  m[0][1] pts=2 (-14.0898,29.803,388.796) (-130.889,250.689,297.302)
  f[0][0] pts=4 (-15.7592,29.803,379.867) (-4.36006,29.803,388.796) (-121.16,250.689,297.302) (-132.559,250.689,288.373)
  f[0][1] pts=2 (-15.7592,29.803,379.867) (-15.7592,29.803,379.867)
  f[0][2] pts=5 (-48.9928,103.432,353.834) (-54.6923,103.432,349.369) (-93.6255,177.06,318.871) (-87.9259,177.06,323.336) (-48.9928,103.432,353.834)
  f[0][3] pts=5 (-48.9928,103.432,353.834) (-54.6923,103.432,349.369) (-93.6255,177.06,318.871) (-87.9259,177.06,323.336) (-48.9928,103.432,353.834)
  m[1][0] pts=10 (-15.7592,29.803,379.867) (-15.7189,29.803,379.822) (-54.6923,103.432,349.369) (-59.7301,103.432,354.95) (-67.6194,112.635,354.486) (-96.8192,167.856,331.613) (-98.6632,177.06,324.452) (-93.6255,177.06,318.871) (-132.518,250.689,288.328) (-132.559,250.689,288.373)
  m[1][1] pts=2 (-15.7592,29.803,379.867) (-132.559,250.689,288.373)
  f[1][0] pts=4 (-14.0898,29.803,388.796) (-8.39026,29.803,393.261) (-125.19,250.689,301.767) (-130.889,250.689,297.302)
  f[1][1] pts=2 (-14.0898,29.803,388.796) (-14.0898,29.803,388.796)
  f[1][2] pts=5 (-53.023,103.432,358.298) (-58.7225,103.432,353.834) (-97.6557,177.06,323.336) (-91.9561,177.06,327.8) (-53.023,103.432,358.298)
  f[1][3] pts=5 (-53.023,103.432,358.298) (-58.7225,103.432,353.834) (-97.6557,177.06,323.336) (-91.9561,177.06,327.8) (-53.023,103.432,358.298)
joint 7 type=11 v0=5 v1=4 f0_0=3 f1_0=3 name=ss_e_op_5 orient=1 div=2 shift=0.64
  jv[0] pts=5 (-146.649,-244.913,277.335) (-151.514,-244.913,281.146) (-146.649,-244.913,284.957) (-141.784,-244.913,281.146) (-146.649,-244.913,277.335)
  jv[1] pts=5 (-146.649,244.914,277.335) (-151.514,244.914,281.146) (-146.649,244.914,284.957) (-141.784,244.914,281.146) (-146.649,244.914,277.335)
  m[0][0] pts=10 (-146.649,244.914,277.335) (-151.514,244.914,281.146) (-151.514,81.6383,281.146) (-145.433,81.6383,276.383) (-141.784,61.2288,273.525) (-141.784,-61.2279,273.525) (-145.433,-81.6373,276.383) (-151.514,-81.6373,281.146) (-151.514,-244.913,281.146) (-146.649,-244.913,277.335)
  m[0][1] pts=2 (-146.649,244.914,277.335) (-146.649,-244.913,277.335)
  f[0][0] pts=4 (-146.649,244.914,284.957) (-156.379,244.914,277.335) (-156.379,-244.913,277.335) (-146.649,-244.913,284.957)
  f[0][1] pts=2 (-146.649,244.914,284.957) (-146.649,244.914,284.957)
  f[0][2] pts=5 (-151.514,81.6383,281.146) (-146.649,81.6383,284.957) (-146.649,-81.6373,284.957) (-151.514,-81.6373,281.146) (-151.514,81.6383,281.146)
  f[0][3] pts=5 (-151.514,81.6383,281.146) (-146.649,81.6383,284.957) (-146.649,-81.6373,284.957) (-151.514,-81.6373,281.146) (-151.514,81.6383,281.146)
  m[1][0] pts=10 (-146.649,244.914,284.957) (-146.698,244.914,284.995) (-146.649,81.6383,284.957) (-140.568,81.6383,280.194) (-136.919,61.2288,277.335) (-136.919,-61.2279,277.335) (-140.568,-81.6373,280.194) (-146.649,-81.6373,284.957) (-146.698,-244.913,284.995) (-146.649,-244.913,284.957)
  m[1][1] pts=2 (-146.649,244.914,284.957) (-146.649,-244.913,284.957)
  f[1][0] pts=4 (-146.649,244.914,277.335) (-151.514,244.914,273.525) (-151.514,-244.913,273.525) (-146.649,-244.913,277.335)
  f[1][1] pts=2 (-146.649,244.914,277.335) (-146.649,244.914,277.335)
  f[1][2] pts=5 (-146.649,81.6383,277.335) (-141.784,81.6383,281.146) (-141.784,-81.6373,281.146) (-146.649,-81.6373,277.335) (-146.649,81.6383,277.335)
  f[1][3] pts=5 (-146.649,81.6383,277.335) (-141.784,81.6383,281.146) (-141.784,-81.6373,281.146) (-146.649,-81.6373,277.335) (-146.649,81.6383,277.335)
joint 8 type=11 v0=7 v1=5 f0_0=7 f1_0=7 name=ss_e_op_5 orient=1 div=1 shift=0.64
  jv[0] pts=5 (-278.374,31.3805,388.143) (-284.073,28.2235,384.986) (-280.043,25.0665,381.829) (-274.344,28.2235,384.986) (-278.374,31.3805,388.143)
  jv[1] pts=5 (-160.74,253.845,295.995) (-166.439,250.688,292.838) (-162.409,247.531,289.681) (-156.709,250.688,292.838) (-160.74,253.845,295.995)
  m[0][0] pts=10 (-160.74,253.845,295.995) (-166.439,250.688,292.838) (-205.651,176.533,323.554) (-198.526,180.479,327.5) (-199.153,173.578,333.707) (-228.561,117.962,356.744) (-237.738,106.325,358.216) (-244.862,102.378,354.27) (-284.073,28.2235,384.986) (-278.374,31.3805,388.143)
  m[0][1] pts=2 (-160.74,253.845,295.995) (-278.374,31.3805,388.143)
  f[0][0] pts=4 (-162.409,247.531,289.681) (-170.469,253.845,295.995) (-288.104,31.3805,388.143) (-280.043,25.0665,381.829)
  f[0][1] pts=2 (-162.409,247.531,289.681) (-162.409,247.531,289.681)
  f[0][2] pts=5 (-205.651,176.533,323.554) (-201.62,173.376,320.397) (-240.832,99.2213,351.113) (-244.862,102.378,354.27) (-205.651,176.533,323.554)
  f[0][3] pts=5 (-205.651,176.533,323.554) (-201.62,173.376,320.397) (-240.832,99.2213,351.113) (-244.862,102.378,354.27) (-205.651,176.533,323.554)
  m[1][0] pts=10 (-162.409,247.531,289.681) (-162.466,247.499,289.649) (-201.62,173.376,320.397) (-194.496,177.322,324.343) (-195.123,170.421,330.55) (-224.531,114.805,353.587) (-233.707,103.168,355.059) (-240.832,99.2213,351.113) (-280.1,25.0349,381.797) (-280.043,25.0665,381.829)
  m[1][1] pts=2 (-162.409,247.531,289.681) (-280.043,25.0665,381.829)
  f[1][0] pts=4 (-160.74,253.845,295.995) (-164.77,257.002,299.152) (-282.404,34.5376,391.3) (-278.374,31.3805,388.143)
  f[1][1] pts=2 (-160.74,253.845,295.995) (-160.74,253.845,295.995)
  f[1][2] pts=5 (-199.951,179.69,326.711) (-195.921,176.533,323.554) (-235.132,102.378,354.27) (-239.162,105.535,357.427) (-199.951,179.69,326.711)
  f[1][3] pts=5 (-199.951,179.69,326.711) (-195.921,176.533,323.554) (-235.132,102.378,354.27) (-239.162,105.535,357.427) (-199.951,179.69,326.711)
joint 9 type=11 v0=8 v1=6 f0_0=7 f1_0=7 name=ss_e_op_5 orient=1 div=1 shift=0.64
  jv[0] pts=5 (-130.832,296.376,251.551) (-136.94,292.708,251.207) (-132.615,288.329,250.796) (-126.508,291.997,251.14) (-130.832,296.376,251.551)
  jv[1] pts=5 (-14.0318,387.87,30.6644) (-20.1395,384.202,30.3202) (-15.8153,379.823,29.9092) (-9.7076,383.491,30.2534) (-14.0318,387.87,30.6644)
  m[0][0] pts=10 (-14.0318,387.87,30.6644) (-20.1395,384.202,30.3202) (-59.0728,353.704,103.949) (-51.4382,358.289,104.379) (-51.724,357.228,113.841) (-80.924,334.355,169.063) (-90.3715,327.791,178.008) (-98.0062,323.206,177.578) (-136.94,292.708,251.207) (-130.832,296.376,251.551)
  m[0][1] pts=2 (-14.0318,387.87,30.6644) (-130.832,296.376,251.551)
  f[0][0] pts=4 (-15.8153,379.823,29.9092) (-24.4637,388.582,30.7311) (-141.264,297.087,251.618) (-132.615,288.329,250.796)
  f[0][1] pts=2 (-15.8153,379.823,29.9092) (-15.8153,379.823,29.9092)
  f[0][2] pts=5 (-59.0728,353.704,103.949) (-54.7487,349.325,103.538) (-93.682,318.827,177.167) (-98.0062,323.206,177.578) (-59.0728,353.704,103.949)
  f[0][3] pts=5 (-59.0728,353.704,103.949) (-54.7487,349.325,103.538) (-93.682,318.827,177.167) (-98.0062,323.206,177.578) (-59.0728,353.704,103.949)
  m[1][0] pts=10 (-15.8153,379.823,29.9092) (-15.8764,379.786,29.9058) (-54.7487,349.325,103.538) (-47.114,353.91,103.968) (-47.3999,352.849,113.43) (-76.5998,329.975,168.652) (-86.0473,323.412,177.597) (-93.682,318.827,177.167) (-132.676,288.292,250.792) (-132.615,288.329,250.796)
  m[1][1] pts=2 (-15.8153,379.823,29.9092) (-132.615,288.329,250.796)
  f[1][0] pts=4 (-14.0318,387.87,30.6644) (-18.3559,392.25,31.0753) (-135.156,300.756,251.962) (-130.832,296.376,251.551)
  f[1][1] pts=2 (-14.0318,387.87,30.6644) (-14.0318,387.87,30.6644)
  f[1][2] pts=5 (-52.9651,357.372,104.293) (-48.6409,352.993,103.882) (-87.5743,322.495,177.511) (-91.8984,326.874,177.922) (-52.9651,357.372,104.293)
  f[1][3] pts=5 (-52.9651,357.372,104.293) (-48.6409,352.993,103.882) (-87.5743,322.495,177.511) (-91.8984,326.874,177.922) (-52.9651,357.372,104.293)
joint 10 type=11 v0=17 v1=6 f0_0=3 f1_0=3 name=ss_e_op_5 orient=1 div=2 shift=0.64
  jv[0] pts=5 (-4.24549e-06,368.801,23.4105) (4.86487,371.496,26.1051) (-4.24549e-06,374.19,28.7998) (-4.86488,371.496,26.1051) (-4.24549e-06,368.801,23.4105)
  jv[1] pts=5 (-4.24549e-06,22.9243,369.287) (4.86487,25.619,371.982) (-4.24549e-06,28.3137,374.677) (-4.86488,25.619,371.982) (-4.24549e-06,22.9243,369.287)
  m[0][0] pts=10 (-4.24549e-06,22.9243,369.287) (4.86487,25.619,371.982) (4.86487,140.911,256.69) (-1.21622,137.543,253.321) (-4.86488,149.933,236.889) (-4.86488,236.403,150.42) (-1.21622,252.835,138.029) (4.86487,256.204,141.397) (4.86487,371.496,26.1051) (-4.24549e-06,368.801,23.4105)
  m[0][1] pts=2 (-4.24549e-06,22.9243,369.287) (-4.24549e-06,368.801,23.4105)
  f[0][0] pts=4 (-4.24549e-06,28.3137,374.677) (9.72974,22.9243,369.287) (9.72974,368.801,23.4105) (-4.24549e-06,374.19,28.7998)
  f[0][1] pts=2 (-4.24549e-06,28.3137,374.677) (-4.24549e-06,28.3137,374.677)
  f[0][2] pts=5 (4.86487,140.911,256.69) (-4.24549e-06,143.606,259.384) (-4.24549e-06,258.898,144.092) (4.86487,256.204,141.397) (4.86487,140.911,256.69)
  f[0][3] pts=5 (4.86487,140.911,256.69) (-4.24549e-06,143.606,259.384) (-4.24549e-06,258.898,144.092) (4.86487,256.204,141.397) (4.86487,140.911,256.69)
  m[1][0] pts=10 (-4.24549e-06,28.3137,374.677) (0.0486445,28.3407,374.704) (-4.24549e-06,143.606,259.384) (-6.08109,140.238,256.016) (-9.72975,152.628,239.583) (-9.72975,239.097,153.114) (-6.08109,255.53,140.724) (-4.24549e-06,258.898,144.092) (0.0486445,374.217,28.8268) (-4.24549e-06,374.19,28.7998)
  m[1][1] pts=2 (-4.24549e-06,28.3137,374.677) (-4.24549e-06,374.19,28.7998)
  f[1][0] pts=4 (-4.24549e-06,22.9243,369.287) (4.86487,20.2297,366.593) (4.86487,366.106,20.7158) (-4.24549e-06,368.801,23.4105)
  f[1][1] pts=2 (-4.24549e-06,22.9243,369.287) (-4.24549e-06,22.9243,369.287)
  f[1][2] pts=5 (-4.24549e-06,138.217,253.995) (-4.86488,140.911,256.69) (-4.86488,256.204,141.397) (-4.24549e-06,253.509,138.703) (-4.24549e-06,138.217,253.995)
  f[1][3] pts=5 (-4.24549e-06,138.217,253.995) (-4.86488,140.911,256.69) (-4.86488,256.204,141.397) (-4.24549e-06,253.509,138.703) (-4.24549e-06,138.217,253.995)
joint 11 type=11 v0=9 v1=7 f0_0=5 f1_0=5 name=ss_e_op_5 orient=1 div=1 shift=0.64
  jv[0] pts=5 (-278.795,387.501,31.5554) (-273.93,384.807,28.8607) (-279.738,381.59,25.6437) (-284.603,384.284,28.3383) (-278.795,387.501,31.5554)
  jv[1] pts=5 (-161.103,295.308,254.13) (-156.238,292.613,251.435) (-162.046,289.396,248.218) (-166.911,292.091,250.913) (-161.103,295.308,254.13)
  m[0][0] pts=10 (-161.103,295.308,254.13) (-156.238,292.613,251.435) (-195.468,323.345,177.244) (-201.55,326.713,180.612) (-210.102,332.575,173.359) (-239.525,355.624,117.715) (-240.78,357.444,106.421) (-234.699,354.076,103.052) (-273.93,384.807,28.8607) (-278.795,387.501,31.5554)
  m[0][1] pts=2 (-161.103,295.308,254.13) (-278.795,387.501,31.5554)
  f[0][0] pts=4 (-162.046,289.396,248.218) (-150.43,295.83,254.652) (-268.122,388.024,32.0778) (-279.738,381.59,25.6437)
  f[0][1] pts=2 (-162.046,289.396,248.218) (-162.046,289.396,248.218)
  f[0][2] pts=5 (-195.468,323.345,177.244) (-201.276,320.127,174.026) (-240.507,350.859,99.8351) (-234.699,354.076,103.052) (-195.468,323.345,177.244)
  f[0][3] pts=5 (-195.468,323.345,177.244) (-201.276,320.127,174.026) (-240.507,350.859,99.8351) (-234.699,354.076,103.052) (-195.468,323.345,177.244)
  m[1][0] pts=10 (-162.046,289.396,248.218) (-161.997,289.369,248.191) (-201.276,320.127,174.026) (-207.358,323.496,177.395) (-215.91,329.358,170.142) (-245.333,352.406,114.498) (-246.588,354.227,103.203) (-240.507,350.859,99.8351) (-279.689,381.563,25.6167) (-279.738,381.59,25.6437)
  m[1][1] pts=2 (-162.046,289.396,248.218) (-279.738,381.59,25.6437)
  f[1][0] pts=4 (-161.103,295.308,254.13) (-155.295,298.525,257.347) (-272.987,390.718,34.7725) (-278.795,387.501,31.5554)
  f[1][1] pts=2 (-161.103,295.308,254.13) (-161.103,295.308,254.13)
  f[1][2] pts=5 (-200.333,326.039,179.938) (-206.141,322.822,176.721) (-245.372,353.553,102.53) (-239.564,356.77,105.747) (-200.333,326.039,179.938)
  f[1][3] pts=5 (-200.333,326.039,179.938) (-206.141,322.822,176.721) (-245.372,353.553,102.53) (-239.564,356.77,105.747) (-200.333,326.039,179.938)
joint 12 type=11 v0=9 v1=8 f0_0=3 f1_0=3 name=ss_e_op_5 orient=1 div=1 shift=0.64
  jv[0] pts=5 (-146.649,280.349,245.22) (-152.457,283.837,245.547) (-146.649,287.326,245.875) (-140.841,283.837,245.547) (-146.649,280.349,245.22)
  jv[1] pts=5 (-146.649,300.959,25.5831) (-152.457,304.447,25.9104) (-146.649,307.935,26.2378) (-140.841,304.447,25.9104) (-146.649,300.959,25.5831)
  m[0][0] pts=10 (-146.649,300.959,25.5831) (-152.457,304.447,25.9104) (-152.457,297.577,99.1227) (-145.197,293.217,98.7136) (-140.841,289.742,107.62) (-140.841,284.59,162.529) (-145.197,286.347,171.926) (-152.457,290.707,172.335) (-152.457,283.837,245.547) (-146.649,280.349,245.22)
  m[0][1] pts=2 (-146.649,300.959,25.5831) (-146.649,280.349,245.22)
  f[0][0] pts=4 (-146.649,307.935,26.2378) (-158.265,300.959,25.5831) (-158.265,280.349,245.22) (-146.649,287.326,245.875)
  f[0][1] pts=2 (-146.649,307.935,26.2378) (-146.649,307.935,26.2378)
  f[0][2] pts=5 (-152.457,297.577,99.1227) (-146.649,301.065,99.4501) (-146.649,294.196,172.662) (-152.457,290.707,172.335) (-152.457,297.577,99.1227)
  f[0][3] pts=5 (-152.457,297.577,99.1227) (-146.649,301.065,99.4501) (-146.649,294.196,172.662) (-152.457,290.707,172.335) (-152.457,297.577,99.1227)
  m[1][0] pts=10 (-146.649,307.935,26.2378) (-146.707,307.97,26.241) (-146.649,301.065,99.4501) (-139.389,296.705,99.0409) (-135.033,293.23,107.947) (-135.033,288.078,162.856) (-139.389,289.835,172.253) (-146.649,294.196,172.662) (-146.707,287.36,245.878) (-146.649,287.326,245.875)
  m[1][1] pts=2 (-146.649,307.935,26.2378) (-146.649,287.326,245.875)
  f[1][0] pts=4 (-146.649,300.959,25.5831) (-152.457,297.471,25.2558) (-152.457,276.861,244.893) (-146.649,280.349,245.22)
  f[1][1] pts=2 (-146.649,300.959,25.5831) (-146.649,300.959,25.5831)
  f[1][2] pts=5 (-146.649,294.089,98.7954) (-140.841,297.577,99.1227) (-140.841,290.707,172.335) (-146.649,287.219,172.008) (-146.649,294.089,98.7954)
  f[1][3] pts=5 (-146.649,294.089,98.7954) (-140.841,297.577,99.1227) (-140.841,290.707,172.335) (-146.649,287.219,172.008) (-146.649,294.089,98.7954)
joint 13 type=11 v0=11 v1=10 f0_0=3 f1_0=3 name=ss_e_op_5 orient=1 div=1 shift=0.64
  jv[0] pts=5 (146.649,-300.959,25.5873) (140.841,-304.447,25.9146) (146.649,-307.935,26.242) (152.457,-304.447,25.9146) (146.649,-300.959,25.5873)
  jv[1] pts=5 (146.649,-280.349,245.224) (140.841,-283.837,245.551) (146.649,-287.325,245.878) (152.457,-283.837,245.551) (146.649,-280.349,245.224)
  m[0][0] pts=10 (146.649,-280.349,245.224) (140.841,-283.837,245.551) (140.841,-290.707,172.339) (148.101,-286.347,171.93) (152.457,-284.589,162.533) (152.457,-289.742,107.624) (148.101,-293.217,98.7176) (140.841,-297.577,99.1267) (140.841,-304.447,25.9146) (146.649,-300.959,25.5873)
  m[0][1] pts=2 (146.649,-280.349,245.224) (146.649,-300.959,25.5873)
  f[0][0] pts=4 (146.649,-287.325,245.878) (135.033,-280.349,245.224) (135.033,-300.959,25.5873) (146.649,-307.935,26.242)
  f[0][1] pts=2 (146.649,-287.325,245.878) (146.649,-287.325,245.878)
  f[0][2] pts=5 (140.841,-290.707,172.339) (146.649,-294.195,172.666) (146.649,-301.065,99.4541) (140.841,-297.577,99.1267) (140.841,-290.707,172.339)
  f[0][3] pts=5 (140.841,-290.707,172.339) (146.649,-294.195,172.666) (146.649,-301.065,99.4541) (140.841,-297.577,99.1267) (140.841,-290.707,172.339)
  m[1][0] pts=10 (146.649,-287.325,245.878) (146.591,-287.36,245.882) (146.649,-294.195,172.666) (153.909,-289.835,172.257) (158.265,-288.077,162.86) (158.265,-293.23,107.951) (153.909,-296.705,99.0449) (146.649,-301.065,99.4541) (146.591,-307.97,26.2452) (146.649,-307.935,26.242)
  m[1][1] pts=2 (146.649,-287.325,245.878) (146.649,-307.935,26.242)
  f[1][0] pts=4 (146.649,-280.349,245.224) (140.841,-276.86,244.896) (140.841,-297.47,25.26) (146.649,-300.959,25.5873)
  f[1][1] pts=2 (146.649,-280.349,245.224) (146.649,-280.349,245.224)
  f[1][2] pts=5 (146.649,-287.219,172.012) (152.457,-290.707,172.339) (152.457,-297.577,99.1267) (146.649,-294.089,98.7994) (146.649,-287.219,172.012)
  f[1][3] pts=5 (146.649,-287.219,172.012) (152.457,-290.707,172.339) (152.457,-297.577,99.1267) (146.649,-294.089,98.7994) (146.649,-287.219,172.012)
joint 14 type=11 v0=12 v1=10 f0_0=5 f1_0=5 name=ss_e_op_5 orient=1 div=1 shift=0.64
  jv[0] pts=5 (162.466,-296.376,251.551) (166.79,-291.997,251.14) (160.682,-288.329,250.796) (156.358,-292.708,251.207) (162.466,-296.376,251.551)
  jv[1] pts=5 (280.158,-388.569,28.9783) (284.482,-384.189,28.5674) (278.374,-380.521,28.2232) (274.05,-384.901,28.6341) (280.158,-388.569,28.9783)
  m[0][0] pts=10 (280.158,-388.569,28.9783) (284.482,-384.189,28.5674) (245.251,-353.459,102.758) (239.846,-358.933,103.272) (231.699,-358.376,112.854) (202.276,-335.328,168.497) (200.616,-328.202,177.463) (206.021,-322.728,176.949) (166.79,-291.997,251.14) (162.466,-296.376,251.551)
  m[0][1] pts=2 (280.158,-388.569,28.9783) (162.466,-296.376,251.551)
  f[0][0] pts=4 (278.374,-380.521,28.2232) (290.589,-387.858,28.9116) (172.898,-295.665,251.484) (160.682,-288.329,250.796)
  f[0][1] pts=2 (278.374,-380.521,28.2232) (278.374,-380.521,28.2232)
  f[0][2] pts=5 (245.251,-353.459,102.758) (239.143,-349.79,102.414) (199.913,-319.059,176.605) (206.021,-322.728,176.949) (245.251,-353.459,102.758)
  f[0][3] pts=5 (245.251,-353.459,102.758) (239.143,-349.79,102.414) (199.913,-319.059,176.605) (206.021,-322.728,176.949) (245.251,-353.459,102.758)
  m[1][0] pts=10 (278.374,-380.521,28.2232) (278.417,-380.477,28.219) (239.143,-349.79,102.414) (233.738,-355.265,102.928) (225.591,-354.708,112.51) (196.168,-331.66,168.153) (194.508,-324.534,177.119) (199.913,-319.059,176.605) (160.726,-288.285,250.792) (160.682,-288.329,250.796)
  m[1][1] pts=2 (278.374,-380.521,28.2232) (160.682,-288.329,250.796)
  f[1][0] pts=4 (280.158,-388.569,28.9783) (286.265,-392.237,29.3225) (168.574,-300.044,251.895) (162.466,-296.376,251.551)
  f[1][1] pts=2 (280.158,-388.569,28.9783) (280.158,-388.569,28.9783)
  f[1][2] pts=5 (240.927,-357.838,103.169) (234.819,-354.17,102.825) (195.589,-323.439,177.016) (201.697,-327.107,177.36) (240.927,-357.838,103.169)
  f[1][3] pts=5 (240.927,-357.838,103.169) (234.819,-354.17,102.825) (195.589,-323.439,177.016) (201.697,-327.107,177.36) (240.927,-357.838,103.169)
joint 15 type=11 v0=13 v1=11 f0_0=7 f1_0=7 name=ss_e_op_5 orient=1 div=1 shift=0.64
  jv[0] pts=5 (15.3953,-386.802,33.2431) (9.58733,-383.585,30.026) (14.4522,-380.891,27.3313) (20.2602,-384.108,30.5484) (15.3953,-386.802,33.2431)
  jv[1] pts=5 (132.195,-295.308,254.13) (126.387,-292.091,250.913) (131.252,-289.396,248.218) (137.06,-292.613,251.435) (132.195,-295.308,254.13)
  m[0][0] pts=10 (132.195,-295.308,254.13) (126.387,-292.091,250.913) (87.454,-322.589,177.284) (94.714,-326.61,181.305) (94.2033,-332.836,174.514) (65.0033,-355.709,119.293) (55.7806,-357.109,107.676) (48.5207,-353.087,103.655) (9.58733,-383.585,30.026) (15.3953,-386.802,33.2431)
  m[0][1] pts=2 (132.195,-295.308,254.13) (15.3953,-386.802,33.2431)
  f[0][0] pts=4 (131.252,-289.396,248.218) (121.522,-294.786,253.607) (4.72246,-386.28,32.7207) (14.4522,-380.891,27.3313)
  f[0][1] pts=2 (131.252,-289.396,248.218) (131.252,-289.396,248.218)
  f[0][2] pts=5 (87.454,-322.589,177.284) (92.3189,-319.894,174.589) (53.3855,-350.392,100.96) (48.5207,-353.087,103.655) (87.454,-322.589,177.284)
  f[0][3] pts=5 (87.454,-322.589,177.284) (92.3189,-319.894,174.589) (53.3855,-350.392,100.96) (48.5207,-353.087,103.655) (87.454,-322.589,177.284)
  m[1][0] pts=10 (131.252,-289.396,248.218) (131.194,-289.364,248.186) (92.3189,-319.894,174.589) (99.5788,-323.916,178.61) (99.0682,-330.141,171.82) (69.8682,-353.014,116.598) (60.6455,-354.414,104.982) (53.3855,-350.392,100.96) (14.3941,-380.858,27.2991) (14.4522,-380.891,27.3313)
  m[1][1] pts=2 (131.252,-289.396,248.218) (14.4522,-380.891,27.3313)
  f[1][0] pts=4 (132.195,-295.308,254.13) (127.33,-298.003,256.824) (10.5305,-389.497,35.9378) (15.3953,-386.802,33.2431)
  f[1][1] pts=2 (132.195,-295.308,254.13) (132.195,-295.308,254.13)
  f[1][2] pts=5 (93.262,-325.806,180.501) (98.1269,-323.111,177.806) (59.1935,-353.61,104.177) (54.3287,-356.304,106.872) (93.262,-325.806,180.501)
  f[1][3] pts=5 (93.262,-325.806,180.501) (98.1269,-323.111,177.806) (59.1935,-353.61,104.177) (54.3287,-356.304,106.872) (93.262,-325.806,180.501)
joint 16 type=11 v0=14 v1=12 f0_0=7 f1_0=7 name=ss_e_op_5 orient=1 div=1 shift=0.64
  jv[0] pts=5 (162.409,-250.689,297.302) (156.709,-250.689,292.838) (160.739,-250.689,288.373) (166.439,-250.689,292.838) (162.409,-250.689,297.302)
  jv[1] pts=5 (280.043,-28.2244,389.45) (274.343,-28.2244,384.985) (278.373,-28.2244,380.521) (284.073,-28.2244,384.985) (280.043,-28.2244,389.45)
  m[0][0] pts=10 (280.043,-28.2244,389.45) (274.343,-28.2244,384.985) (235.132,-102.379,354.269) (242.256,-102.379,359.85) (241.629,-111.648,359.359) (212.221,-167.265,336.322) (203.045,-176.534,329.134) (195.92,-176.534,323.554) (156.709,-250.689,292.838) (162.409,-250.689,297.302)
  m[0][1] pts=2 (280.043,-28.2244,389.45) (162.409,-250.689,297.302)
  f[0][0] pts=4 (278.373,-28.2244,380.521) (270.313,-28.2244,389.45) (152.679,-250.689,297.302) (160.739,-250.689,288.373)
  f[0][1] pts=2 (278.373,-28.2244,380.521) (278.373,-28.2244,380.521)
  f[0][2] pts=5 (235.132,-102.379,354.269) (239.162,-102.379,349.805) (199.951,-176.534,319.089) (195.92,-176.534,323.554) (235.132,-102.379,354.269)
  f[0][3] pts=5 (235.132,-102.379,354.269) (239.162,-102.379,349.805) (199.951,-176.534,319.089) (195.92,-176.534,323.554) (235.132,-102.379,354.269)
  m[1][0] pts=10 (278.373,-28.2244,380.521) (278.316,-28.2244,380.476) (239.162,-102.379,349.805) (246.286,-102.379,355.386) (245.66,-111.648,354.895) (216.251,-167.265,331.858) (207.075,-176.534,324.67) (199.951,-176.534,319.089) (160.682,-250.689,288.328) (160.739,-250.689,288.373)
  m[1][1] pts=2 (278.373,-28.2244,380.521) (160.739,-250.689,288.373)
  f[1][0] pts=4 (280.043,-28.2244,389.45) (276.012,-28.2244,393.915) (158.378,-250.689,301.767) (162.409,-250.689,297.302)
  f[1][1] pts=2 (280.043,-28.2244,389.45) (280.043,-28.2244,389.45)
  f[1][2] pts=5 (240.831,-102.379,358.734) (244.861,-102.379,354.269) (205.65,-176.534,323.554) (201.62,-176.534,328.018) (240.831,-102.379,358.734)
  f[1][3] pts=5 (240.831,-102.379,358.734) (244.861,-102.379,354.269) (205.65,-176.534,323.554) (201.62,-176.534,328.018) (240.831,-102.379,358.734)
joint 17 type=11 v0=15 v1=13 f0_0=5 f1_0=5 name=ss_e_op_5 orient=1 div=1 shift=0.64
  jv[0] pts=5 (15.7572,-32.9562,387.49) (19.7874,-29.7992,384.333) (14.0878,-26.6422,381.176) (10.0576,-29.7992,384.333) (15.7572,-32.9562,387.49)
  jv[1] pts=5 (132.558,-253.845,295.995) (136.588,-250.688,292.838) (130.889,-247.531,289.681) (126.859,-250.688,292.838) (132.558,-253.845,295.995)
  m[0][0] pts=10 (132.558,-253.845,295.995) (136.588,-250.688,292.838) (97.6547,-177.058,323.336) (92.617,-181.005,327.283) (84.7276,-174.169,333.463) (55.5274,-118.946,356.336) (53.6833,-107.375,357.781) (58.721,-103.429,353.835) (19.7874,-29.7992,384.333) (15.7572,-32.9562,387.49)
  m[0][1] pts=2 (132.558,-253.845,295.995) (15.7572,-32.9562,387.49)
  f[0][0] pts=4 (130.889,-247.531,289.681) (142.288,-253.845,295.995) (25.4869,-32.9562,387.49) (14.0878,-26.6422,381.176)
  f[0][1] pts=2 (130.889,-247.531,289.681) (130.889,-247.531,289.681)
  f[0][2] pts=5 (97.6547,-177.058,323.336) (91.9552,-173.901,320.179) (53.0215,-100.272,350.678) (58.721,-103.429,353.835) (97.6547,-177.058,323.336)
  f[0][3] pts=5 (97.6547,-177.058,323.336) (91.9552,-173.901,320.179) (53.0215,-100.272,350.678) (58.721,-103.429,353.835) (97.6547,-177.058,323.336)
  m[1][0] pts=10 (130.889,-247.531,289.681) (130.929,-247.499,289.649) (91.9552,-173.901,320.179) (86.9174,-177.848,324.126) (79.0281,-171.012,330.306) (49.8278,-115.789,353.179) (47.9838,-104.218,354.624) (53.0215,-100.272,350.678) (14.1281,-26.6106,381.144) (14.0878,-26.6422,381.176)
  m[1][1] pts=2 (130.889,-247.531,289.681) (14.0878,-26.6422,381.176)
  f[1][0] pts=4 (132.558,-253.845,295.995) (138.258,-257.002,299.152) (21.4567,-36.1132,390.647) (15.7572,-32.9562,387.49)
  f[1][1] pts=2 (132.558,-253.845,295.995) (132.558,-253.845,295.995)
  f[1][2] pts=5 (93.6245,-180.215,326.493) (87.925,-177.058,323.336) (48.9913,-103.429,353.835) (54.6909,-106.586,356.992) (93.6245,-180.215,326.493)
  f[1][3] pts=5 (93.6245,-180.215,326.493) (87.925,-177.058,323.336) (48.9913,-103.429,353.835) (54.6909,-106.586,356.992) (93.6245,-180.215,326.493)
joint 18 type=11 v0=16 v1=14 f0_0=5 f1_0=5 name=ss_e_op_5 orient=1 div=1 shift=0.64
  jv[0] pts=5 (162.409,250.689,297.302) (166.439,250.689,292.838) (160.739,250.689,288.373) (156.709,250.689,292.838) (162.409,250.689,297.302)
  jv[1] pts=5 (280.043,28.2245,389.45) (284.073,28.2245,384.985) (278.373,28.2245,380.521) (274.343,28.2245,384.985) (280.043,28.2245,389.45)
  m[0][0] pts=10 (280.043,28.2245,389.45) (284.073,28.2245,384.985) (244.861,102.379,354.269) (239.824,102.379,359.85) (231.9,111.649,359.359) (202.491,167.265,336.322) (200.612,176.534,329.134) (205.65,176.534,323.554) (166.439,250.689,292.838) (162.409,250.689,297.302)
  m[0][1] pts=2 (280.043,28.2245,389.45) (162.409,250.689,297.302)
  f[0][0] pts=4 (278.373,28.2245,380.521) (289.772,28.2245,389.45) (172.138,250.689,297.302) (160.739,250.689,288.373)
  f[0][1] pts=2 (278.373,28.2245,380.521) (278.373,28.2245,380.521)
  f[0][2] pts=5 (244.861,102.379,354.269) (239.162,102.379,349.805) (199.951,176.534,319.089) (205.65,176.534,323.554) (244.861,102.379,354.269)
  f[0][3] pts=5 (244.861,102.379,354.269) (239.162,102.379,349.805) (199.951,176.534,319.089) (205.65,176.534,323.554) (244.861,102.379,354.269)
  m[1][0] pts=10 (278.373,28.2245,380.521) (278.414,28.2245,380.476) (239.162,102.379,349.805) (234.124,102.379,355.386) (226.2,111.649,354.895) (196.792,167.265,331.858) (194.913,176.534,324.67) (199.951,176.534,319.089) (160.779,250.689,288.328) (160.739,250.689,288.373)
  m[1][1] pts=2 (278.373,28.2245,380.521) (160.739,250.689,288.373)
  f[1][0] pts=4 (280.043,28.2245,389.45) (285.742,28.2245,393.915) (168.108,250.689,301.767) (162.409,250.689,297.302)
  f[1][1] pts=2 (280.043,28.2245,389.45) (280.043,28.2245,389.45)
  f[1][2] pts=5 (240.831,102.379,358.734) (235.132,102.379,354.269) (195.92,176.534,323.554) (201.62,176.534,328.018) (240.831,102.379,358.734)
  f[1][3] pts=5 (240.831,102.379,358.734) (235.132,102.379,354.269) (195.92,176.534,323.554) (201.62,176.534,328.018) (240.831,102.379,358.734)
joint 19 type=11 v0=15 v1=14 f0_0=3 f1_0=3 name=ss_e_op_5 orient=1 div=2 shift=0.64
  jv[0] pts=5 (146.649,-244.913,277.335) (141.784,-244.913,281.146) (146.649,-244.913,284.957) (151.514,-244.913,281.146) (146.649,-244.913,277.335)
  jv[1] pts=5 (146.649,244.914,277.335) (141.784,244.914,281.146) (146.649,244.914,284.957) (151.514,244.914,281.146) (146.649,244.914,277.335)
  m[0][0] pts=10 (146.649,244.914,277.335) (141.784,244.914,281.146) (141.784,81.6383,281.146) (147.865,81.6383,276.383) (151.514,61.2288,273.525) (151.514,-61.2279,273.525) (147.865,-81.6373,276.383) (141.784,-81.6373,281.146) (141.784,-244.913,281.146) (146.649,-244.913,277.335)
  m[0][1] pts=2 (146.649,244.914,277.335) (146.649,-244.913,277.335)
  f[0][0] pts=4 (146.649,244.914,284.957) (136.919,244.914,277.335) (136.919,-244.913,277.335) (146.649,-244.913,284.957)
  f[0][1] pts=2 (146.649,244.914,284.957) (146.649,244.914,284.957)
  f[0][2] pts=5 (141.784,81.6383,281.146) (146.649,81.6383,284.957) (146.649,-81.6373,284.957) (141.784,-81.6373,281.146) (141.784,81.6383,281.146)
  f[0][3] pts=5 (141.784,81.6383,281.146) (146.649,81.6383,284.957) (146.649,-81.6373,284.957) (141.784,-81.6373,281.146) (141.784,81.6383,281.146)
  m[1][0] pts=10 (146.649,244.914,284.957) (146.6,244.914,284.995) (146.649,81.6383,284.957) (152.73,81.6383,280.194) (156.379,61.2288,277.335) (156.379,-61.2279,277.335) (152.73,-81.6373,280.194) (146.649,-81.6373,284.957) (146.6,-244.913,284.995) (146.649,-244.913,284.957)
  m[1][1] pts=2 (146.649,244.914,284.957) (146.649,-244.913,284.957)
  f[1][0] pts=4 (146.649,244.914,277.335) (141.784,244.914,273.525) (141.784,-244.913,273.525) (146.649,-244.913,277.335)
  f[1][1] pts=2 (146.649,244.914,277.335) (146.649,244.914,277.335)
  f[1][2] pts=5 (146.649,81.6383,277.335) (151.514,81.6383,281.146) (151.514,-81.6373,281.146) (146.649,-81.6373,277.335) (146.649,81.6383,277.335)
  f[1][3] pts=5 (146.649,81.6383,277.335) (151.514,81.6383,281.146) (151.514,-81.6373,281.146) (146.649,-81.6373,277.335) (146.649,81.6383,277.335)
joint 20 type=11 v0=17 v1=15 f0_0=7 f1_0=7 name=ss_e_op_5 orient=1 div=1 shift=0.64
  jv[0] pts=5 (15.7572,32.9562,387.49) (10.0576,29.7992,384.333) (14.0878,26.6422,381.176) (19.7874,29.7992,384.333) (15.7572,32.9562,387.49)
  jv[1] pts=5 (132.558,253.845,295.995) (126.859,250.688,292.838) (130.889,247.531,289.681) (136.588,250.688,292.838) (132.558,253.845,295.995)
  m[0][0] pts=10 (132.558,253.845,295.995) (126.859,250.688,292.838) (87.925,177.058,323.336) (95.0494,181.005,327.283) (94.4574,174.169,333.463) (65.2571,118.946,356.336) (56.1157,107.375,357.781) (48.9913,103.429,353.835) (10.0576,29.7992,384.333) (15.7572,32.9562,387.49)
  m[0][1] pts=2 (132.558,253.845,295.995) (15.7572,32.9562,387.49)
  f[0][0] pts=4 (130.889,247.531,289.681) (122.828,253.845,295.995) (6.02742,32.9562,387.49) (14.0878,26.6422,381.176)
  f[0][1] pts=2 (130.889,247.531,289.681) (130.889,247.531,289.681)
  f[0][2] pts=5 (87.925,177.058,323.336) (91.9552,173.901,320.179) (53.0215,100.272,350.678) (48.9913,103.429,353.835) (87.925,177.058,323.336)
  f[0][3] pts=5 (87.925,177.058,323.336) (91.9552,173.901,320.179) (53.0215,100.272,350.678) (48.9913,103.429,353.835) (87.925,177.058,323.336)
  m[1][0] pts=10 (130.889,247.531,289.681) (130.832,247.499,289.649) (91.9552,173.901,320.179) (99.0796,177.848,324.126) (98.4876,171.012,330.306) (69.2873,115.789,353.179) (60.1459,104.218,354.624) (53.0215,100.272,350.678) (14.0308,26.6106,381.144) (14.0878,26.6422,381.176)
  m[1][1] pts=2 (130.889,247.531,289.681) (14.0878,26.6422,381.176)
  f[1][0] pts=4 (132.558,253.845,295.995) (128.528,257.002,299.152) (11.727,36.1132,390.647) (15.7572,32.9562,387.49)
  f[1][1] pts=2 (132.558,253.845,295.995) (132.558,253.845,295.995)
  f[1][2] pts=5 (93.6245,180.215,326.493) (97.6547,177.058,323.336) (58.721,103.429,353.835) (54.6909,106.586,356.992) (93.6245,180.215,326.493)
  f[1][3] pts=5 (93.6245,180.215,326.493) (97.6547,177.058,323.336) (58.721,103.429,353.835) (54.6909,106.586,356.992) (93.6245,180.215,326.493)
joint 21 type=11 v0=18 v1=16 f0_0=7 f1_0=7 name=ss_e_op_5 orient=1 div=1 shift=0.64
  jv[0] pts=5 (162.466,296.376,251.551) (156.358,292.708,251.207) (160.682,288.329,250.796) (166.79,291.997,251.14) (162.466,296.376,251.551)
  jv[1] pts=5 (280.158,388.569,28.9783) (274.05,384.901,28.6341) (278.374,380.521,28.2232) (284.482,384.189,28.5674) (280.158,388.569,28.9783)
  m[0][0] pts=10 (280.158,388.569,28.9783) (274.05,384.901,28.6341) (234.819,354.17,102.825) (242.454,358.755,103.255) (242.131,357.665,112.787) (212.708,334.617,168.43) (203.223,328.024,177.446) (195.589,323.439,177.016) (156.358,292.708,251.207) (162.466,296.376,251.551)
  m[0][1] pts=2 (280.158,388.569,28.9783) (162.466,296.376,251.551)
  f[0][0] pts=4 (278.374,380.521,28.2232) (269.726,389.28,29.045) (152.034,297.087,251.618) (160.682,288.329,250.796)
  f[0][1] pts=2 (278.374,380.521,28.2232) (278.374,380.521,28.2232)
  f[0][2] pts=5 (234.819,354.17,102.825) (239.143,349.79,102.414) (199.913,319.059,176.605) (195.589,323.439,177.016) (234.819,354.17,102.825)
  f[0][3] pts=5 (234.819,354.17,102.825) (239.143,349.79,102.414) (199.913,319.059,176.605) (195.589,323.439,177.016) (234.819,354.17,102.825)
  m[1][0] pts=10 (278.374,380.521,28.2232) (278.313,380.484,28.2197) (239.143,349.79,102.414) (246.778,354.376,102.844) (246.455,353.285,112.376) (217.032,330.237,168.019) (207.548,323.645,177.035) (199.913,319.059,176.605) (160.621,288.292,250.792) (160.682,288.329,250.796)
  m[1][1] pts=2 (278.374,380.521,28.2232) (160.682,288.329,250.796)
  f[1][0] pts=4 (280.158,388.569,28.9783) (275.833,392.948,29.3893) (158.142,300.756,251.962) (162.466,296.376,251.551)
  f[1][1] pts=2 (280.158,388.569,28.9783) (280.158,388.569,28.9783)
  f[1][2] pts=5 (240.927,357.838,103.169) (245.251,353.459,102.758) (206.021,322.728,176.949) (201.697,327.107,177.36) (240.927,357.838,103.169)
  f[1][3] pts=5 (240.927,357.838,103.169) (245.251,353.459,102.758) (206.021,322.728,176.949) (201.697,327.107,177.36) (240.927,357.838,103.169)
joint 22 type=11 v0=19 v1=17 f0_0=5 f1_0=5 name=ss_e_op_5 orient=1 div=1 shift=0.64
  jv[0] pts=5 (15.3953,386.802,33.2431) (20.2602,384.108,30.5484) (14.4522,380.891,27.3313) (9.58733,383.585,30.026) (15.3953,386.802,33.2431)
  jv[1] pts=5 (132.195,295.308,254.13) (137.06,292.613,251.435) (131.252,289.396,248.218) (126.387,292.091,250.913) (132.195,295.308,254.13)
  m[0][0] pts=10 (132.195,295.308,254.13) (137.06,292.613,251.435) (98.1269,323.111,177.806) (92.0458,326.48,181.174) (83.5304,332.313,173.992) (54.3304,355.187,118.77) (53.1124,356.978,107.546) (59.1935,353.61,104.177) (20.2602,384.108,30.5484) (15.3953,386.802,33.2431)
  m[0][1] pts=2 (132.195,295.308,254.13) (15.3953,386.802,33.2431)
  f[0][0] pts=4 (131.252,289.396,248.218) (142.868,295.83,254.652) (26.0682,387.325,33.7655) (14.4522,380.891,27.3313)
  f[0][1] pts=2 (131.252,289.396,248.218) (131.252,289.396,248.218)
  f[0][2] pts=5 (98.1269,323.111,177.806) (92.3189,319.894,174.589) (53.3855,350.392,100.96) (59.1935,353.61,104.177) (98.1269,323.111,177.806)
  f[0][3] pts=5 (98.1269,323.111,177.806) (92.3189,319.894,174.589) (53.3855,350.392,100.96) (59.1935,353.61,104.177) (98.1269,323.111,177.806)
  m[1][0] pts=10 (131.252,289.396,248.218) (131.301,289.369,248.191) (92.3189,319.894,174.589) (86.2378,323.263,177.957) (77.7224,329.096,170.775) (48.5225,351.97,115.553) (47.3044,353.761,104.329) (53.3855,350.392,100.96) (14.5009,380.864,27.3044) (14.4522,380.891,27.3313)
  m[1][1] pts=2 (131.252,289.396,248.218) (14.4522,380.891,27.3313)
  f[1][0] pts=4 (132.195,295.308,254.13) (138.003,298.525,257.347) (21.2033,390.019,36.4602) (15.3953,386.802,33.2431)
  f[1][1] pts=2 (132.195,295.308,254.13) (132.195,295.308,254.13)
  f[1][2] pts=5 (93.262,325.806,180.501) (87.454,322.589,177.284) (48.5207,353.087,103.655) (54.3287,356.304,106.872) (93.262,325.806,180.501)
  f[1][3] pts=5 (93.262,325.806,180.501) (87.454,322.589,177.284) (48.5207,353.087,103.655) (54.3287,356.304,106.872) (93.262,325.806,180.501)
joint 23 type=11 v0=19 v1=18 f0_0=3 f1_0=3 name=ss_e_op_5 orient=1 div=1 shift=0.64
  jv[0] pts=5 (146.649,280.349,245.22) (140.841,283.837,245.547) (146.649,287.326,245.875) (152.457,283.837,245.547) (146.649,280.349,245.22)
  jv[1] pts=5 (146.649,300.959,25.5831) (140.841,304.447,25.9104) (146.649,307.935,26.2378) (152.457,304.447,25.9104) (146.649,300.959,25.5831)
  m[0][0] pts=10 (146.649,300.959,25.5831) (140.841,304.447,25.9104) (140.841,297.577,99.1227) (148.101,293.217,98.7136) (152.457,289.742,107.62) (152.457,284.59,162.529) (148.101,286.347,171.926) (140.841,290.707,172.335) (140.841,283.837,245.547) (146.649,280.349,245.22)
  m[0][1] pts=2 (146.649,300.959,25.5831) (146.649,280.349,245.22)
  f[0][0] pts=4 (146.649,307.935,26.2378) (135.033,300.959,25.5831) (135.033,280.349,245.22) (146.649,287.326,245.875)
  f[0][1] pts=2 (146.649,307.935,26.2378) (146.649,307.935,26.2378)
  f[0][2] pts=5 (140.841,297.577,99.1227) (146.649,301.065,99.4501) (146.649,294.196,172.662) (140.841,290.707,172.335) (140.841,297.577,99.1227)
  f[0][3] pts=5 (140.841,297.577,99.1227) (146.649,301.065,99.4501) (146.649,294.196,172.662) (140.841,290.707,172.335) (140.841,297.577,99.1227)
  m[1][0] pts=10 (146.649,307.935,26.2378) (146.591,307.97,26.241) (146.649,301.065,99.4501) (153.909,296.705,99.0409) (158.265,293.23,107.947) (158.265,288.078,162.856) (153.909,289.835,172.253) (146.649,294.196,172.662) (146.591,287.36,245.878) (146.649,287.326,245.875)
  m[1][1] pts=2 (146.649,307.935,26.2378) (146.649,287.326,245.875)
  f[1][0] pts=4 (146.649,300.959,25.5831) (140.841,297.471,25.2558) (140.841,276.861,244.893) (146.649,280.349,245.22)
  f[1][1] pts=2 (146.649,300.959,25.5831) (146.649,300.959,25.5831)
  f[1][2] pts=5 (146.649,294.089,98.7954) (152.457,297.577,99.1227) (152.457,290.707,172.335) (146.649,287.219,172.008) (146.649,294.089,98.7954)
  f[1][3] pts=5 (146.649,294.089,98.7954) (152.457,297.577,99.1227) (152.457,290.707,172.335) (146.649,287.219,172.008) (146.649,294.089,98.7954)
