# wood joints after construct_joint_by_index
# count=13
joint 0 type=20 v0=0 v1=2 f0_0=5 f1_0=1 name=ts_e_p_3 orient=1 div=3 shift=0.5
  jv[0] pts=5 (332.441,-853.908,-157.649) (358.471,-853.908,-123.759) (370.505,-893.908,-151.963) (344.475,-893.908,-185.854) (332.441,-853.908,-157.649)
  jv[1] pts=5 (-519.209,-853.908,496.458) (-493.179,-853.908,530.349) (-481.145,-893.908,502.145) (-507.175,-893.908,468.254) (-519.209,-853.908,496.458)
  m[0][0] pts=9 (263.843,-853.908,-51.0799) (275.877,-893.908,-79.2842) (181.249,-893.908,-6.60549) (169.216,-853.908,21.5987) (-114.668,-853.908,239.635) (-102.634,-893.908,211.431) (-197.262,-893.908,284.109) (-209.296,-853.908,312.313) (-398.551,-853.908,457.671)
  m[0][1] pts=2 (263.843,-853.908,-51.0799) (-398.551,-853.908,457.671)
  f[0][0] pts=5 (263.843,-853.908,-51.0799) (169.216,-853.908,21.5987) (143.186,-853.908,-12.2922) (237.813,-853.908,-84.9708) (263.843,-853.908,-51.0799)
  f[0][1] pts=5 (-114.668,-853.908,239.635) (-209.296,-853.908,312.313) (-235.325,-853.908,278.422) (-140.698,-853.908,205.744) (-114.668,-853.908,239.635)
  f[0][2] pts=5 (263.843,-853.908,-51.0799) (237.813,-853.908,-84.9708) (-140.698,-853.908,205.744) (-114.668,-853.908,239.635) (263.843,-853.908,-51.0799)
  m[1][0] pts=9 (237.813,-853.908,-84.9708) (249.847,-893.908,-113.175) (155.219,-893.908,-40.4964) (143.186,-853.908,-12.2922) (-140.698,-853.908,205.744) (-128.664,-893.908,177.54) (-223.292,-893.908,250.218) (-235.325,-853.908,278.422) (-424.581,-853.908,423.78)
  m[1][1] pts=2 (237.813,-853.908,-84.9708) (-424.581,-853.908,423.78)
  f[1][0] pts=5 (275.877,-893.908,-79.2842) (181.249,-893.908,-6.60549) (155.219,-893.908,-40.4964) (249.847,-893.908,-113.175) (275.877,-893.908,-79.2842)
  f[1][1] pts=5 (-102.634,-893.908,211.431) (-197.262,-893.908,284.109) (-223.292,-893.908,250.218) (-128.664,-893.908,177.54) (-102.634,-893.908,211.431)
  f[1][2] pts=5 (275.877,-893.908,-79.2842) (249.847,-893.908,-113.175) (-128.664,-893.908,177.54) (-102.634,-893.908,211.431) (275.877,-893.908,-79.2842)
joint 1 type=20 v0=0 v1=3 f0_0=4 f1_0=1 name=ts_e_p_3 orient=1 div=3 shift=0.5
  jv[0] pts=5 (990.252,-191.289,-348.769) (1014.27,-207.091,-320.822) (1024.21,-240.132,-344.119) (1000.19,-224.329,-372.066) (990.252,-191.289,-348.769)
  jv[1] pts=5 (334.577,-846.007,-155.544) (358.592,-861.809,-127.597) (368.532,-894.85,-150.894) (344.516,-879.047,-178.841) (334.577,-846.007,-155.544)
  m[0][0] pts=9 (941.415,-279.838,-299.352) (951.355,-312.878,-322.649) (878.502,-385.624,-301.18) (868.562,-352.584,-277.883) (650.003,-570.823,-213.475) (659.943,-603.864,-236.772) (587.09,-676.61,-215.302) (577.151,-643.57,-192.005) (431.445,-789.063,-149.066)
  m[0][1] pts=2 (941.415,-279.838,-299.352) (431.445,-789.063,-149.066)
  f[0][0] pts=5 (941.415,-279.838,-299.352) (868.562,-352.584,-277.883) (844.547,-336.781,-305.83) (917.4,-264.035,-327.299) (941.415,-279.838,-299.352)
  f[0][1] pts=5 (650.003,-570.823,-213.475) (577.151,-643.57,-192.005) (553.135,-627.767,-219.952) (625.988,-555.021,-241.422) (650.003,-570.823,-213.475)
  f[0][2] pts=5 (941.415,-279.838,-299.352) (917.4,-264.035,-327.299) (625.988,-555.021,-241.422) (650.003,-570.823,-213.475) (941.415,-279.838,-299.352)
  m[1][0] pts=9 (917.4,-264.035,-327.299) (927.339,-297.075,-350.596) (854.487,-369.822,-329.127) (844.547,-336.781,-305.83) (625.988,-555.021,-241.422) (635.928,-588.061,-264.719) (563.075,-660.808,-243.249) (553.135,-627.767,-219.952) (407.429,-773.26,-177.013)
  m[1][1] pts=2 (917.4,-264.035,-327.299) (407.429,-773.26,-177.013)
  f[1][0] pts=5 (951.355,-312.878,-322.649) (878.502,-385.624,-301.18) (854.487,-369.822,-329.127) (927.339,-297.075,-350.596) (951.355,-312.878,-322.649)
  f[1][1] pts=5 (659.943,-603.864,-236.772) (587.09,-676.61,-215.302) (563.075,-660.808,-243.249) (635.928,-588.061,-264.719) (659.943,-603.864,-236.772)
  f[1][2] pts=5 (951.355,-312.878,-322.649) (927.339,-297.075,-350.596) (635.928,-588.061,-264.719) (659.943,-603.864,-236.772) (951.355,-312.878,-322.649)
joint 2 type=20 v0=0 v1=7 f0_0=3 f1_0=0 name=ts_e_p_3 orient=1 div=3 shift=0.5
  jv[0] pts=5 (260.298,-167.689,223.058) (282.707,-183.341,252.31) (271.234,-145.202,279.202) (248.825,-129.55,249.95) (260.298,-167.689,223.058)
  jv[1] pts=5 (970.033,-190.683,-332.952) (992.442,-206.335,-303.7) (980.968,-168.197,-276.809) (958.559,-152.545,-306.061) (970.033,-190.683,-332.952)
  m[0][0] pts=9 (361.567,-185.896,190.531) (350.093,-147.757,217.423) (428.953,-150.312,155.644) (440.426,-188.451,128.752) (677.004,-196.115,-56.5845) (665.531,-157.977,-29.6929) (744.39,-160.532,-91.4718) (755.864,-198.67,-118.363) (913.583,-203.78,-241.921)
  m[0][1] pts=2 (361.567,-185.896,190.531) (913.583,-203.78,-241.921)
  f[0][0] pts=5 (361.567,-185.896,190.531) (440.426,-188.451,128.752) (418.017,-172.799,99.5004) (339.158,-170.244,161.279) (361.567,-185.896,190.531)
  f[0][1] pts=5 (677.004,-196.115,-56.5845) (755.864,-198.67,-118.363) (733.455,-183.018,-147.615) (654.595,-180.463,-85.8365) (677.004,-196.115,-56.5845)
  f[0][2] pts=5 (361.567,-185.896,190.531) (339.158,-170.244,161.279) (654.595,-180.463,-85.8365) (677.004,-196.115,-56.5845) (361.567,-185.896,190.531)
  m[1][0] pts=9 (339.158,-170.244,161.279) (327.684,-132.105,188.171) (406.544,-134.66,126.392) (418.017,-172.799,99.5004) (654.595,-180.463,-85.8365) (643.122,-142.325,-58.9449) (721.981,-144.88,-120.724) (733.455,-183.018,-147.615) (891.174,-188.128,-271.173)
  m[1][1] pts=2 (339.158,-170.244,161.279) (891.174,-188.128,-271.173)
  f[1][0] pts=5 (350.093,-147.757,217.423) (428.953,-150.312,155.644) (406.544,-134.66,126.392) (327.684,-132.105,188.171) (350.093,-147.757,217.423)
  f[1][1] pts=5 (665.531,-157.977,-29.6929) (744.39,-160.532,-91.4718) (721.981,-144.88,-120.724) (643.122,-142.325,-58.9449) (665.531,-157.977,-29.6929)
  f[1][2] pts=5 (350.093,-147.757,217.423) (327.684,-132.105,188.171) (643.122,-142.325,-58.9449) (665.531,-157.977,-29.6929) (350.093,-147.757,217.423)
joint 3 type=20 v0=1 v1=2 f0_0=5 f1_0=1 name=ts_e_p_3 orient=1 div=3 shift=0.5
  jv[0] pts=5 (-265.177,-853.908,-506.896) (-239.147,-853.908,-473.005) (-227.114,-893.908,-501.209) (-253.144,-893.908,-535.1) (-265.177,-853.908,-506.896)
  jv[1] pts=5 (-1026.75,-853.908,78.0268) (-1000.72,-853.908,111.918) (-988.684,-893.908,83.7135) (-1014.71,-893.908,49.8226) (-1026.75,-853.908,78.0268)
  m[0][0] pts=9 (-323.766,-853.908,-408.014) (-311.733,-893.908,-436.218) (-396.352,-893.908,-371.226) (-408.385,-853.908,-343.022) (-662.242,-853.908,-148.048) (-650.209,-893.908,-176.252) (-734.828,-893.908,-111.261) (-746.861,-853.908,-83.0565) (-916.099,-853.908,46.9263)
  m[0][1] pts=2 (-323.766,-853.908,-408.014) (-916.099,-853.908,46.9263)
  f[0][0] pts=5 (-323.766,-853.908,-408.014) (-408.385,-853.908,-343.022) (-434.415,-853.908,-376.913) (-349.796,-853.908,-441.904) (-323.766,-853.908,-408.014)
  f[0][1] pts=5 (-662.242,-853.908,-148.048) (-746.861,-853.908,-83.0565) (-772.891,-853.908,-116.947) (-688.272,-853.908,-181.939) (-662.242,-853.908,-148.048)
  f[0][2] pts=5 (-323.766,-853.908,-408.014) (-349.796,-853.908,-441.904) (-688.272,-853.908,-181.939) (-662.242,-853.908,-148.048) (-323.766,-853.908,-408.014)
  m[1][0] pts=9 (-349.796,-853.908,-441.904) (-337.763,-893.908,-470.109) (-422.381,-893.908,-405.117) (-434.415,-853.908,-376.913) (-688.272,-853.908,-181.939) (-676.238,-893.908,-210.143) (-760.857,-893.908,-145.152) (-772.891,-853.908,-116.947) (-942.129,-853.908,13.0354)
  m[1][1] pts=2 (-349.796,-853.908,-441.904) (-942.129,-853.908,13.0354)
  f[1][0] pts=5 (-311.733,-893.908,-436.218) (-396.352,-893.908,-371.226) (-422.381,-893.908,-405.117) (-337.763,-893.908,-470.109) (-311.733,-893.908,-436.218)
  f[1][1] pts=5 (-650.209,-893.908,-176.252) (-734.828,-893.908,-111.261) (-760.857,-893.908,-145.152) (-676.238,-893.908,-210.143) (-650.209,-893.908,-176.252)
  f[1][2] pts=5 (-311.733,-893.908,-436.218) (-337.763,-893.908,-470.109) (-676.238,-893.908,-210.143) (-650.209,-893.908,-176.252) (-311.733,-893.908,-436.218)
joint 4 type=20 v0=1 v1=3 f0_0=4 f1_0=1 name=ts_e_p_3 orient=1 div=3 shift=0.5
  jv[0] pts=5 (628.587,44.3184,-767.55) (652.603,28.5158,-739.603) (662.542,-4.52464,-762.9) (638.527,11.278,-790.847) (628.587,44.3184,-767.55)
  jv[1] pts=5 (-263.041,-846.007,-504.791) (-239.025,-861.81,-476.844) (-229.085,-894.85,-500.141) (-253.101,-879.048,-528.088) (-263.041,-846.007,-504.791)
  m[0][0] pts=9 (553.533,-70.4093,-710.408) (563.473,-103.45,-733.705) (464.403,-202.375,-704.51) (454.463,-169.334,-681.213) (157.254,-466.11,-593.626) (167.194,-499.15,-616.923) (68.1239,-598.075,-587.728) (58.1839,-565.035,-564.431) (-139.956,-762.885,-506.04)
  m[0][1] pts=2 (553.533,-70.4093,-710.408) (-139.956,-762.885,-506.04)
  f[0][0] pts=5 (553.533,-70.4093,-710.408) (454.463,-169.334,-681.213) (430.448,-153.532,-709.159) (529.517,-54.6067,-738.355) (553.533,-70.4093,-710.408)
  f[0][1] pts=5 (157.254,-466.11,-593.626) (58.1839,-565.035,-564.431) (34.1685,-549.232,-592.378) (133.238,-450.307,-621.573) (157.254,-466.11,-593.626)
  f[0][2] pts=5 (553.533,-70.4093,-710.408) (529.517,-54.6067,-738.355) (133.238,-450.307,-621.573) (157.254,-466.11,-593.626) (553.533,-70.4093,-710.408)
  m[1][0] pts=9 (529.517,-54.6067,-738.355) (539.457,-87.6471,-761.652) (440.388,-186.572,-732.456) (430.448,-153.532,-709.159) (133.238,-450.307,-621.573) (143.178,-483.347,-644.87) (44.1085,-582.272,-615.675) (34.1685,-549.232,-592.378) (-163.971,-747.082,-533.987)
  m[1][1] pts=2 (529.517,-54.6067,-738.355) (-163.971,-747.082,-533.987)
  f[1][0] pts=5 (563.473,-103.45,-733.705) (464.403,-202.375,-704.51) (440.388,-186.572,-732.456) (539.457,-87.6471,-761.652) (563.473,-103.45,-733.705)
  f[1][1] pts=5 (167.194,-499.15,-616.923) (68.1239,-598.075,-587.728) (44.1085,-582.272,-615.675) (143.178,-483.347,-644.87) (167.194,-499.15,-616.923)
  f[1][2] pts=5 (563.473,-103.45,-733.705) (539.457,-87.6471,-761.652) (143.178,-483.347,-644.87) (167.194,-499.15,-616.923) (563.473,-103.45,-733.705)
joint 5 type=20 v0=1 v1=7 f0_0=3 f1_0=0 name=ts_e_p_3 orient=1 div=2 shift=0.5
  jv[0] pts=5 (-39.2376,65.9054,-244.396) (-16.8284,50.2534,-215.144) (-28.3021,88.3918,-188.252) (-50.7112,104.044,-217.504) (-39.2376,65.9054,-244.396)
  jv[1] pts=5 (608.367,44.9235,-751.733) (630.776,29.2715,-722.481) (619.302,67.4099,-695.59) (596.893,83.0619,-724.842) (608.367,44.9235,-751.733)
  m[0][0] pts=9 (55.1276,47.9221,-271.515) (43.654,86.0605,-244.623) (115.61,83.7292,-300.994) (127.084,45.5908,-327.886) (342.952,38.5968,-496.998) (331.478,76.7352,-470.106) (403.434,74.4039,-526.477) (414.908,36.2655,-553.369) (558.82,31.6029,-666.111)
  m[0][1] pts=2 (55.1276,47.9221,-271.515) (558.82,31.6029,-666.111)
  f[0][0] pts=5 (55.1276,47.9221,-271.515) (127.084,45.5908,-327.886) (104.675,61.2428,-357.138) (32.7185,63.5741,-300.767) (55.1276,47.9221,-271.515)
  f[0][1] pts=5 (342.952,38.5968,-496.998) (414.908,36.2655,-553.369) (392.499,51.9175,-582.621) (320.543,54.2488,-526.25) (342.952,38.5968,-496.998)
  f[0][2] pts=5 (55.1276,47.9221,-271.515) (32.7185,63.5741,-300.767) (320.543,54.2488,-526.25) (342.952,38.5968,-496.998) (55.1276,47.9221,-271.515)
  m[1][0] pts=9 (32.7185,63.5741,-300.767) (21.2449,101.712,-273.875) (93.2009,99.3811,-330.246) (104.675,61.2428,-357.138) (320.543,54.2488,-526.25) (309.069,92.3872,-499.358) (381.025,90.0559,-555.729) (392.499,51.9175,-582.621) (536.411,47.2549,-695.363)
  m[1][1] pts=2 (32.7185,63.5741,-300.767) (536.411,47.2549,-695.363)
  f[1][0] pts=5 (43.654,86.0605,-244.623) (115.61,83.7292,-300.994) (93.2009,99.3811,-330.246) (21.2449,101.712,-273.875) (43.654,86.0605,-244.623)
  f[1][1] pts=5 (331.478,76.7352,-470.106) (403.434,74.4039,-526.477) (381.025,90.0559,-555.729) (309.069,92.3872,-499.358) (331.478,76.7352,-470.106)
  f[1][2] pts=5 (43.654,86.0605,-244.623) (21.2449,101.712,-273.875) (309.069,92.3872,-499.358) (331.478,76.7352,-470.106) (43.654,86.0605,-244.623)
joint 6 type=11 v0=3 v1=2 f0_0=2 f1_0=4 name=ss_e_op_1 orient=1 div=5 shift=0.64
  jv[0] pts=5 (-324.456,-893.908,-556.705) (-309.116,-853.908,-582.955) (-334.466,-853.908,-539.576) (-349.807,-893.908,-513.326) (-324.456,-893.908,-556.705)
  jv[1] pts=5 (432.439,-893.908,-114.375) (447.779,-853.908,-140.626) (422.429,-853.908,-97.2464) (407.088,-893.908,-70.9962) (432.439,-893.908,-114.375)
  m[0][0] pts=12 (-216.328,-893.908,-493.515) (-200.988,-853.908,-519.766) (-77.7219,-853.908,-447.729) (-93.0625,-893.908,-421.479) (-0.0725751,-893.908,-367.135) (15.2681,-853.908,-393.386) (138.534,-853.908,-321.349) (123.193,-893.908,-295.099) (216.183,-893.908,-240.755) (231.524,-853.908,-267.006) (354.79,-853.908,-194.969) (339.449,-893.908,-168.719)
  m[0][1] pts=2 (-216.328,-893.908,-493.515) (339.449,-893.908,-168.719)
  f[0][0] pts=12 (-211.201,-853.908,-467.54) (-200.988,-853.908,-519.766) (-77.7219,-853.908,-447.729) (-118.211,-853.908,-413.196) (5.05519,-853.908,-341.16) (15.2681,-853.908,-393.386) (138.534,-853.908,-321.349) (98.0451,-853.908,-286.816) (221.311,-853.908,-214.78) (231.524,-853.908,-267.006) (354.79,-853.908,-194.969) (314.301,-853.908,-160.436)
  f[0][1] pts=2 (-211.201,-853.908,-467.54) (314.301,-853.908,-160.436)
  m[1][0] pts=12 (-226.541,-893.908,-441.29) (-211.201,-853.908,-467.54) (-118.211,-853.908,-413.196) (-133.551,-893.908,-386.946) (-10.2855,-893.908,-314.91) (5.05519,-853.908,-341.16) (98.0451,-853.908,-286.816) (82.7045,-893.908,-260.566) (205.97,-893.908,-188.53) (221.311,-853.908,-214.78) (314.301,-853.908,-160.436) (298.96,-893.908,-134.186)
  m[1][1] pts=2 (-226.541,-893.908,-441.29) (298.96,-893.908,-134.186)
  f[1][0] pts=12 (-226.541,-893.908,-441.29) (-216.328,-893.908,-493.515) (-93.0625,-893.908,-421.479) (-133.551,-893.908,-386.946) (-10.2855,-893.908,-314.91) (-0.0725751,-893.908,-367.135) (123.193,-893.908,-295.099) (82.7045,-893.908,-260.566) (205.97,-893.908,-188.53) (216.183,-893.908,-240.755) (339.449,-893.908,-168.719) (298.96,-893.908,-134.186)
  f[1][1] pts=2 (-226.541,-893.908,-441.29) (298.96,-893.908,-134.186)
joint 7 type=20 v0=3 v1=7 f0_0=4 f1_0=0 name= orient=1 div=1 shift=8.8073e-312
  jv[0] pts=5 (633.19,67.04,-843.059) (593.231,67.2712,-808.42) (629.755,103.922,-819.342) (669.713,103.691,-853.981) (633.19,67.04,-843.059)
  jv[1] pts=5 (1089.66,-230.327,-314.501) (1049.7,-230.096,-279.862) (1086.22,-193.445,-290.785) (1126.18,-193.676,-325.423) (1089.66,-230.327,-314.501)
joint 8 type=20 v0=4 v1=6 f0_0=2 f1_0=1 name=ts_e_p_3 orient=1 div=2 shift=0.5
  jv[0] pts=5 (232.233,-129.974,270.702) (252.475,-147.959,300.229) (221.79,-175.886,310.56) (201.549,-157.9,281.033) (232.233,-129.974,270.702)
  jv[1] pts=5 (153.096,590.759,763.955) (173.338,572.773,793.482) (142.653,544.847,803.813) (122.412,562.832,774.286) (153.096,590.759,763.955)
  m[0][0] pts=9 (243.682,-67.8779,355.035) (212.997,-95.8046,365.366) (204.204,-15.7232,420.172) (234.889,12.2035,409.841) (208.51,252.448,574.259) (177.825,224.521,584.59) (169.032,304.602,639.396) (199.717,332.529,629.065) (182.131,492.692,738.676)
  m[0][1] pts=2 (243.682,-67.8779,355.035) (182.131,492.692,738.676)
  f[0][0] pts=5 (243.682,-67.8779,355.035) (234.889,12.2035,409.841) (214.647,30.189,380.313) (223.44,-49.8924,325.507) (243.682,-67.8779,355.035)
  f[0][1] pts=5 (208.51,252.448,574.259) (199.717,332.529,629.065) (179.475,350.515,599.537) (188.268,270.433,544.731) (208.51,252.448,574.259)
  f[0][2] pts=5 (243.682,-67.8779,355.035) (223.44,-49.8924,325.507) (188.268,270.433,544.731) (208.51,252.448,574.259) (243.682,-67.8779,355.035)
  m[1][0] pts=9 (223.44,-49.8924,325.507) (192.756,-77.819,335.838) (183.963,2.26236,390.644) (214.647,30.189,380.313) (188.268,270.433,544.731) (157.584,242.507,555.062) (148.791,322.588,609.868) (179.475,350.515,599.537) (161.889,510.677,709.149)
  m[1][1] pts=2 (223.44,-49.8924,325.507) (161.889,510.677,709.149)
  f[1][0] pts=5 (212.997,-95.8046,365.366) (204.204,-15.7232,420.172) (183.963,2.26236,390.644) (192.756,-77.819,335.838) (212.997,-95.8046,365.366)
  f[1][1] pts=5 (177.825,224.521,584.59) (169.032,304.602,639.396) (148.791,322.588,609.868) (157.584,242.507,555.062) (177.825,224.521,584.59)
  f[1][2] pts=5 (212.997,-95.8046,365.366) (192.756,-77.819,335.838) (157.584,242.507,555.062) (177.825,224.521,584.59) (212.997,-95.8046,365.366)
joint 9 type=20 v0=4 v1=7 f0_0=5 f1_0=1 name=ts_e_p_3 orient=1 div=3 shift=0.5
  jv[0] pts=5 (984.743,-153.721,-325.544) (1007.32,-169.378,-296.425) (967.247,-205.847,-282.934) (944.672,-190.191,-312.053) (984.743,-153.721,-325.544)
  jv[1] pts=5 (277.701,-132.601,233.961) (300.276,-148.257,263.08) (260.205,-184.727,276.571) (237.63,-169.07,247.452) (277.701,-132.601,233.961)
  m[0][0] pts=9 (928.758,-167.031,-234.258) (888.687,-203.5,-220.767) (810.127,-201.154,-158.599) (850.197,-164.684,-172.09) (614.517,-157.644,14.4112) (574.446,-194.113,27.9023) (495.886,-191.767,90.0695) (535.957,-155.298,76.5784) (378.836,-150.604,200.913)
  m[0][1] pts=2 (928.758,-167.031,-234.258) (378.836,-150.604,200.913)
  f[0][0] pts=5 (928.758,-167.031,-234.258) (850.197,-164.684,-172.09) (827.622,-149.028,-201.21) (906.182,-151.375,-263.377) (928.758,-167.031,-234.258)
  f[0][1] pts=5 (614.517,-157.644,14.4112) (535.957,-155.298,76.5784) (513.381,-139.641,47.4593) (591.942,-141.988,-14.7079) (614.517,-157.644,14.4112)
  f[0][2] pts=5 (928.758,-167.031,-234.258) (906.182,-151.375,-263.377) (591.942,-141.988,-14.7079) (614.517,-157.644,14.4112) (928.758,-167.031,-234.258)
  m[1][0] pts=9 (906.182,-151.375,-263.377) (866.112,-187.844,-249.886) (787.551,-185.497,-187.718) (827.622,-149.028,-201.21) (591.942,-141.988,-14.7079) (551.871,-178.457,-1.21685) (473.311,-176.11,60.9504) (513.381,-139.641,47.4593) (356.261,-134.948,171.794)
  m[1][1] pts=2 (906.182,-151.375,-263.377) (356.261,-134.948,171.794)
  f[1][0] pts=5 (888.687,-203.5,-220.767) (810.127,-201.154,-158.599) (787.551,-185.497,-187.718) (866.112,-187.844,-249.886) (888.687,-203.5,-220.767)
  f[1][1] pts=5 (574.446,-194.113,27.9023) (495.886,-191.767,90.0695) (473.311,-176.11,60.9504) (551.871,-178.457,-1.21685) (574.446,-194.113,27.9023)
  f[1][2] pts=5 (888.687,-203.5,-220.767) (866.112,-187.844,-249.886) (551.871,-178.457,-1.21685) (574.446,-194.113,27.9023) (888.687,-203.5,-220.767)
joint 10 type=20 v0=5 v1=6 f0_0=2 f1_0=1 name=ts_e_p_3 orient=1 div=3 shift=0.5
  jv[0] pts=5 (-67.4291,103.709,-196.921) (-47.1874,85.7239,-167.393) (-77.8719,57.7972,-157.062) (-98.1137,75.7828,-186.59) (-67.4291,103.709,-196.921)
  jv[1] pts=5 (-150.991,864.745,323.915) (-130.75,846.759,353.442) (-161.434,818.832,363.773) (-181.676,836.818,334.245) (-150.991,864.745,323.915)
  m[0][0] pts=9 (-56.4721,170.283,-109.522) (-87.1566,142.357,-99.1913) (-96.4413,226.916,-41.3207) (-65.7568,254.843,-51.6517) (-93.6109,508.521,121.96) (-124.295,480.595,132.291) (-133.58,565.154,190.162) (-102.896,593.081,179.831) (-121.465,762.2,295.572)
  m[0][1] pts=2 (-56.4721,170.283,-109.522) (-121.465,762.2,295.572)
  f[0][0] pts=5 (-56.4721,170.283,-109.522) (-65.7568,254.843,-51.6517) (-85.9985,272.828,-81.1794) (-76.7138,188.269,-139.05) (-56.4721,170.283,-109.522)
  f[0][1] pts=5 (-93.6109,508.521,121.96) (-102.896,593.081,179.831) (-123.137,611.066,150.303) (-113.853,526.507,92.4323) (-93.6109,508.521,121.96)
  f[0][2] pts=5 (-56.4721,170.283,-109.522) (-76.7138,188.269,-139.05) (-113.853,526.507,92.4323) (-93.6109,508.521,121.96) (-56.4721,170.283,-109.522)
  m[1][0] pts=9 (-76.7138,188.269,-139.05) (-107.398,160.342,-128.719) (-116.683,244.902,-70.8485) (-85.9985,272.828,-81.1794) (-113.853,526.507,92.4323) (-144.537,498.58,102.763) (-153.822,583.14,160.634) (-123.137,611.066,150.303) (-141.707,780.185,266.044)
  m[1][1] pts=2 (-76.7138,188.269,-139.05) (-141.707,780.185,266.044)
  f[1][0] pts=5 (-87.1566,142.357,-99.1913) (-96.4413,226.916,-41.3207) (-116.683,244.902,-70.8485) (-107.398,160.342,-128.719) (-87.1566,142.357,-99.1913)
  f[1][1] pts=5 (-124.295,480.595,132.291) (-133.58,565.154,190.162) (-153.822,583.14,160.634) (-144.537,498.58,102.763) (-124.295,480.595,132.291)
  f[1][2] pts=5 (-87.1566,142.357,-99.1913) (-107.398,160.342,-128.719) (-144.537,498.58,102.763) (-124.295,480.595,132.291) (-87.1566,142.357,-99.1913)
joint 11 type=20 v0=5 v1=7 f0_0=5 f1_0=1 name=ts_e_p_3 orient=1 div=2 shift=0.5
  jv[0] pts=5 (623.184,81.8107,-744.186) (645.759,66.1543,-715.067) (605.689,29.6851,-701.575) (583.113,45.3416,-730.695) (623.184,81.8107,-744.186)
  jv[1] pts=5 (-21.9634,101.082,-233.66) (0.611877,85.426,-204.541) (-39.4588,48.9568,-191.05) (-62.034,64.6133,-220.169) (-21.9634,101.082,-233.66)
  m[0][0] pts=9 (574.076,68.2956,-658.341) (534.005,31.8264,-644.85) (462.322,33.9677,-588.125) (502.393,70.4369,-601.616) (287.344,76.8608,-431.441) (247.273,40.3916,-417.95) (175.59,42.5329,-361.225) (215.661,79.0021,-374.716) (72.2949,83.2847,-261.266)
  m[0][1] pts=2 (574.076,68.2956,-658.341) (72.2949,83.2847,-261.266)
  f[0][0] pts=5 (574.076,68.2956,-658.341) (502.393,70.4369,-601.616) (479.818,86.0933,-630.736) (551.501,83.952,-687.461) (574.076,68.2956,-658.341)
  f[0][1] pts=5 (287.344,76.8608,-431.441) (215.661,79.0021,-374.716) (193.086,94.6586,-403.835) (264.769,92.5172,-460.56) (287.344,76.8608,-431.441)
  f[0][2] pts=5 (574.076,68.2956,-658.341) (551.501,83.952,-687.461) (264.769,92.5172,-460.56) (287.344,76.8608,-431.441) (574.076,68.2956,-658.341)
  m[1][0] pts=9 (551.501,83.952,-687.461) (511.43,47.4829,-673.97) (439.747,49.6242,-617.244) (479.818,86.0933,-630.736) (264.769,92.5172,-460.56) (224.698,56.0481,-447.069) (153.015,58.1894,-390.344) (193.086,94.6586,-403.835) (49.7197,98.9412,-290.385)
  m[1][1] pts=2 (551.501,83.952,-687.461) (49.7197,98.9412,-290.385)
  f[1][0] pts=5 (534.005,31.8264,-644.85) (462.322,33.9677,-588.125) (439.747,49.6242,-617.244) (511.43,47.4829,-673.97) (534.005,31.8264,-644.85)
  f[1][1] pts=5 (247.273,40.3916,-417.95) (175.59,42.5329,-361.225) (153.015,58.1894,-390.344) (224.698,56.0481,-447.069) (247.273,40.3916,-417.95)
  f[1][2] pts=5 (534.005,31.8264,-644.85) (511.43,47.4829,-673.97) (224.698,56.0481,-447.069) (247.273,40.3916,-417.95) (534.005,31.8264,-644.85)
joint 12 type=11 v0=7 v1=6 f0_0=2 f1_0=4 name=ss_e_op_1 orient=1 div=4 shift=0.64
  jv[0] pts=5 (-128.295,90.3119,-242.117) (-91.5106,87.8413,-266.924) (-97.1466,125.72,-244.384) (-133.931,128.19,-219.577) (-128.295,90.3119,-242.117)
  jv[1] pts=5 (251.274,-205.685,350.2) (288.059,-208.155,325.392) (282.423,-170.277,347.933) (245.638,-167.806,372.74) (251.274,-205.685,350.2)
  m[0][0] pts=8 (-52.3814,31.1126,-123.654) (-15.5967,28.642,-148.461) (70.9452,-38.8452,-13.4128) (34.1604,-36.3746,11.3943) (99.4464,-87.286,113.273) (136.231,-89.7566,88.4657) (222.773,-157.244,223.514) (185.988,-154.773,248.321)
  m[0][1] pts=2 (-52.3814,31.1126,-123.654) (185.988,-154.773,248.321)
  f[0][0] pts=8 (-10.6047,58.2325,-109.336) (-15.5967,28.642,-148.461) (70.9452,-38.8452,-13.4128) (54.6812,7.32112,-7.45712) (141.223,-60.1661,127.591) (136.231,-89.7566,88.4657) (222.773,-157.244,223.514) (206.509,-111.077,229.47)
  f[0][1] pts=2 (-10.6047,58.2325,-109.336) (206.509,-111.077,229.47)
  m[1][0] pts=8 (-47.3895,60.7031,-84.5285) (-10.6047,58.2325,-109.336) (54.6812,7.32112,-7.45712) (17.8965,9.79173,17.35) (104.438,-57.6955,152.398) (141.223,-60.1661,127.591) (206.509,-111.077,229.47) (169.724,-108.607,254.277)
  m[1][1] pts=2 (-47.3895,60.7031,-84.5285) (169.724,-108.607,254.277)
  f[1][0] pts=8 (-47.3895,60.7031,-84.5285) (-52.3814,31.1126,-123.654) (34.1604,-36.3746,11.3943) (17.8965,9.79173,17.35) (104.438,-57.6955,152.398) (99.4464,-87.286,113.273) (185.988,-154.773,248.321) (169.724,-108.607,254.277)
  f[1][1] pts=2 (-47.3895,60.7031,-84.5285) (169.724,-108.607,254.277)
