element 0
  poly 0: -1043.93 393.118 294.072 -449.603 -607.449 -106.191 -452.985 -608.08 -109.638 -464.972 -587.9 -101.565 -458.208 -586.639 -94.6728 -470.194 -566.46 -86.6002 -476.958 -567.72 -93.4924 -488.945 -547.541 -85.4198 -482.18 -546.28 -78.5276 -494.167 -526.1 -70.455 -500.931 -527.361 -77.3472 -512.917 -507.181 -69.2746 -509.535 -506.551 -65.8285 -527.51 -476.289 -53.7227 -551.102 -477.348 -74.7398 -549.133 -481.414 -76.7457 -564.189 -482.09 -90.1589 -568.128 -473.957 -86.147 -583.184 -474.633 -99.5601 -579.245 -482.766 -103.572 -594.302 -483.441 -116.985 -596.271 -479.375 -114.979 -620.03 -480.441 -136.145 -574.485 -574.3 -182.37 -1043.93 393.118 294.072
  poly 1: -991.73 373.463 241.551 -425.547 -579.731 -139.761 -428.929 -580.361 -143.207 -440.915 -560.182 -135.135 -434.151 -558.921 -128.242 -446.137 -538.741 -120.17 -452.901 -540.002 -127.062 -464.888 -519.822 -118.989 -458.124 -518.562 -112.097 -470.11 -498.382 -104.025 -476.874 -499.643 -110.917 -488.861 -479.463 -102.844 -485.479 -478.833 -99.3981 -501.135 -452.475 -88.854 -522.581 -453.437 -107.959 -520.611 -457.504 -109.965 -535.668 -458.179 -123.379 -539.607 -450.046 -119.367 -554.663 -450.722 -132.78 -550.724 -458.855 -136.792 -565.78 -459.531 -150.205 -567.75 -455.464 -148.199 -589.029 -456.419 -167.156 -545.761 -545.585 -211.069 -991.73 373.463 241.551
element 1
  poly 0: 7.72914 -398.512 224.558 196.075 -667.668 -41.7602 191.699 -669.215 -43.291 180.806 -653.648 -27.8881 189.557 -650.554 -24.8264 178.664 -634.987 -9.42345 169.912 -638.081 -12.4852 159.019 -622.514 2.91771 167.771 -619.42 5.97947 156.877 -603.853 21.3824 148.126 -606.947 18.3206 137.233 -591.38 33.7235 141.608 -589.833 35.2544 125.182 -566.359 58.4806 -125.302 -566.359 58.4806 -143.6 -589.447 35.6367 -139.322 -591.16 33.9415 -151.643 -606.706 18.5591 -160.199 -603.28 21.9496 -172.521 -618.826 6.56724 -163.965 -622.252 3.1768 -176.286 -637.799 -12.2056 -184.842 -634.372 -8.81511 -197.164 -649.918 -24.1975 -188.608 -653.345 -27.5879 -200.929 -668.891 -42.9703 -205.207 -667.178 -41.275 -224.289 -691.254 -65.0967 7.72914 -398.512 224.558
  poly 1: 7.34268 -378.587 175.513 187.657 -636.266 -79.4499 183.282 -637.813 -80.9808 172.388 -622.246 -65.5779 181.14 -619.152 -62.5161 170.246 -603.585 -47.1132 161.495 -606.679 -50.175 150.602 -591.112 -34.7721 159.353 -588.018 -31.7103 148.46 -572.451 -16.3074 139.709 -575.545 -19.3692 128.815 -559.978 -3.96624 133.191 -558.431 -2.43537 118.923 -538.041 17.7391 -119.037 -538.041 17.7391 -135.198 -558.433 -2.43743 -130.92 -560.146 -4.13265 -143.242 -575.692 -19.515 -151.798 -572.266 -16.1246 -164.119 -587.812 -31.5069 -155.563 -591.239 -34.8974 -167.885 -606.785 -50.2797 -176.441 -603.358 -46.8893 -188.762 -618.905 -62.2716 -180.206 -622.331 -65.662 -192.528 -637.877 -81.0444 -196.806 -636.164 -79.3492 -213.075 -656.691 -99.6594 7.34268 -378.587 175.513
element 2
  poly 0: -314.366 -2501.83 -1079.96 622.146 -472.434 -134.186 597.086 -470.901 -111.668 595.15 -475.003 -113.543 578.791 -474.003 -98.8427 582.663 -465.799 -95.0921 566.304 -464.798 -80.3917 562.432 -473.002 -84.1423 546.073 -472.002 -69.4419 548.009 -467.899 -67.5667 523.01 -466.37 -45.103 510.465 -496.864 -60.6066 514.191 -496.816 -63.7177 505.884 -517.007 -73.9835 498.432 -517.105 -67.7613 490.125 -537.297 -78.0271 497.577 -537.199 -84.2492 489.27 -557.391 -94.515 481.819 -557.489 -88.2929 473.512 -577.68 -98.5587 480.964 -577.583 -104.781 472.657 -597.774 -115.047 468.931 -597.823 -111.936 456.309 -628.504 -127.534 -314.366 -2501.83 -1079.96
  poly 1: -298.649 -2376.74 -1063.78 591.038 -448.812 -165.294 568.518 -447.435 -145.057 566.582 -451.537 -146.933 550.223 -450.536 -132.232 554.095 -442.332 -128.482 537.735 -441.332 -113.781 533.863 -449.536 -117.532 517.504 -448.535 -102.832 519.44 -444.433 -100.956 496.859 -443.052 -80.6653 485.905 -469.68 -94.2032 489.631 -469.631 -97.3143 481.324 -489.823 -107.58 473.872 -489.92 -101.358 465.565 -510.112 -111.624 473.017 -510.014 -117.846 464.71 -530.206 -128.112 457.259 -530.304 -121.889 448.952 -550.496 -132.155 456.404 -550.398 -138.377 448.097 -570.59 -148.643 444.371 -570.639 -145.532 433.493 -597.079 -158.975 -298.649 -2376.74 -1063.78
element 3
  poly 0: -324.627 -817.852 -190.36 -205.207 -667.178 -41.275 -201.237 -670.105 -41.4972 -188.915 -654.559 -26.1149 -196.857 -648.704 -25.6705 -184.535 -633.158 -10.2881 -176.594 -639.013 -10.7325 -164.272 -623.466 4.64983 -172.214 -617.612 5.09421 -159.892 -602.066 20.4766 -151.951 -607.92 20.0322 -139.629 -592.374 35.4145 -143.6 -589.447 35.6367 -125.302 -566.359 58.4806 -145.134 -529.914 73.8319 -149.111 -531.053 71.3976 -163.03 -505.475 82.1715 -155.074 -503.197 87.0401 -168.993 -477.619 97.8141 -176.949 -479.897 92.9455 -190.867 -454.319 103.719 -182.912 -452.041 108.588 -196.83 -426.462 119.362 -204.786 -428.741 114.493 -218.705 -403.163 125.267 -214.727 -402.023 127.702 -234.426 -365.823 142.95 -481.982 -362.651 39.7847 -493.175 -390.588 16.7966 -488.789 -392.729 17.2637 -496.485 -411.938 1.45775 -505.257 -407.655 0.523624 -512.953 -426.864 -15.2823 -504.18 -431.147 -14.3481 -511.876 -450.356 -30.154 -516.262 -448.214 -30.6211 -527.51 -476.289 -53.7227 -509.535 -506.551 -65.8285 -513.802 -507.985 -68.5779 -501.815 -528.165 -76.6505 -493.283 -525.297 -71.1517 -481.296 -545.476 -79.2243 -489.829 -548.345 -84.7231 -477.842 -568.524 -92.7957 -469.31 -565.656 -87.2969 -457.323 -585.835 -95.3695 -465.856 -588.704 -100.868 -453.869 -608.883 -108.941 -449.603 -607.449 -106.191 -431.1 -638.6 -118.653 -324.627 -817.852 -190.36
  poly 1: -308.396 -776.959 -218.66 -196.806 -636.164 -79.3492 -192.835 -639.091 -79.5714 -180.514 -623.545 -64.189 -188.455 -617.691 -63.7446 -176.133 -602.144 -48.3623 -168.192 -607.999 -48.8067 -155.871 -592.453 -33.4243 -163.812 -586.598 -32.9799 -151.49 -571.052 -17.5976 -143.549 -576.906 -18.042 -131.228 -561.36 -2.65962 -135.198 -558.433 -2.43743 -119.037 -538.041 17.7391 -136.007 -506.854 30.8756 -139.985 -507.993 28.4413 -153.904 -482.415 39.2153 -145.948 -480.137 44.0839 -159.867 -454.559 54.8578 -167.822 -456.837 49.9892 -181.741 -431.259 60.7631 -173.786 -428.981 65.6318 -187.704 -403.402 76.4057 -195.66 -405.681 71.5371 -209.578 -380.103 82.311 -205.601 -378.963 84.7453 -222.705 -347.532 97.9849 -457.883 -344.518 -0.0220153 -467.993 -369.752 -20.7859 -463.607 -371.894 -20.3188 -471.302 -391.103 -36.1247 -480.075 -386.819 -37.0588 -487.771 -406.028 -52.8647 -478.998 -410.311 -51.9306 -486.694 -429.52 -67.7365 -491.08 -427.379 -68.2035 -501.135 -452.475 -88.854 -485.479 -478.833 -99.3981 -489.745 -480.267 -102.148 -477.758 -500.447 -110.22 -469.226 -497.578 -104.721 -457.24 -517.758 -112.794 -465.772 -520.626 -118.293 -453.786 -540.806 -126.365 -445.253 -537.937 -120.866 -433.267 -558.117 -128.939 -441.799 -560.985 -134.438 -429.813 -581.165 -142.51 -425.547 -579.731 -139.761 -409.545 -606.67 -150.538 -308.396 -776.959 -218.66
element 4
  poly 0: 349.813 -887.369 -259.145 468.931 -597.823 -111.936 473.538 -598.477 -114.379 481.845 -578.285 -104.113 472.631 -576.978 -99.2267 480.937 -556.787 -88.961 490.152 -558.093 -93.847 498.458 -537.901 -83.5812 489.244 -536.595 -78.6952 497.551 -516.403 -68.4294 506.765 -517.71 -73.3154 515.072 -497.518 -63.0496 510.465 -496.864 -60.6066 523.01 -466.37 -45.103 478.593 -374.909 36.9152 238.785 -380.979 136.566 218.054 -414.809 122.316 221.935 -416.105 119.746 207.517 -439.633 109.836 199.755 -437.041 114.975 185.337 -460.569 105.065 193.098 -463.161 99.9255 178.68 -486.689 90.0151 170.918 -484.097 95.1546 156.5 -507.626 85.2442 164.262 -510.217 80.1046 149.844 -533.745 70.1942 145.963 -532.449 72.764 125.182 -566.359 58.4806 141.608 -589.833 35.2544 137.533 -592.571 35.1392 148.427 -608.138 19.7363 156.577 -602.663 19.9667 167.47 -618.23 4.5638 159.32 -623.705 4.33338 170.213 -639.272 -11.0695 178.363 -633.797 -10.8391 189.256 -649.364 -26.242 181.106 -654.839 -26.4725 192 -670.406 -41.8754 196.075 -667.668 -41.7602 212.526 -691.178 -65.0222 349.813 -887.369 -259.145
  poly 1: 332.323 -843.001 -284.005 444.371 -570.639 -145.532 448.978 -571.292 -147.975 457.285 -551.1 -137.709 448.071 -549.793 -132.823 456.377 -529.602 -122.558 465.592 -530.908 -127.444 473.898 -510.716 -117.178 464.684 -509.41 -112.292 472.991 -489.218 -102.026 482.205 -490.525 -106.912 490.512 -470.333 -96.6462 485.905 -469.68 -94.2032 496.859 -443.052 -80.6653 454.664 -356.164 -2.74809 226.846 -361.93 91.92 208.906 -391.206 79.5887 212.787 -392.501 77.019 198.369 -416.03 67.1086 190.607 -413.438 72.2481 176.188 -436.966 62.3377 183.95 -439.558 57.1981 169.532 -463.086 47.2877 161.77 -460.494 52.4273 147.352 -484.022 42.5169 155.114 -486.614 37.3773 140.695 -510.142 27.4669 136.815 -508.846 30.0367 118.923 -538.041 17.7391 133.191 -558.431 -2.43537 129.116 -561.168 -2.55058 140.009 -576.735 -17.9535 148.159 -571.26 -17.7231 159.053 -586.827 -33.126 150.903 -592.302 -33.3564 161.796 -607.869 -48.7593 169.946 -602.394 -48.5289 180.839 -617.961 -63.9318 172.689 -623.437 -64.1622 183.582 -639.004 -79.5652 187.657 -636.266 -79.4499 201.9 -656.619 -99.5886 332.323 -843.001 -284.005
element 5
  poly 0: -387.903 -169.848 143.705 -589.364 -165.483 -29.4089 -588.325 -170.187 -30.7371 -605.212 -169.821 -45.2482 -607.291 -160.413 -42.5919 -624.178 -160.047 -57.103 -622.099 -169.455 -59.7594 -638.987 -169.089 -74.2705 -640.026 -164.385 -72.9423 -663.144 -163.884 -92.8071 -589.381 -456.435 -167.469 -567.75 -455.464 -148.199 -566.482 -460.276 -149.38 -551.426 -459.601 -135.967 -553.961 -449.976 -133.605 -538.905 -449.3 -120.192 -536.369 -458.925 -122.553 -521.313 -458.249 -109.14 -522.581 -453.437 -107.959 -501.135 -452.475 -88.854 -491.08 -427.379 -68.2035 -487.675 -430.112 -66.5396 -479.98 -410.903 -50.7337 -486.789 -405.436 -54.0616 -479.094 -386.228 -38.2557 -472.284 -391.694 -34.9278 -464.588 -372.486 -19.1219 -467.993 -369.752 -20.7859 -457.883 -344.518 -0.0220153 -387.903 -169.848 143.705
  poly 1: -408.319 -178.787 191.076 -621.56 -174.167 7.84 -620.521 -178.871 6.51183 -637.408 -178.505 -7.99931 -639.487 -169.097 -5.34298 -656.374 -168.731 -19.8541 -654.295 -178.139 -22.5104 -671.183 -177.773 -37.0216 -672.222 -173.069 -35.6934 -698.046 -172.509 -57.8838 -620.401 -480.458 -136.475 -596.271 -479.375 -114.979 -595.003 -484.187 -116.16 -579.947 -483.512 -102.747 -582.483 -473.887 -100.385 -567.426 -473.211 -86.9721 -564.891 -482.836 -89.3337 -549.834 -482.16 -75.9205 -551.102 -477.348 -74.7398 -527.51 -476.289 -53.7227 -516.262 -448.214 -30.6211 -512.857 -450.948 -28.9571 -505.162 -431.739 -13.1512 -511.971 -426.272 -16.4792 -504.276 -407.063 -0.673275 -497.466 -412.53 2.65465 -489.77 -393.321 18.4606 -493.175 -390.588 16.7966 -481.982 -362.651 39.7847 -408.319 -178.787 191.076
element 6
  poly 0: -7.49089 -782.859 -32.7124 145.963 -532.449 72.764 150.3 -534.707 71.8131 164.719 -511.179 81.7235 156.043 -506.664 83.6254 170.462 -483.136 93.5358 179.137 -487.651 91.6339 193.555 -464.123 101.544 184.88 -459.608 103.446 199.298 -436.08 113.357 207.973 -440.595 111.455 222.392 -417.067 121.365 218.054 -414.809 122.316 238.785 -380.979 136.566 222.347 -348.187 150.378 217.937 -350.065 149.588 206.785 -327.819 158.958 215.604 -324.064 160.539 204.452 -301.818 169.91 195.633 -305.573 168.328 184.481 -283.327 177.699 193.299 -279.572 179.28 182.147 -257.326 188.651 173.329 -261.081 187.069 162.177 -238.835 196.439 166.586 -236.957 197.23 150.116 -204.103 211.069 -149.707 -204.103 211.069 -165.74 -234.708 198.178 -161.359 -236.657 197.357 -171.917 -256.811 188.867 -180.679 -252.913 190.509 -191.237 -273.067 182.02 -182.475 -276.965 180.378 -193.033 -297.119 171.889 -201.795 -293.221 173.531 -212.353 -313.375 165.042 -203.591 -317.274 163.4 -214.149 -337.428 154.91 -218.53 -335.478 155.731 -234.426 -365.823 142.95 -214.727 -402.023 127.702 -219.148 -404.067 126.841 -205.23 -429.645 116.067 -196.387 -425.558 117.788 -182.468 -451.136 107.014 -191.311 -455.223 105.293 -177.392 -480.801 94.5191 -168.55 -476.715 96.2405 -154.631 -502.293 85.4665 -163.474 -506.379 83.7451 -149.555 -531.958 72.9712 -145.134 -529.914 73.8319 -125.302 -566.359 58.4806 -7.49089 -782.859 -32.7124
  poly 1: -7.11634 -743.716 -68.8943 136.815 -508.846 30.0367 141.152 -511.104 29.0857 155.57 -487.575 38.9961 146.895 -483.06 40.898 161.313 -459.532 50.8084 169.989 -464.047 48.9066 184.407 -440.519 58.817 175.732 -436.004 60.7189 190.15 -412.476 70.6293 198.825 -416.991 68.7274 213.244 -393.463 78.6378 208.906 -391.206 79.5887 226.846 -361.93 91.92 212.593 -333.498 103.896 208.183 -335.375 103.105 197.031 -313.129 112.476 205.85 -309.375 114.057 194.698 -287.129 123.428 185.879 -290.883 121.846 174.727 -268.637 131.217 183.546 -264.883 132.798 172.394 -242.637 142.168 163.575 -246.391 140.587 152.423 -224.145 149.957 156.832 -222.268 150.748 142.61 -193.898 162.698 -142.222 -193.898 162.698 -156 -220.199 151.619 -151.619 -222.149 150.798 -162.177 -242.303 142.309 -170.939 -238.404 143.951 -181.497 -258.558 135.462 -172.735 -262.457 133.82 -183.293 -282.611 125.331 -192.055 -278.712 126.973 -202.613 -298.866 118.484 -193.851 -302.765 116.841 -204.409 -322.919 108.352 -208.79 -320.97 109.173 -222.705 -347.532 97.9849 -205.601 -378.963 84.7453 -210.022 -381.007 83.8846 -196.103 -406.585 73.1107 -187.261 -402.498 74.8321 -173.342 -428.076 64.0581 -182.185 -432.163 62.3368 -168.266 -457.741 51.5628 -159.423 -453.655 53.2842 -145.505 -479.233 42.5103 -154.347 -483.319 40.7889 -140.429 -508.898 30.015 -136.007 -506.854 30.8756 -119.037 -538.041 17.7391 -7.11634 -743.716 -68.8943
element 7
  poly 0: 428.152 -460.569 40.1359 548.009 -467.899 -67.5667 546.701 -472.677 -68.6965 563.06 -473.678 -83.3968 565.675 -464.123 -81.1372 582.035 -465.123 -95.8376 579.42 -474.678 -98.0972 595.779 -475.679 -112.798 597.086 -470.901 -111.668 622.42 -472.451 -134.432 698.046 -172.509 -57.8838 672.338 -173.066 -35.7931 671.299 -177.771 -37.1213 654.527 -178.134 -22.7099 656.606 -168.726 -20.0536 639.835 -169.089 -5.64215 637.756 -178.497 -8.29848 620.985 -178.861 6.11294 622.024 -174.157 7.4411 596.484 -174.71 29.3879 574.836 -211.473 30.7702 577.747 -213.315 27.3638 562.776 -238.74 28.3197 556.952 -235.054 35.1325 541.981 -260.478 36.0884 547.805 -264.164 29.2756 532.833 -289.588 30.2315 527.009 -285.902 37.0443 512.038 -311.327 38.0002 517.862 -315.012 31.1874 502.89 -340.436 32.1434 499.979 -338.594 35.5498 478.593 -374.909 36.9152 428.152 -460.569 40.1359
  poly 1: 406.744 -437.54 0.311558 519.44 -444.433 -100.956 518.133 -449.21 -102.086 534.492 -450.211 -116.786 537.107 -440.656 -114.527 553.466 -441.657 -129.227 550.851 -451.212 -131.487 567.211 -452.212 -146.187 568.518 -447.435 -145.057 591.299 -448.828 -165.528 663.144 -163.884 -92.8071 640.142 -164.382 -73.0421 639.103 -169.087 -74.3702 622.332 -169.45 -59.9588 624.41 -160.042 -57.3025 607.639 -160.405 -42.8911 605.56 -169.813 -45.5474 588.789 -170.177 -31.136 589.828 -165.473 -29.8078 566.659 -165.975 -9.89897 548.222 -197.285 -8.72172 551.134 -199.128 -12.1281 536.162 -224.552 -11.1722 530.338 -220.867 -4.3594 515.367 -246.291 -3.40348 521.191 -249.977 -10.2163 506.219 -275.401 -9.26037 500.396 -271.715 -2.44756 485.424 -297.139 -1.49164 491.248 -300.825 -8.30445 476.276 -326.249 -7.34853 473.365 -324.406 -3.94213 454.664 -356.164 -2.74809 406.744 -437.54 0.311558
element 8
  poly 0: -348.302 -583.202 51.3862 -218.53 -335.478 155.731 -214.57 -338.035 156.876 -204.012 -317.881 165.366 -211.931 -312.768 163.076 -201.373 -292.614 171.565 -193.454 -297.727 173.855 -182.896 -277.573 182.344 -190.816 -272.46 180.054 -180.258 -252.306 188.543 -172.339 -257.419 190.833 -161.781 -237.265 199.323 -165.74 -234.708 198.178 -149.707 -204.103 211.069 -167.757 -166.553 211.069 -171.697 -168.447 209.035 -184.124 -142.593 209.035 -176.244 -138.806 213.103 -188.671 -112.952 213.103 -196.551 -116.74 209.035 -208.978 -90.8864 209.035 -201.098 -87.0985 213.103 -213.525 -61.245 213.103 -221.405 -65.0329 209.035 -233.832 -39.1793 209.035 -229.892 -37.2854 211.069 -247.814 -2.8225e-13 211.069 -515.848 -5.42816e-12 98.6779 -530.638 -32.2872 85.9682 -526.557 -34.6436 87.2047 -536.585 -56.5343 78.5875 -544.748 -51.8215 76.1147 -554.776 -73.7123 67.4975 -546.613 -78.4251 69.9704 -556.642 -100.316 61.3532 -564.804 -95.6031 58.8804 -574.833 -117.494 50.2632 -566.67 -122.207 52.7361 -576.698 -144.097 44.1189 -580.779 -141.741 42.8825 -595.889 -174.723 29.8993 -481.982 -362.651 39.7847 -348.302 -583.202 51.3862
  poly 1: -330.887 -554.042 10.9994 -208.79 -320.97 109.173 -204.83 -323.526 110.318 -194.272 -303.372 118.808 -202.191 -298.259 116.517 -191.634 -278.105 125.007 -183.714 -283.218 127.297 -173.157 -263.064 135.786 -181.076 -257.951 133.496 -170.518 -237.797 141.985 -162.599 -242.91 144.275 -152.041 -222.756 152.764 -156 -220.199 151.619 -142.222 -193.898 162.698 -157.691 -161.715 162.698 -161.632 -163.609 160.664 -174.059 -137.755 160.664 -166.178 -133.968 164.732 -178.605 -108.114 164.732 -186.486 -111.902 160.664 -198.913 -86.0484 160.664 -191.032 -82.2605 164.732 -203.459 -56.407 164.732 -211.34 -60.1948 160.664 -223.767 -34.3413 160.664 -219.827 -32.4474 162.698 -235.423 1.27944e-12 162.698 -490.055 -3.60917e-12 55.9265 -503.163 -28.6139 44.6628 -499.082 -30.9703 45.8992 -509.11 -52.8611 37.2821 -517.273 -48.1483 34.8092 -527.301 -70.0391 26.192 -519.138 -74.7519 28.6649 -529.167 -96.6426 20.0478 -537.329 -91.9298 17.5749 -547.357 -113.821 8.95774 -539.195 -118.533 11.4306 -549.223 -140.424 2.81347 -553.304 -138.068 1.57703 -566.094 -165.987 -9.41313 -457.883 -344.518 -0.0220153 -330.887 -554.042 10.9994
element 9
  poly 0: 347.416 -597.673 45.2908 499.979 -338.594 35.5498 504.006 -341.048 33.3386 518.978 -315.624 32.3827 510.922 -310.714 36.805 525.894 -285.29 35.8491 533.949 -290.2 31.4267 548.92 -264.776 30.4708 540.865 -259.866 34.8932 555.837 -234.442 33.9373 563.892 -239.352 29.5149 578.863 -213.927 28.559 574.836 -211.473 30.7702 596.484 -174.71 29.3879 512.707 2.88051e-14 101.376 252.071 2.88051e-14 211.069 233.42 -37.3379 211.069 237.333 -39.2925 209.011 224.408 -65.1651 209.011 216.583 -61.2559 213.127 203.658 -87.1285 213.127 211.484 -91.0378 209.011 198.56 -116.91 209.011 190.734 -113.001 213.127 177.81 -138.874 213.127 185.636 -142.783 209.011 172.712 -168.656 209.011 168.799 -166.701 211.069 150.116 -204.103 211.069 166.586 -236.957 197.23 162.596 -239.445 198.387 173.748 -261.691 189.016 181.728 -256.716 186.703 192.88 -278.962 177.333 184.9 -283.937 179.646 196.052 -306.183 170.275 204.032 -301.208 167.963 215.184 -323.454 158.592 207.204 -328.429 160.905 218.357 -350.675 151.535 222.347 -348.187 150.378 238.785 -380.979 136.566 347.416 -597.673 45.2908
  poly 1: 330.045 -567.789 5.20877 473.365 -324.406 -3.94213 477.392 -326.861 -6.1533 492.364 -301.437 -7.10922 484.308 -296.527 -2.68688 499.28 -271.103 -3.6428 507.335 -276.013 -8.06514 522.306 -250.589 -9.02105 514.251 -245.679 -4.59871 529.223 -220.255 -5.55463 537.278 -225.164 -9.97697 552.249 -199.74 -10.9329 548.222 -197.285 -8.72172 566.659 -165.975 -9.89897 487.072 -2.70004e-13 58.49 239.467 -9.06614e-12 162.698 223.333 -32.2993 162.698 227.246 -34.254 160.64 214.322 -60.1266 160.64 206.496 -56.2174 164.756 193.572 -82.09 164.756 201.398 -85.9992 160.64 188.474 -111.872 160.64 180.648 -107.963 164.756 167.724 -133.835 164.756 175.55 -137.745 160.64 162.625 -163.617 160.64 158.713 -161.663 162.698 142.61 -193.898 162.698 156.832 -222.268 150.748 152.842 -224.755 151.904 163.994 -247.001 142.534 171.974 -242.027 140.221 183.126 -264.273 130.851 175.146 -269.247 133.164 186.299 -291.493 123.793 194.279 -286.519 121.481 205.431 -308.765 112.11 197.451 -313.739 114.423 208.603 -335.985 105.052 212.593 -333.498 103.896 226.846 -361.93 91.92 330.045 -567.789 5.20877
element 10
  poly 0: -412.492 169.315 122.576 -589.364 165.483 -29.4089 -589.302 160.486 -29.3554 -606.189 160.12 -43.8665 -606.314 170.113 -43.9736 -623.201 169.747 -58.4847 -623.076 159.754 -58.3777 -639.964 159.388 -72.8888 -640.026 164.385 -72.9423 -663.356 163.879 -92.9892 -663.356 -163.879 -92.9892 -640.026 -164.385 -72.9423 -640.089 -169.405 -72.9961 -623.201 -169.771 -58.485 -623.076 -159.731 -58.3774 -606.189 -160.097 -43.8663 -606.314 -170.137 -43.9738 -589.427 -170.503 -29.4627 -589.364 -165.483 -29.4089 -566.094 -165.987 -9.41313 -553.304 -138.068 1.57703 -550.36 -140.413 4.10716 -540.332 -118.522 12.7243 -546.221 -113.832 7.66406 -536.192 -91.9414 16.2812 -530.303 -96.631 21.3415 -520.275 -74.7403 29.9586 -526.164 -70.0507 24.8984 -516.136 -48.1599 33.5155 -510.247 -52.8495 38.5758 -500.219 -30.9588 47.1929 -503.163 -28.6139 44.6628 -490.055 -8.8069e-13 55.9265 -412.492 169.315 122.576
  poly 1: -434.202 178.226 168.836 -621.56 174.167 7.84 -621.498 169.17 7.89352 -638.385 168.804 -6.61762 -638.51 178.798 -6.72466 -655.397 178.432 -21.2358 -655.272 168.438 -21.1288 -672.16 168.072 -35.6399 -672.222 173.069 -35.6934 -698.269 172.505 -58.0755 -698.269 -172.505 -58.0755 -672.222 -173.069 -35.6934 -672.285 -178.089 -35.7472 -655.397 -178.455 -21.236 -655.272 -168.415 -21.1285 -638.385 -168.781 -6.61738 -638.51 -178.821 -6.72491 -621.623 -179.187 7.78623 -621.56 -174.167 7.84 -595.889 -174.723 29.8993 -580.779 -141.741 42.8825 -577.835 -144.086 45.4126 -567.807 -122.195 54.0298 -573.696 -117.505 48.9695 -563.667 -95.6146 57.5867 -557.779 -100.304 62.6469 -547.75 -78.4135 71.2641 -553.639 -73.7239 66.2038 -543.611 -51.8331 74.821 -537.722 -56.5228 79.8812 -527.694 -34.632 88.4984 -530.638 -32.2872 85.9682 -515.848 9.383e-13 98.6779 -434.202 178.226 168.836
element 11
  poly 0: -2.67972 -509.983 211.069 168.799 -166.701 211.069 173.214 -168.907 211.069 186.139 -143.034 211.069 177.308 -138.623 211.069 190.232 -112.75 211.069 199.063 -117.161 211.069 211.987 -91.2887 211.069 203.156 -86.8776 211.069 216.08 -61.005 211.069 224.911 -65.4161 211.069 237.835 -39.5434 211.069 233.42 -37.3379 211.069 252.071 3.2653e-14 211.069 233.42 37.3379 211.069 229.095 35.1778 211.069 216.171 61.0504 211.069 224.82 65.3706 211.069 211.896 91.2433 211.069 203.247 86.923 211.069 190.323 112.796 211.069 198.972 117.116 211.069 186.048 142.989 211.069 177.399 138.668 211.069 164.475 164.541 211.069 168.799 166.701 211.069 150.116 204.103 211.069 -149.707 204.103 211.069 -167.757 166.553 211.069 -163.411 164.464 211.069 -175.838 138.611 211.069 -184.529 142.788 211.069 -196.956 116.935 211.069 -188.265 112.757 211.069 -200.692 86.9036 211.069 -209.384 91.0813 211.069 -221.811 65.2278 211.069 -213.119 61.0501 211.069 -225.546 35.1965 211.069 -229.892 37.2854 211.069 -247.814 -5.15083e-12 211.069 -229.892 -37.2854 211.069 -234.329 -39.418 211.069 -221.902 -65.2715 211.069 -213.028 -61.0064 211.069 -200.601 -86.8599 211.069 -209.474 -91.1251 211.069 -197.047 -116.979 211.069 -188.174 -112.713 211.069 -175.747 -138.567 211.069 -184.62 -142.832 211.069 -172.193 -168.686 211.069 -167.757 -166.553 211.069 -149.707 -204.103 211.069 -2.67972 -509.983 211.069
  poly 1: -2.54574 -484.484 162.698 158.713 -161.663 162.698 163.128 -163.868 162.698 176.052 -137.995 162.698 167.221 -133.584 162.698 180.145 -107.712 162.698 188.976 -112.123 162.698 201.9 -86.2502 162.698 193.07 -81.8391 162.698 205.994 -55.9664 162.698 214.824 -60.3775 162.698 227.748 -34.5049 162.698 223.333 -32.2993 162.698 239.467 -1.33877e-12 162.698 223.333 32.2993 162.698 219.009 30.1392 162.698 206.085 56.0119 162.698 214.733 60.3321 162.698 201.809 86.2047 162.698 193.16 81.8845 162.698 180.236 107.757 162.698 188.885 112.077 162.698 175.961 137.95 162.698 167.312 133.63 162.698 154.388 159.502 162.698 158.713 161.663 162.698 142.61 193.898 162.698 -142.222 193.898 162.698 -157.691 161.715 162.698 -153.346 159.626 162.698 -165.773 133.773 162.698 -174.464 137.95 162.698 -186.891 112.097 162.698 -178.2 107.919 162.698 -190.627 82.0656 162.698 -199.318 86.2433 162.698 -211.745 60.3898 162.698 -203.054 56.212 162.698 -215.481 30.3585 162.698 -219.827 32.4474 162.698 -235.423 -5.28549e-12 162.698 -219.827 -32.4474 162.698 -224.263 -34.58 162.698 -211.836 -60.4335 162.698 -202.963 -56.1683 162.698 -190.536 -82.0219 162.698 -199.409 -86.287 162.698 -186.982 -112.141 162.698 -178.109 -107.875 162.698 -165.682 -133.729 162.698 -174.555 -137.994 162.698 -162.128 -163.848 162.698 -157.691 -161.715 162.698 -142.222 -193.898 162.698 -2.54574 -484.484 162.698
element 12
  poly 0: 427.172 -178.379 174.876 622.024 -174.157 7.4411 622.087 -179.177 7.38734 638.858 -178.813 -7.02408 638.733 -168.773 -6.91655 655.504 -168.41 -21.328 655.629 -178.45 -21.4355 672.401 -178.086 -35.8469 672.338 -173.066 -35.7931 698.269 -172.505 -58.0755 698.269 172.505 -58.0755 672.338 173.066 -35.7931 672.276 168.07 -35.7396 655.504 168.433 -21.3282 655.629 178.427 -21.4352 638.858 178.79 -7.02383 638.733 168.797 -6.9168 621.962 169.16 7.49462 622.024 174.157 7.4411 596.484 174.71 29.3879 580.747 141.892 42.9106 583.874 139.285 40.2233 573.363 117.365 49.2552 567.108 122.579 54.6299 556.598 100.659 63.6618 562.852 95.4453 58.287 552.342 73.5257 67.3189 546.087 78.7396 72.6937 535.576 56.82 81.7255 541.831 51.606 76.3508 531.32 29.6864 85.3827 528.192 32.2933 88.0701 512.707 2.88051e-14 101.376 427.172 -178.379 174.876
  poly 1: 405.813 -169.46 128.315 589.828 -165.473 -29.8078 589.891 -170.493 -29.8616 606.662 -170.129 -44.273 606.537 -160.089 -44.1655 623.308 -159.726 -58.5769 623.433 -169.766 -58.6844 640.205 -169.402 -73.0958 640.142 -164.382 -73.0421 663.356 -163.879 -92.9892 663.356 163.879 -92.9892 640.142 164.382 -73.0421 640.08 159.386 -72.9886 623.309 159.749 -58.5771 623.433 169.742 -58.6842 606.662 170.106 -44.2728 606.537 160.112 -44.1657 589.766 160.476 -29.7543 589.828 165.473 -29.8078 566.659 165.975 -9.89897 553.269 138.049 1.60763 556.396 135.442 -1.07974 545.885 113.522 7.95214 539.63 118.736 13.3269 529.12 96.8167 22.3588 535.374 91.6028 16.984 524.864 69.6831 26.0159 518.609 74.897 31.3906 508.098 52.9774 40.4225 514.353 47.7635 35.0478 503.842 25.8438 44.0797 500.715 28.4508 46.767 487.072 2.88051e-14 58.49 405.813 -169.46 128.315
element 13
  poly 0: -365.8 -271.239 162.698 -219.827 32.4474 162.698 -215.969 30.5929 164.689 -203.542 56.4465 164.689 -211.258 60.1554 160.706 -198.831 86.0089 160.706 -191.115 82.3 164.689 -178.688 108.154 164.689 -186.404 111.862 160.706 -173.977 137.716 160.706 -166.26 134.007 164.689 -153.833 159.861 164.689 -157.691 161.715 162.698 -142.222 193.898 162.698 -156 220.199 151.619 -159.972 217.635 150.471 -170.53 237.789 141.982 -162.587 242.918 144.279 -173.145 263.072 135.789 -181.088 257.943 133.492 -191.645 278.097 125.003 -183.703 283.226 127.3 -194.26 303.38 118.811 -202.203 298.251 116.514 -212.761 318.405 108.025 -208.79 320.97 109.173 -222.705 347.532 97.9849 -457.883 344.518 -0.0220153 -476.204 314.291 -1.61203 -472.484 311.929 0.424278 -486.87 288.194 -0.824219 -494.311 292.919 -4.89683 -508.697 269.184 -6.14533 -501.256 264.459 -2.07272 -515.642 240.724 -3.32121 -523.083 245.449 -7.39383 -537.469 221.714 -8.64232 -530.028 216.99 -4.56971 -544.414 193.255 -5.81821 -548.135 195.617 -7.85451 -566.094 165.987 -9.41313 -490.055 -2.8225e-13 55.9265 -365.8 -271.239 162.698
  poly 1: -385.053 -285.515 211.069 -229.892 37.2854 211.069 -226.034 35.431 213.06 -213.607 61.2845 213.06 -221.323 64.9934 209.077 -208.896 90.8469 209.077 -201.18 87.138 213.06 -188.753 112.992 213.06 -196.469 116.7 209.077 -184.042 142.554 209.077 -176.326 138.845 213.06 -163.899 164.699 213.06 -167.757 166.553 211.069 -149.707 204.103 211.069 -165.74 234.708 198.178 -169.712 232.144 197.029 -180.27 252.298 188.54 -172.327 257.426 190.837 -182.885 277.58 182.348 -190.827 272.452 180.051 -201.385 292.606 171.561 -193.442 297.735 173.858 -204 317.889 165.369 -211.943 312.76 163.072 -222.501 332.914 154.583 -218.53 335.478 155.731 -234.426 365.823 142.95 -481.982 362.651 39.7847 -502.789 328.322 37.979 -499.069 325.96 40.0153 -513.455 302.225 38.7668 -520.896 306.95 34.6942 -535.282 283.215 33.4457 -527.841 278.49 37.5183 -542.227 254.755 36.2698 -549.668 259.48 32.1972 -564.054 235.745 30.9487 -556.613 231.021 35.0213 -570.999 207.286 33.7728 -574.72 209.648 31.7365 -595.889 174.723 29.8993 -515.848 -2.8225e-13 98.6779 -385.053 -285.515 211.069
element 14
  poly 0: 385.053 -266.215 211.069 528.192 32.2933 88.0701 532.53 29.6869 86.7924 543.041 51.6066 77.7606 534.366 56.8194 80.3158 544.876 78.7391 71.2839 553.552 73.5262 68.7287 564.063 95.4459 59.6968 555.387 100.659 62.252 565.898 122.578 53.2201 574.573 117.366 50.6649 585.084 139.285 41.633 580.747 141.892 42.9106 596.484 174.71 29.3879 478.593 374.909 36.9152 238.785 380.979 136.566 222.347 348.187 150.378 226.349 345.692 149.218 215.197 323.446 158.589 207.192 328.436 160.909 196.04 306.19 170.279 204.045 301.2 167.959 192.893 278.954 177.329 184.888 283.944 179.649 173.736 261.698 189.02 181.741 256.708 186.7 170.589 234.462 196.07 166.586 236.957 197.23 150.116 204.103 211.069 168.799 166.701 211.069 164.968 164.787 213.084 177.892 138.915 213.084 185.554 142.742 209.054 198.478 116.869 209.054 190.816 113.042 213.084 203.74 87.1695 213.084 211.402 90.9968 209.054 224.327 65.1242 209.054 216.665 61.2968 213.084 229.589 35.4242 213.084 233.42 37.3379 211.069 252.071 2.88051e-14 211.069 385.053 -266.215 211.069
  poly 1: 365.8 -252.904 162.698 500.715 28.4508 46.767 505.052 25.8443 45.4894 515.563 47.764 36.4575 506.888 52.9768 39.0128 517.399 74.8965 29.9809 526.074 69.6836 27.4257 536.585 91.6033 18.3938 527.909 96.8161 20.949 538.42 118.736 11.9171 547.096 113.523 9.36189 557.606 135.443 0.330011 553.269 138.049 1.60763 566.659 165.975 -9.89897 454.664 356.164 -2.74809 226.846 361.93 91.92 212.593 333.498 103.896 216.595 331.003 102.736 205.443 308.757 112.107 197.438 313.747 114.426 186.286 291.501 123.797 194.291 286.511 121.477 183.139 264.265 130.847 175.134 269.255 133.167 163.982 247.009 142.538 171.987 242.019 140.218 160.835 219.773 149.588 156.832 222.268 150.748 142.61 193.898 162.698 158.713 161.663 162.698 154.882 159.749 164.713 167.806 133.876 164.713 175.468 137.704 160.683 188.392 111.831 160.683 180.73 108.004 164.713 193.654 82.1309 164.713 201.316 85.9583 160.683 214.24 60.0857 160.683 206.578 56.2583 164.713 219.502 30.3857 164.713 223.333 32.2993 162.698 239.467 -2.70004e-13 162.698 365.8 -252.904 162.698
element 15
  poly 0: -401.688 437.231 4.85487 -591.299 448.828 -165.528 -663.144 163.884 -92.8071 -640.026 164.385 -72.9423 -641.061 159.703 -71.6204 -624.173 160.069 -57.1092 -622.104 169.433 -59.7532 -605.217 169.799 -45.242 -607.286 160.434 -42.5981 -590.399 160.8 -28.0869 -589.364 165.483 -29.4089 -566.094 165.987 -9.41313 -548.135 195.617 -7.85451 -545.474 193.839 -4.69722 -531.088 217.573 -3.44872 -536.409 221.131 -9.76331 -522.023 244.865 -8.51482 -516.702 241.308 -2.20022 -502.316 265.043 -0.951725 -507.637 268.6 -7.26632 -493.251 292.335 -6.01782 -487.93 288.778 0.296772 -473.544 312.512 1.54527 -476.204 314.291 -1.61203 -457.883 344.518 -0.0220153 -401.688 437.231 4.85487
  poly 1: -422.83 460.243 44.9183 -622.42 472.451 -134.432 -698.046 172.509 -57.8838 -672.222 173.069 -35.6934 -673.256 168.387 -34.3714 -656.369 168.753 -19.8603 -654.3 178.117 -22.5043 -637.413 178.483 -7.99312 -639.482 169.119 -5.34916 -622.595 169.484 9.16198 -621.56 174.167 7.84 -595.889 174.723 29.8993 -574.72 209.648 31.7365 -572.059 207.87 34.8938 -557.673 231.604 36.1423 -562.994 235.162 29.8277 -548.608 258.896 31.0762 -543.287 255.339 37.3908 -528.901 279.074 38.6393 -534.222 282.631 32.3247 -519.836 306.366 33.5732 -514.515 302.809 39.8878 -500.129 326.543 41.1363 -502.789 328.322 37.979 -481.982 362.651 39.7847 -422.83 460.243 44.9183
element 16
  poly 0: 3.50177 -88.3598 334.259 166.586 236.957 197.23 171.009 235.074 198.023 182.161 257.32 188.653 173.315 261.086 187.067 184.467 283.332 177.696 193.313 279.566 179.283 204.465 301.812 169.912 195.619 305.578 168.326 206.771 327.825 158.955 215.618 324.058 160.542 226.77 346.304 151.172 222.347 348.187 150.378 238.785 380.979 136.566 218.054 414.809 122.316 213.847 412.619 123.238 199.429 436.148 113.328 207.843 440.527 111.483 193.425 464.055 101.573 185.01 459.676 103.418 170.592 483.204 93.5071 179.006 487.583 91.6625 164.588 511.111 81.7521 156.174 506.732 83.5967 141.756 530.26 73.6863 145.963 532.449 72.764 125.182 566.359 58.4806 -125.302 566.359 58.4806 -145.134 529.914 73.8319 -140.842 527.931 74.6673 -154.761 502.353 85.4412 -163.344 506.319 83.7704 -177.262 480.741 94.5444 -168.68 476.775 96.2152 -182.598 451.196 106.989 -191.181 455.163 105.318 -205.1 429.585 116.092 -196.517 425.618 117.763 -210.436 400.04 128.537 -214.727 402.023 127.702 -234.426 365.823 142.95 -218.53 335.478 155.731 -222.924 333.523 156.555 -212.366 313.369 165.044 -203.578 317.279 163.397 -193.02 297.125 171.886 -201.808 293.215 173.533 -191.25 273.061 182.023 -182.462 276.971 180.376 -171.904 256.817 188.865 -180.692 252.907 190.512 -170.134 232.753 199.001 -165.74 234.708 198.178 -149.707 204.103 211.069 3.50177 -88.3598 334.259
  poly 1: 3.32668 -83.9418 279.729 156.832 222.268 150.748 161.255 220.385 151.541 172.407 242.631 142.171 163.561 246.397 140.584 174.713 268.643 131.214 183.56 264.877 132.801 194.712 287.123 123.43 185.865 290.889 121.844 197.018 313.135 112.473 205.864 309.369 114.06 217.016 331.615 104.689 212.593 333.498 103.896 226.846 361.93 91.92 208.906 391.206 79.5887 204.699 389.016 80.511 190.281 412.544 70.6006 198.695 416.923 68.756 184.276 440.451 58.8456 175.862 436.072 60.6902 161.444 459.6 50.7798 169.858 463.979 48.9352 155.44 487.508 39.0248 147.026 483.128 40.8694 132.607 506.656 30.959 136.815 508.846 30.0367 118.923 538.041 17.7391 -119.037 538.041 17.7391 -136.007 506.854 30.8756 -131.716 504.871 31.711 -145.635 479.293 42.485 -154.217 483.259 40.8142 -168.136 457.681 51.5881 -159.553 453.715 53.2589 -173.472 428.136 64.0328 -182.055 432.103 62.3621 -195.973 406.525 73.136 -187.391 402.558 74.8068 -201.309 376.98 85.5807 -205.601 378.963 84.7453 -222.705 347.532 97.9849 -208.79 320.97 109.173 -213.184 319.015 109.997 -202.626 298.861 118.486 -193.838 302.771 116.839 -183.28 282.617 125.328 -192.068 278.707 126.975 -181.51 258.552 135.464 -172.722 262.462 133.817 -162.164 242.308 142.307 -170.952 238.398 143.954 -160.394 218.244 152.443 -156 220.199 151.619 -142.222 193.898 162.698 3.32668 -83.9418 279.729
element 17
  poly 0: 364.43 170.357 163.875 589.828 165.473 -29.8078 590.863 160.79 -28.4858 607.634 160.427 -42.8973 605.565 169.791 -45.5412 622.336 169.428 -59.9526 624.405 160.063 -57.3087 641.177 159.7 -71.7201 640.142 164.382 -73.0421 663.144 163.884 -92.8071 589.381 456.435 -167.469 501.442 452.489 -89.1277 490.412 429.776 -68.7599 493.9 426.679 -70.3239 485.658 409.708 -55.1048 478.682 415.901 -51.9767 470.44 398.93 -36.7576 477.417 392.737 -39.8856 469.175 375.765 -24.6665 465.687 378.862 -23.1025 454.664 356.164 -2.74809 364.43 170.357 163.875
  poly 1: 383.61 179.323 212.308 622.024 174.157 7.4411 623.059 169.474 8.76309 639.83 169.111 -5.64833 637.761 178.476 -8.2923 654.532 178.112 -22.7037 656.601 168.748 -20.0597 673.373 168.384 -34.4712 672.338 173.066 -35.7931 698.046 172.509 -57.8838 620.401 480.458 -136.475 527.834 476.304 -54.0108 515.58 451.071 -31.3832 519.068 447.975 -32.9473 510.826 431.003 -17.7281 503.85 437.196 -14.6001 495.608 420.225 0.619084 502.585 414.032 -2.50898 494.343 397.06 12.7102 490.855 400.157 14.2742 478.593 374.909 36.9152 383.61 179.323 212.308
element 18
  poly 0: -358.852 97.3356 203.372 -205.601 378.963 84.7453 -201.743 377.859 87.1063 -187.824 403.437 76.3324 -195.54 405.646 71.6104 -181.621 431.225 60.8364 -173.905 429.015 65.5585 -159.987 454.593 54.7845 -167.703 456.803 50.0625 -153.784 482.381 39.2886 -146.068 480.171 44.0106 -132.149 505.749 33.2367 -136.007 506.854 30.8756 -119.037 538.041 17.7391 -135.198 558.433 -2.43743 -139.147 555.522 -2.21649 -151.468 571.068 -17.5988 -143.571 576.89 -18.0407 -155.893 592.436 -33.4231 -163.79 586.615 -32.9812 -176.111 602.161 -48.3635 -168.214 607.982 -48.8054 -180.536 623.529 -64.1878 -188.433 617.707 -63.7459 -200.754 633.253 -79.1282 -196.806 636.164 -79.3492 -212.641 656.144 -99.1179 -419.314 604.215 -153.089 -432.871 576.231 -140.591 -428.732 575.287 -138.215 -438.955 554.183 -128.79 -447.233 556.071 -133.541 -457.456 534.968 -124.116 -449.179 533.079 -119.365 -459.402 511.976 -109.94 -467.679 513.864 -114.691 -477.903 492.76 -105.266 -469.625 490.872 -100.515 -479.849 469.769 -91.0903 -483.987 470.713 -93.4657 -497.372 443.083 -81.1262 -457.883 344.518 -0.0220153 -358.852 97.3356 203.372
  poly 1: -377.739 102.458 253.883 -214.727 402.023 127.702 -210.869 400.919 130.063 -196.95 426.497 119.289 -204.666 428.707 114.567 -190.748 454.285 103.793 -183.032 452.075 108.515 -169.113 477.653 97.7408 -176.829 479.863 93.0188 -162.91 505.441 82.2448 -155.194 503.231 86.9669 -141.276 528.809 76.1929 -145.134 529.914 73.8319 -125.302 566.359 58.4806 -143.6 589.447 35.6367 -147.548 586.536 35.8577 -159.87 602.082 20.4753 -151.973 607.904 20.0334 -164.295 623.45 4.65108 -172.191 617.628 5.09296 -184.513 633.175 -10.2894 -176.616 638.996 -10.7313 -188.938 654.542 -26.1136 -196.834 648.721 -25.6717 -209.156 664.267 -41.0541 -205.207 667.178 -41.275 -223.832 690.677 -64.5267 -441.383 636.016 -121.338 -457.281 603.199 -106.682 -453.142 602.255 -104.307 -463.365 581.152 -94.8817 -471.643 583.04 -99.6325 -481.866 561.936 -90.2075 -473.589 560.048 -85.4567 -483.812 538.945 -76.0317 -492.09 540.833 -80.7825 -502.313 519.729 -71.3575 -494.035 517.841 -66.6068 -504.259 496.738 -57.1818 -508.397 497.682 -59.5572 -523.55 466.403 -45.5882 -481.982 362.651 39.7847 -377.739 102.458 253.883
element 19
  poly 0: 374.217 159.979 229.655 490.855 400.157 14.2742 495.376 397.711 13.9957 503.618 414.683 -1.22349 494.575 419.574 -0.666407 502.817 436.545 -15.8856 511.86 431.654 -16.4426 520.102 448.625 -31.6618 515.58 451.071 -31.3832 527.834 476.304 -54.0108 512.391 505.792 -67.5692 508.32 504.788 -65.1176 498.258 524.001 -73.9517 506.399 526.01 -78.855 496.337 545.223 -87.6891 488.196 543.214 -82.7858 478.134 562.428 -91.62 486.275 564.436 -96.5233 476.213 583.65 -105.357 468.072 581.641 -100.454 458.01 600.854 -109.288 462.08 601.858 -111.74 446.073 632.424 -125.794 212.526 691.178 -65.0222 196.075 667.668 -41.7602 200.13 664.944 -41.6455 189.237 649.377 -26.2426 181.126 654.826 -26.4719 170.233 639.259 -11.069 178.344 633.81 -10.8397 167.45 618.243 4.56325 159.339 623.692 4.33393 148.446 608.125 19.7368 156.557 602.676 19.9662 145.664 587.109 35.3691 141.608 589.833 35.2544 125.182 566.359 58.4806 145.963 532.449 72.764 142.201 531.194 75.2545 156.62 507.666 85.1649 164.142 510.177 80.1839 178.56 486.649 90.0943 171.038 484.137 95.0753 185.456 460.609 104.986 192.979 463.121 100.005 207.397 439.593 109.915 199.875 437.081 114.896 214.293 413.553 124.807 218.054 414.809 122.316 238.785 380.979 136.566 374.217 159.979 229.655
  poly 1: 355.506 151.98 180.354 465.687 378.862 -23.1025 470.208 376.416 -23.381 478.45 393.387 -38.6001 469.407 398.279 -38.0431 477.649 415.25 -53.2622 486.692 410.359 -53.8193 494.934 427.33 -69.0384 490.412 429.776 -68.7599 501.442 452.489 -89.1277 488.168 477.835 -100.782 484.097 476.831 -98.3303 474.035 496.044 -107.164 482.176 498.053 -112.068 472.114 517.266 -120.902 463.973 515.258 -115.999 453.911 534.471 -124.833 462.052 536.48 -129.736 451.99 555.693 -138.57 443.849 553.684 -133.667 433.787 572.897 -142.501 437.857 573.902 -144.953 423.769 600.803 -157.321 201.9 656.619 -99.5886 187.657 636.266 -79.4499 191.713 633.542 -79.3353 180.82 617.974 -63.9324 172.708 623.423 -64.1617 161.815 607.856 -48.7588 169.926 602.407 -48.5294 159.033 586.84 -33.1265 150.922 592.289 -33.3559 140.029 576.722 -17.9529 148.14 571.273 -17.7236 137.247 555.706 -2.3207 133.191 558.431 -2.43537 118.923 538.041 17.7391 136.815 508.846 30.0367 133.053 507.59 32.5272 147.472 484.062 42.4376 154.994 486.574 37.4566 169.412 463.046 47.367 161.89 460.534 52.348 176.308 437.006 62.2584 183.831 439.518 57.2774 198.249 415.99 67.1878 190.726 413.478 72.1688 205.145 389.95 82.0792 208.906 391.206 79.5887 226.846 361.93 91.92 355.506 151.98 180.354
element 20
  poly 0: -2529.18 -3751.09 1792.02 -483.987 470.713 -93.4657 -480.694 470.459 -90.4614 -470.471 491.563 -99.8864 -477.058 492.07 -105.895 -466.834 513.174 -115.32 -460.247 512.666 -109.311 -450.024 533.77 -118.736 -456.611 534.277 -124.745 -446.388 555.381 -134.17 -439.801 554.873 -128.161 -429.577 575.977 -137.586 -432.871 576.231 -140.591 -419.761 603.293 -152.677 -546.138 546.11 -210.638 -591.038 448.812 -165.294 -2529.18 -3751.09 1792.02
  poly 1: -2662.29 -3948.52 1926.14 -508.397 497.682 -59.5572 -505.104 497.428 -56.5529 -494.881 518.532 -65.9779 -501.468 519.039 -71.9864 -491.244 540.143 -81.4114 -484.657 539.635 -75.4028 -474.434 560.739 -84.8278 -481.021 561.246 -90.8364 -470.798 582.35 -100.261 -464.211 581.842 -94.2528 -453.987 602.946 -103.678 -457.281 603.199 -106.682 -441.854 635.045 -120.904 -574.882 574.852 -181.916 -622.146 472.434 -134.186 -2662.29 -3948.52 1926.14
element 21
  poly 0: 7.34268 378.587 175.513 133.191 558.431 -2.43537 137.546 556.891 -0.911811 148.439 572.458 -16.3147 139.73 575.538 -19.3618 150.623 591.105 -34.7647 159.332 588.025 -31.7176 170.225 603.592 -47.1206 161.516 606.672 -50.1677 172.409 622.239 -65.5706 181.119 619.159 -62.5235 192.012 634.726 -77.9264 187.657 636.266 -79.4499 201.95 656.691 -99.6594 -213.075 656.691 -99.6594 -196.806 636.164 -79.3492 -201.06 634.461 -77.6635 -188.738 618.914 -62.2812 -180.23 622.322 -65.6525 -167.909 606.775 -50.2701 -176.417 603.368 -46.8988 -164.095 587.822 -31.5165 -155.587 591.229 -34.8878 -143.266 575.683 -19.5054 -151.774 572.276 -16.1341 -139.452 556.729 -0.7518 -135.198 558.433 -2.43743 -119.037 538.041 17.7391 7.34268 378.587 175.513
  poly 1: 7.72914 398.512 224.558 141.608 589.833 35.2544 145.963 588.293 36.778 156.856 603.86 21.3751 148.147 606.94 18.3279 159.04 622.507 2.92503 167.75 619.427 5.97214 178.643 634.994 -9.43077 169.933 638.074 -12.4779 180.827 653.641 -27.8808 189.536 650.561 -24.8337 200.429 666.128 -40.2366 196.075 667.668 -41.7602 212.579 691.254 -65.0967 -224.289 691.254 -65.0967 -205.207 667.178 -41.275 -209.461 665.474 -39.5894 -197.14 649.928 -24.207 -188.632 653.335 -27.5783 -176.311 637.789 -12.196 -184.818 634.382 -8.8247 -172.497 618.836 6.55765 -163.989 622.243 3.18639 -151.668 606.697 18.5687 -160.175 603.289 21.94 -147.854 587.743 37.3223 -143.6 589.447 35.6367 -125.302 566.359 58.4806 7.72914 398.512 224.558
element 22
  poly 0: 1720.24 -1874.77 980.928 545.761 545.585 -211.069 424.44 599.521 -156.732 437.857 573.902 -144.953 434.605 573.597 -141.911 444.667 554.384 -133.077 451.171 554.993 -139.16 461.234 535.78 -130.325 454.729 535.17 -124.243 464.791 515.957 -115.409 471.296 516.567 -121.491 481.358 497.354 -112.657 474.854 496.744 -106.575 484.916 477.531 -97.7409 488.168 477.835 -100.782 501.442 452.489 -89.1277 1720.24 -1874.77 980.928
  poly 1: 1810.78 -1973.44 1072.36 574.485 574.3 -182.37 446.78 631.075 -125.173 462.08 601.858 -111.74 458.828 601.554 -108.699 468.89 582.34 -99.8647 475.394 582.95 -105.947 485.456 563.737 -97.1127 478.952 563.127 -91.0305 489.014 543.914 -82.1964 495.519 544.524 -88.2786 505.581 525.31 -79.4444 499.076 524.7 -73.3623 509.139 505.487 -64.5282 512.391 505.792 -67.5692 527.834 476.304 -54.0108 1810.78 -1973.44 1072.36
