14 5 5 5 5 5 5 5 5 5 5 5 5 13 13
46 5 5 5 5 5 5 5 5 5 5 5 5 5 5 5 5 5 5 5 5 5 5 5 5 5 5 5 5 5 5 5 5 5 5 5 5 5 5 5 5 5 5 5 5 25 25
12 5 5 5 5 5 5 5 5 5 5 31 31
16 5 5 5 5 5 5 5 5 5 5 5 5 5 5 48 48
32 5 5 5 5 5 5 5 5 5 5 5 5 5 5 5 5 5 5 5 5 5 5 5 5 5 5 5 5 5 5 139 139
14 5 5 5 5 5 5 5 5 5 5 5 5 44 44
18 5 5 5 5 5 5 5 5 5 5 5 5 5 5 5 5 54 54
40 5 5 5 5 5 5 5 5 5 5 5 5 5 5 5 5 5 5 5 5 5 5 5 5 5 5 5 5 5 5 5 5 5 5 5 5 5 5 127 127
12 5 5 5 5 5 5 5 5 5 5 50 50
20 5 5 5 5 5 5 5 5 5 5 5 5 5 5 5 5 5 5 48 48
32 5 5 5 5 5 5 5 5 5 5 5 5 5 5 5 5 5 5 5 5 5 5 5 5 5 5 5 5 5 5 151 151
16 5 5 5 5 5 5 5 5 5 5 5 5 5 5 44 44
14 5 5 5 5 5 5 5 5 5 5 5 5 54 54
38 5 5 5 5 5 5 5 5 5 5 5 5 5 5 5 5 5 5 5 5 5 5 5 5 5 5 5 5 5 5 5 5 5 5 5 5 115 115
12 5 5 5 5 5 5 5 5 5 5 56 56
18 5 5 5 5 5 5 5 5 5 5 5 5 5 5 5 5 48 48
30 5 5 5 5 5 5 5 5 5 5 5 5 5 5 5 5 5 5 5 5 5 5 5 5 5 5 5 5 133 133
16 5 5 5 5 5 5 5 5 5 5 5 5 5 5 44 44
16 5 5 5 5 5 5 5 5 5 5 5 5 5 5 60 60
36 5 5 5 5 5 5 5 5 5 5 5 5 5 5 5 5 5 5 5 5 5 5 5 5 5 5 5 5 5 5 5 5 5 5 115 115
14 5 5 5 5 5 5 5 5 5 5 5 5 56 56
22 5 5 5 5 5 5 5 5 5 5 5 5 5 5 5 5 5 5 5 5 48 48
28 5 5 5 5 5 5 5 5 5 5 5 5 5 5 5 5 5 5 5 5 5 5 5 5 5 5 139 139
16 5 5 5 5 5 5 5 5 5 5 5 5 5 5 50 50
18 5 5 5 5 5 5 5 5 5 5 5 5 5 5 5 5 60 60
32 5 5 5 5 5 5 5 5 5 5 5 5 5 5 5 5 5 5 5 5 5 5 5 5 5 5 5 5 5 5 103 103
14 5 5 5 5 5 5 5 5 5 5 5 5 56 56
22 5 5 5 5 5 5 5 5 5 5 5 5 5 5 5 5 5 5 5 5 60 60
24 5 5 5 5 5 5 5 5 5 5 5 5 5 5 5 5 5 5 5 5 5 5 121 121
18 5 5 5 5 5 5 5 5 5 5 5 5 5 5 5 5 50 50
20 5 5 5 5 5 5 5 5 5 5 5 5 5 5 5 5 5 5 66 66
26 5 5 5 5 5 5 5 5 5 5 5 5 5 5 5 5 5 5 5 5 5 5 5 5 91 91
18 5 5 5 5 5 5 5 5 5 5 5 5 5 5 5 5 62 62
14 5 5 5 5 5 5 5 5 5 5 5 5 66 66
14 5 5 5 5 5 5 5 5 5 5 5 5 109 109
22 5 5 5 5 5 5 5 5 5 5 5 5 5 5 5 5 5 5 5 5 62 62
4 5 5 33 33
16 5 5 5 5 5 5 5 5 5 5 5 5 5 5 67 67
22 5 5 5 5 5 5 5 5 5 5 5 5 5 5 5 5 5 5 5 5 85 85
4 5 5 9 9
6 5 5 5 5 61 61
2 85 85
