2 33 33
2 23 23
2 23 23
2 43 43
2 23 23
2 23 23
2 51 51
2 19 19
2 23 23
2 43 43
2 23 23
2 23 23
2 43 43
2 19 19
2 19 19
2 21 21
2 13 13
2 13 13
2 13 13
2 13 13
2 13 13
2 13 13
2 13 13
2 13 13
2 13 13
2 17 17
2 17 17
2 13 13
2 13 13
2 13 13
2 13 13
2 13 13
2 13 13
2 13 13
2 13 13
2 13 13
2 13 13
2 13 13
2 13 13
2 13 13
2 17 17
2 17 17
2 13 13
2 17 17
2 17 17
2 13 13
2 13 13
2 13 13
2 13 13
2 13 13
2 13 13
2 13 13
2 13 13
2 9 9
2 13 13
2 13 13
2 17 17
2 13 13
2 13 13
2 17 17
2 13 13
2 13 13
2 13 13
2 13 13
2 13 13
2 13 13
2 13 13
2 13 13
2 13 13
2 13 13
2 13 13
2 17 17
2 13 13
2 13 13
2 17 17
2 13 13
2 13 13
2 13 13
2 13 13
2 13 13
2 13 13
2 13 13
2 13 13
2 13 13
2 17 17
2 17 17
2 13 13
2 17 17
2 17 17
