2 16 16
2 22 22
18 5 5 5 5 5 5 5 5 5 5 5 5 5 5 5 5 15 15
10 5 5 5 5 5 5 5 5 19 19
2 28 28
2 46 46
16 5 5 5 5 5 5 5 5 5 5 5 5 5 5 79 79
30 5 5 5 5 5 5 5 5 5 5 5 5 5 5 5 5 5 5 5 5 5 5 5 5 5 5 5 5 27 27
70 5 5 5 5 5 5 5 5 5 5 5 5 5 5 5 5 5 5 5 5 5 5 5 5 5 5 5 5 5 5 5 5 5 5 5 5 5 5 5 5 5 5 5 5 5 5 5 5 5 5 5 5 5 5 5 5 5 5 5 5 5 5 5 5 5 5 5 5 17 17
36 5 5 5 5 5 5 5 5 5 5 5 5 5 5 5 5 5 5 5 5 5 5 5 5 5 5 5 5 5 5 5 5 5 5 149 149
16 5 5 5 5 5 5 5 5 5 5 5 5 5 5 69 69
30 5 5 5 5 5 5 5 5 5 5 5 5 5 5 5 5 5 5 5 5 5 5 5 5 5 5 5 5 11 11
2 117 117
16 5 5 5 5 5 5 5 5 5 5 5 5 5 5 93 93
46 5 5 5 5 5 5 5 5 5 5 5 5 5 5 5 5 5 5 5 5 5 5 5 5 5 5 5 5 5 5 5 5 5 5 5 5 5 5 5 5 5 5 5 5 113 113
8 5 5 5 5 5 5 211 211
2 95 95
16 5 5 5 5 5 5 5 5 5 5 5 5 5 5 53 53
16 5 5 5 5 5 5 5 5 5 5 5 5 5 5 91 91
30 5 5 5 5 5 5 5 5 5 5 5 5 5 5 5 5 5 5 5 5 5 5 5 5 5 5 5 5 51 51
76 5 5 5 5 5 5 5 5 5 5 5 5 5 5 5 5 5 5 5 5 5 5 5 5 5 5 5 5 5 5 5 5 5 5 5 5 5 5 5 5 5 5 5 5 5 5 5 5 5 5 5 5 5 5 5 5 5 5 5 5 5 5 5 5 5 5 5 5 5 5 5 5 5 5 17 17
38 5 5 5 5 5 5 5 5 5 5 5 5 5 5 5 5 5 5 5 5 5 5 5 5 5 5 5 5 5 5 5 5 5 5 5 5 141 141
16 5 5 5 5 5 5 5 5 5 5 5 5 5 5 69 69
30 5 5 5 5 5 5 5 5 5 5 5 5 5 5 5 5 5 5 5 5 5 5 5 5 5 5 5 5 11 11
2 105 105
16 5 5 5 5 5 5 5 5 5 5 5 5 5 5 69 69
36 5 5 5 5 5 5 5 5 5 5 5 5 5 5 5 5 5 5 5 5 5 5 5 5 5 5 5 5 5 5 5 5 5 5 113 113
4 5 5 199 199
2 95 95
16 5 5 5 5 5 5 5 5 5 5 5 5 5 5 53 53
16 5 5 5 5 5 5 5 5 5 5 5 5 5 5 85 85
30 5 5 5 5 5 5 5 5 5 5 5 5 5 5 5 5 5 5 5 5 5 5 5 5 5 5 5 5 39 39
70 5 5 5 5 5 5 5 5 5 5 5 5 5 5 5 5 5 5 5 5 5 5 5 5 5 5 5 5 5 5 5 5 5 5 5 5 5 5 5 5 5 5 5 5 5 5 5 5 5 5 5 5 5 5 5 5 5 5 5 5 5 5 5 5 5 5 5 5 17 17
36 5 5 5 5 5 5 5 5 5 5 5 5 5 5 5 5 5 5 5 5 5 5 5 5 5 5 5 5 5 5 5 5 5 5 141 141
16 5 5 5 5 5 5 5 5 5 5 5 5 5 5 69 69
30 5 5 5 5 5 5 5 5 5 5 5 5 5 5 5 5 5 5 5 5 5 5 5 5 5 5 5 5 11 11
2 111 111
16 5 5 5 5 5 5 5 5 5 5 5 5 5 5 81 81
40 5 5 5 5 5 5 5 5 5 5 5 5 5 5 5 5 5 5 5 5 5 5 5 5 5 5 5 5 5 5 5 5 5 5 5 5 5 5 107 107
6 5 5 5 5 199 199
2 95 95
16 5 5 5 5 5 5 5 5 5 5 5 5 5 5 53 53
18 5 5 5 5 5 5 5 5 5 5 5 5 5 5 5 5 99 99
32 5 5 5 5 5 5 5 5 5 5 5 5 5 5 5 5 5 5 5 5 5 5 5 5 5 5 5 5 5 5 51 51
68 5 5 5 5 5 5 5 5 5 5 5 5 5 5 5 5 5 5 5 5 5 5 5 5 5 5 5 5 5 5 5 5 5 5 5 5 5 5 5 5 5 5 5 5 5 5 5 5 5 5 5 5 5 5 5 5 5 5 5 5 5 5 5 5 5 5 17 17
34 5 5 5 5 5 5 5 5 5 5 5 5 5 5 5 5 5 5 5 5 5 5 5 5 5 5 5 5 5 5 5 5 125 125
18 5 5 5 5 5 5 5 5 5 5 5 5 5 5 5 5 77 77
32 5 5 5 5 5 5 5 5 5 5 5 5 5 5 5 5 5 5 5 5 5 5 5 5 5 5 5 5 5 5 11 11
2 117 117
18 5 5 5 5 5 5 5 5 5 5 5 5 5 5 5 5 69 69
32 5 5 5 5 5 5 5 5 5 5 5 5 5 5 5 5 5 5 5 5 5 5 5 5 5 5 5 5 5 5 101 101
4 5 5 175 175
2 107 107
18 5 5 5 5 5 5 5 5 5 5 5 5 5 5 5 5 53 53
20 5 5 5 5 5 5 5 5 5 5 5 5 5 5 5 5 5 5 101 101
36 5 5 5 5 5 5 5 5 5 5 5 5 5 5 5 5 5 5 5 5 5 5 5 5 5 5 5 5 5 5 5 5 5 5 39 39
56 5 5 5 5 5 5 5 5 5 5 5 5 5 5 5 5 5 5 5 5 5 5 5 5 5 5 5 5 5 5 5 5 5 5 5 5 5 5 5 5 5 5 5 5 5 5 5 5 5 5 5 5 5 5 17 17
28 5 5 5 5 5 5 5 5 5 5 5 5 5 5 5 5 5 5 5 5 5 5 5 5 5 5 109 109
20 5 5 5 5 5 5 5 5 5 5 5 5 5 5 5 5 5 5 85 85
38 5 5 5 5 5 5 5 5 5 5 5 5 5 5 5 5 5 5 5 5 5 5 5 5 5 5 5 5 5 5 5 5 5 5 5 5 11 11
2 129 129
20 5 5 5 5 5 5 5 5 5 5 5 5 5 5 5 5 5 5 87 87
30 5 5 5 5 5 5 5 5 5 5 5 5 5 5 5 5 5 5 5 5 5 5 5 5 5 5 5 5 89 89
6 5 5 5 5 151 151
2 119 119
20 5 5 5 5 5 5 5 5 5 5 5 5 5 5 5 5 5 5 65 65
24 5 5 5 5 5 5 5 5 5 5 5 5 5 5 5 5 5 5 5 5 5 5 129 129
44 5 5 5 5 5 5 5 5 5 5 5 5 5 5 5 5 5 5 5 5 5 5 5 5 5 5 5 5 5 5 5 5 5 5 5 5 5 5 5 5 5 5 51 51
42 5 5 5 5 5 5 5 5 5 5 5 5 5 5 5 5 5 5 5 5 5 5 5 5 5 5 5 5 5 5 5 5 5 5 5 5 5 5 5 5 17 17
20 5 5 5 5 5 5 5 5 5 5 5 5 5 5 5 5 5 5 69 69
24 5 5 5 5 5 5 5 5 5 5 5 5 5 5 5 5 5 5 5 5 5 5 101 101
44 5 5 5 5 5 5 5 5 5 5 5 5 5 5 5 5 5 5 5 5 5 5 5 5 5 5 5 5 5 5 5 5 5 5 5 5 5 5 5 5 5 5 11 11
2 153 153
24 5 5 5 5 5 5 5 5 5 5 5 5 5 5 5 5 5 5 5 5 5 5 87 87
18 5 5 5 5 5 5 5 5 5 5 5 5 5 5 5 5 59 59
4 5 5 91 91
2 143 143
24 5 5 5 5 5 5 5 5 5 5 5 5 5 5 5 5 5 5 5 5 5 5 71 71
2 16 16
2 22 22
14 5 5 5 5 5 5 5 5 5 5 5 5 15 15
8 5 5 5 5 5 5 19 19
2 22 22
2 34 34
