element 0
  poly 0: -367.114 -410.914 -260.075 -266.024 -410.914 -260.075 -293.409 -410.914 -303.875 -70.4181 -410.914 -303.875 -97.8029 -410.914 -260.075 125.188 -410.914 -260.075 97.8029 -410.914 -303.875 320.793 -410.914 -303.875 293.409 -410.914 -260.075 367.114 -410.914 -260.075 367.114 -410.914 -91.674 410.914 -410.914 -127.325 410.914 -410.914 162.976 367.114 -410.914 127.325 367.114 -410.914 260.075 266.024 -410.914 260.075 293.409 -410.914 303.875 70.4181 -410.914 303.875 97.8029 -410.914 260.075 -125.188 -410.914 260.075 -97.8029 -410.914 303.875 -320.793 -410.914 303.875 -293.409 -410.914 260.075 -367.114 -410.914 260.075 -367.114 -410.914 91.674 -410.914 -410.914 127.325 -410.914 -410.914 -162.976 -367.114 -410.914 -127.325 -410.914 -410.914 -303.875 -367.114 -410.914 -260.075
  poly 1: -367.114 -367.114 -260.075 -266.024 -367.114 -260.075 -293.409 -367.114 -303.875 -70.4181 -367.114 -303.875 -97.8029 -367.114 -260.075 125.188 -367.114 -260.075 97.8029 -367.114 -303.875 320.793 -367.114 -303.875 293.409 -367.114 -260.075 367.114 -367.114 -260.075 367.114 -367.114 -91.674 410.914 -367.114 -127.325 410.914 -367.114 162.976 367.114 -367.114 127.325 367.114 -367.114 260.075 266.024 -367.114 260.075 293.409 -367.114 303.875 70.4181 -367.114 303.875 97.8029 -367.114 260.075 -125.188 -367.114 260.075 -97.8029 -367.114 303.875 -320.793 -367.114 303.875 -293.409 -367.114 260.075 -367.114 -367.114 260.075 -367.114 -367.114 91.674 -410.914 -367.114 127.325 -410.914 -367.114 -162.976 -367.114 -367.114 -127.325 -367.114 -367.114 -260.075 -367.114 -367.114 -260.075
element 1
  poly 0: 410.914 -410.914 260.075 410.914 -410.914 162.976 410.914 -367.114 162.976 410.914 -367.114 -127.325 410.914 -410.914 -127.325 410.914 -410.914 -260.075 410.914 -266.024 -260.075 410.914 -293.409 -303.875 410.914 -70.4181 -303.875 410.914 -97.8029 -260.075 410.914 125.188 -260.075 410.914 97.8028 -303.875 410.914 320.793 -303.875 410.914 293.409 -260.075 410.914 367.114 -260.075 410.914 367.114 -91.674 410.914 410.914 -127.325 410.914 410.914 162.976 410.914 367.114 127.325 410.914 367.114 260.075 410.914 266.024 260.075 410.914 293.409 303.875 410.914 70.418 303.875 410.914 97.8028 260.075 410.914 -125.188 260.075 410.914 -97.8029 303.875 410.914 -320.793 303.875 410.914 -293.409 260.075 410.914 -410.914 303.875 410.914 -410.914 260.075
  poly 1: 367.114 -410.914 260.075 367.114 -410.914 127.325 367.114 -367.114 127.325 367.114 -367.114 -91.674 367.114 -410.914 -91.674 367.114 -410.914 -260.075 367.114 -266.024 -260.075 367.114 -293.409 -303.875 367.114 -70.4181 -303.875 367.114 -97.8029 -260.075 367.114 125.188 -260.075 367.114 97.8028 -303.875 367.114 320.793 -303.875 367.114 293.409 -260.075 367.114 367.114 -260.075 367.114 367.114 -91.674 367.114 410.914 -127.325 367.114 410.914 162.976 367.114 367.114 127.325 367.114 367.114 260.075 367.114 266.024 260.075 367.114 293.409 303.875 367.114 70.418 303.875 367.114 97.8028 260.075 367.114 -125.188 260.075 367.114 -97.8029 303.875 367.114 -320.793 303.875 367.114 -293.409 260.075 367.114 -367.114 260.075 367.114 -410.914 260.075
element 2
  poly 0: 410.914 410.914 260.075 410.914 410.914 162.976 367.114 410.914 162.976 367.114 410.914 -127.325 410.914 410.914 -127.325 410.914 410.914 -260.075 266.024 410.914 -260.075 293.409 410.914 -303.875 70.4181 410.914 -303.875 97.8029 410.914 -260.075 -125.188 410.914 -260.075 -97.8029 410.914 -303.875 -320.793 410.914 -303.875 -293.409 410.914 -260.075 -367.114 410.914 -260.075 -367.114 410.914 -91.674 -410.914 410.914 -127.325 -410.914 410.914 162.976 -367.114 410.914 127.325 -367.114 410.914 260.075 -266.024 410.914 260.075 -293.409 410.914 303.875 -70.418 410.914 303.875 -97.8029 410.914 260.075 125.188 410.914 260.075 97.8029 410.914 303.875 320.793 410.914 303.875 293.409 410.914 260.075 410.914 410.914 303.875 410.914 410.914 260.075
  poly 1: 410.914 367.114 260.075 410.914 367.114 127.325 367.114 367.114 127.325 367.114 367.114 -91.674 410.914 367.114 -91.674 410.914 367.114 -260.075 266.024 367.114 -260.075 293.409 367.114 -303.875 70.4181 367.114 -303.875 97.8029 367.114 -260.075 -125.188 367.114 -260.075 -97.8029 367.114 -303.875 -320.793 367.114 -303.875 -293.409 367.114 -260.075 -367.114 367.114 -260.075 -367.114 367.114 -91.674 -410.914 367.114 -127.325 -410.914 367.114 162.976 -367.114 367.114 127.325 -367.114 367.114 260.075 -266.024 367.114 260.075 -293.409 367.114 303.875 -70.418 367.114 303.875 -97.8029 367.114 260.075 125.188 367.114 260.075 97.8029 367.114 303.875 320.793 367.114 303.875 293.409 367.114 260.075 367.114 367.114 260.075 410.914 367.114 260.075
element 3
  poly 0: -410.914 -410.914 -260.075 -410.914 -410.914 -162.976 -410.914 -367.114 -162.976 -410.914 -367.114 127.325 -410.914 -410.914 127.325 -410.914 -410.914 260.075 -410.914 -266.024 260.075 -410.914 -293.409 303.875 -410.914 -70.4181 303.875 -410.914 -97.8029 260.075 -410.914 125.188 260.075 -410.914 97.8028 303.875 -410.914 320.793 303.875 -410.914 293.409 260.075 -410.914 410.914 260.075 -410.914 410.914 162.976 -410.914 367.114 162.976 -410.914 367.114 -127.325 -410.914 410.914 -127.325 -410.914 410.914 -260.075 -410.914 266.024 -260.075 -410.914 293.409 -303.875 -410.914 70.418 -303.875 -410.914 97.8028 -260.075 -410.914 -125.188 -260.075 -410.914 -97.8029 -303.875 -410.914 -320.793 -303.875 -410.914 -293.409 -260.075 -410.914 -410.914 -303.875 -410.914 -410.914 -260.075
  poly 1: -367.114 -410.914 -260.075 -367.114 -410.914 -127.325 -367.114 -367.114 -127.325 -367.114 -367.114 91.674 -367.114 -410.914 91.674 -367.114 -410.914 260.075 -367.114 -266.024 260.075 -367.114 -293.409 303.875 -367.114 -70.4181 303.875 -367.114 -97.8029 260.075 -367.114 125.188 260.075 -367.114 97.8028 303.875 -367.114 320.793 303.875 -367.114 293.409 260.075 -367.114 410.914 260.075 -367.114 410.914 127.325 -367.114 367.114 127.325 -367.114 367.114 -91.674 -367.114 410.914 -91.674 -367.114 410.914 -260.075 -367.114 266.024 -260.075 -367.114 293.409 -303.875 -367.114 70.418 -303.875 -367.114 97.8028 -260.075 -367.114 -125.188 -260.075 -367.114 -97.8029 -303.875 -367.114 -320.793 -303.875 -367.114 -293.409 -260.075 -367.114 -367.114 -260.075 -367.114 -410.914 -260.075
element 4
  poly 0: 410.914 410.914 -303.875 410.914 320.793 -303.875 367.114 320.793 -303.875 367.114 97.8028 -303.875 410.914 97.8028 -303.875 410.914 -70.4181 -303.875 367.114 -70.4181 -303.875 367.114 -293.409 -303.875 410.914 -293.409 -303.875 410.914 -410.914 -303.875 320.793 -410.914 -303.875 320.793 -367.114 -303.875 97.8029 -367.114 -303.875 97.8029 -410.914 -303.875 -70.4181 -410.914 -303.875 -70.4181 -367.114 -303.875 -293.409 -367.114 -303.875 -293.409 -410.914 -303.875 -410.914 -410.914 -303.875 -410.914 -320.793 -303.875 -367.114 -320.793 -303.875 -367.114 -97.8029 -303.875 -410.914 -97.8029 -303.875 -410.914 70.418 -303.875 -367.114 70.418 -303.875 -367.114 293.409 -303.875 -410.914 293.409 -303.875 -410.914 410.914 -303.875 -320.793 410.914 -303.875 -320.793 367.114 -303.875 -97.8029 367.114 -303.875 -97.8029 410.914 -303.875 70.4181 410.914 -303.875 70.4181 367.114 -303.875 293.409 367.114 -303.875 293.409 410.914 -303.875 410.914 410.914 -303.875 410.914 410.914 -303.875
  poly 1: 410.914 410.914 -260.075 410.914 293.409 -260.075 367.114 293.409 -260.075 367.114 125.188 -260.075 410.914 125.188 -260.075 410.914 -97.8029 -260.075 367.114 -97.8029 -260.075 367.114 -266.024 -260.075 410.914 -266.024 -260.075 410.914 -410.914 -260.075 293.409 -410.914 -260.075 293.409 -367.114 -260.075 125.188 -367.114 -260.075 125.188 -410.914 -260.075 -97.8029 -410.914 -260.075 -97.8029 -367.114 -260.075 -266.024 -367.114 -260.075 -266.024 -410.914 -260.075 -410.914 -410.914 -260.075 -410.914 -293.409 -260.075 -367.114 -293.409 -260.075 -367.114 -125.188 -260.075 -410.914 -125.188 -260.075 -410.914 97.8028 -260.075 -367.114 97.8028 -260.075 -367.114 266.024 -260.075 -410.914 266.024 -260.075 -410.914 410.914 -260.075 -293.409 410.914 -260.075 -293.409 367.114 -260.075 -125.188 367.114 -260.075 -125.188 410.914 -260.075 97.8029 410.914 -260.075 97.8029 367.114 -260.075 266.024 367.114 -260.075 266.024 410.914 -260.075 367.114 367.114 -260.075 410.914 410.914 -260.075
element 5
  poly 0: 410.914 -410.914 303.875 410.914 -320.793 303.875 367.114 -320.793 303.875 367.114 -97.8029 303.875 410.914 -97.8029 303.875 410.914 70.418 303.875 367.114 70.418 303.875 367.114 293.409 303.875 410.914 293.409 303.875 410.914 410.914 303.875 320.793 410.914 303.875 320.793 367.114 303.875 97.8029 367.114 303.875 97.8029 410.914 303.875 -70.418 410.914 303.875 -70.418 367.114 303.875 -293.409 367.114 303.875 -293.409 410.914 303.875 -410.914 410.914 303.875 -410.914 320.793 303.875 -367.114 320.793 303.875 -367.114 97.8028 303.875 -410.914 97.8028 303.875 -410.914 -70.4181 303.875 -367.114 -70.4181 303.875 -367.114 -293.409 303.875 -410.914 -293.409 303.875 -410.914 -410.914 303.875 -320.793 -410.914 303.875 -320.793 -367.114 303.875 -97.8029 -367.114 303.875 -97.8029 -410.914 303.875 70.4181 -410.914 303.875 70.4181 -367.114 303.875 293.409 -367.114 303.875 293.409 -410.914 303.875 410.914 -410.914 303.875 410.914 -410.914 303.875
  poly 1: 410.914 -410.914 260.075 410.914 -293.409 260.075 367.114 -293.409 260.075 367.114 -125.188 260.075 410.914 -125.188 260.075 410.914 97.8028 260.075 367.114 97.8028 260.075 367.114 266.024 260.075 410.914 266.024 260.075 410.914 410.914 260.075 293.409 410.914 260.075 293.409 367.114 260.075 125.188 367.114 260.075 125.188 410.914 260.075 -97.8029 410.914 260.075 -97.8029 367.114 260.075 -266.024 367.114 260.075 -266.024 410.914 260.075 -410.914 410.914 260.075 -410.914 293.409 260.075 -367.114 293.409 260.075 -367.114 125.188 260.075 -410.914 125.188 260.075 -410.914 -97.8029 260.075 -367.114 -97.8029 260.075 -367.114 -266.024 260.075 -410.914 -266.024 260.075 -410.914 -410.914 260.075 -293.409 -410.914 260.075 -293.409 -367.114 260.075 -125.188 -367.114 260.075 -125.188 -410.914 260.075 97.8029 -410.914 260.075 97.8029 -367.114 260.075 266.024 -367.114 260.075 266.024 -410.914 260.075 367.114 -367.114 260.075 410.914 -410.914 260.075
