element 0
  poly 0: -16.2802 -1732.41 5.8349 -102.679 -1833.02 5.8349 97.3691 -1833.02 503.427 228.232 -1732.41 614.027 -16.2802 -1732.41 5.8349
  poly 1: -1.76663 -1744.87 -6.63351e-14 -78.8582 -1834.65 2.38742e-12 113.934 -1834.65 479.545 230.7 -1744.87 578.23 -1.76663 -1744.87 -6.63351e-14
element 1
  poly 0: -102.451 -1833.02 6.40189 -44.1972 -1923.36 6.40189 183.56 -1923.36 572.917 95.326 -1833.02 498.346 -102.451 -1833.02 6.40189
  poly 1: -78.8582 -1834.65 7.95808e-13 -20.9625 -1924.43 1.75415e-14 201.625 -1924.43 553.657 113.934 -1834.65 479.545 -78.8582 -1834.65 7.95808e-13
element 2
  poly 0: -44.3445 -1923.36 6.03538 -115.041 -2013.64 6.03538 77.7559 -2013.64 485.593 184.836 -1923.36 576.092 -44.3445 -1923.36 6.03538
  poly 1: -20.9625 -1924.43 -2.70006e-13 -91.2697 -2014.21 -9.09495e-13 95.135 -2014.21 463.657 201.625 -1924.43 553.657 -20.9625 -1924.43 -2.70006e-13
element 3
  poly 0: -114.961 -2013.64 6.23452 -50.9762 -2103.97 6.23452 173.958 -2103.97 565.729 77.0436 -2013.64 483.821 -114.961 -2013.64 6.23452
  poly 1: -91.2697 -2014.21 -1.7053e-13 -27.6788 -2103.99 1.0969e-13 191.452 -2103.99 545.06 95.135 -2014.21 463.657 -91.2697 -2014.21 -1.7053e-13
element 4
  poly 0: -50.9781 -2103.97 6.22974 -115.129 -2194.31 6.22974 76.8094 -2194.31 483.65 173.975 -2103.97 565.77 -50.9781 -2103.97 6.22974
  poly 1: -27.6788 -2103.99 -1.64757e-13 -91.4311 -2193.77 5.68434e-13 94.8905 -2193.77 463.45 191.452 -2103.99 545.06 -27.6788 -2103.99 -1.64757e-13
element 5
  poly 0: -115.206 -2194.31 6.03879 -44.6213 -2284.59 6.03879 184.403 -2284.59 575.705 77.4926 -2194.31 485.35 -115.206 -2194.31 6.03879
  poly 1: -91.4311 -2193.77 5.68434e-13 -21.2387 -2283.55 -3.9968e-14 201.207 -2283.55 553.304 94.8905 -2193.77 463.45 -91.4311 -2193.77 5.68434e-13
element 6
  poly 0: -44.4767 -2284.59 6.39847 -102.833 -2374.91 6.39847 94.7611 -2374.91 497.887 183.15 -2284.59 572.589 -44.4767 -2284.59 6.39847
  poly 1: -21.2387 -2283.55 -1.44329e-13 -79.2518 -2373.33 -5.25802e-12 113.338 -2373.33 479.041 201.207 -2283.55 553.304 -21.2387 -2283.55 -1.44329e-13
element 7
  poly 0: -103.054 -2374.91 5.84737 -26.0803 -2465.04 5.84737 213.332 -2465.04 601.353 96.7437 -2374.91 502.818 -103.054 -2374.91 5.84737
  poly 1: -79.2518 -2373.33 2.67164e-12 -2.5845 -2463.11 3.58824e-13 229.461 -2463.11 577.183 113.338 -2373.33 479.041 -79.2518 -2373.33 2.67164e-12
element 8
  poly 0: -25.8117 -2465.04 6.51547 -79.9932 -2555.18 6.51547 128.906 -2555.18 526.124 210.971 -2465.04 595.482 -25.8117 -2465.04 6.51547
  poly 1: -2.5845 -2463.11 -1.44329e-14 -56.5519 -2552.89 -4.54747e-13 147.72 -2552.89 508.099 229.461 -2463.11 577.183 -2.5845 -2463.11 -1.44329e-14
element 9
  poly 0: -80.3147 -2555.18 5.71584 0.98297 -2645.11 5.71584 254.933 -2645.11 637.382 131.796 -2555.18 533.312 -80.3147 -2555.18 5.71584
  poly 1: -56.5519 -2552.89 2.84217e-12 24.611 -2642.67 -7.8515e-13 270.653 -2642.67 611.996 147.72 -2552.89 508.099 -56.5519 -2552.89 2.84217e-12
element 10
  poly 0: 1.32357 -2645.11 6.56304 -50.9897 -2734.91 6.56304 172.657 -2734.91 562.854 251.893 -2645.11 629.821 1.32357 -2645.11 6.56304
  poly 1: 24.611 -2642.67 2.62013e-14 -27.688 -2732.45 4.54747e-13 191.439 -2732.45 545.048 270.653 -2642.67 611.996 24.611 -2642.67 2.62013e-14
element 11
  poly 0: -51.334 -2734.91 5.70663 30.0405 -2824.58 5.70663 298.988 -2824.58 674.678 175.735 -2734.91 570.51 -51.334 -2734.91 5.70663
  poly 1: -27.688 -2732.45 -2.27374e-13 53.7916 -2822.22 -1.24345e-13 314.851 -2822.22 649.351 191.439 -2732.45 545.048 -27.688 -2732.45 -2.27374e-13
element 12
  poly 0: 30.37 -2824.58 6.52615 -23.0225 -2914.02 6.52615 215.156 -2914.02 598.963 296.026 -2824.58 667.311 30.37 -2824.58 6.52615
  poly 1: 53.7916 -2822.22 -1.19904e-13 0.197576 -2912 7.38964e-13 233.675 -2912 580.745 314.851 -2822.22 649.351 53.7916 -2822.22 -1.19904e-13
element 13
  poly 0: -23.3017 -2914.02 5.83163 53.5798 -3003.42 5.83163 334.06 -3003.42 703.489 217.612 -2914.02 605.073 -23.3017 -2914.02 5.83163
  poly 1: 0.197576 -2912 -1.59162e-12 77.4005 -3001.78 -2.98428e-13 350.61 -3001.78 679.573 233.675 -2912 580.745 0.197576 -2912 -1.59162e-12
element 14
  poly 0: 53.8102 -3003.42 6.40462 -3.61751 -3092.62 6.40462 245.013 -3092.62 624.839 331.995 -3003.42 698.353 53.8102 -3003.42 6.40462
  poly 1: 77.4005 -3001.78 2.89546e-13 19.5983 -3091.56 1.25056e-12 263.061 -3091.56 605.58 350.61 -3001.78 679.573 77.4005 -3001.78 2.89546e-13
element 15
  poly 0: -3.76346 -3092.62 6.0416 65.8935 -3181.84 6.0416 351.781 -3181.84 717.149 246.276 -3092.62 627.98 -3.76346 -3092.62 6.0416
  poly 1: 19.5983 -3091.56 -1.08002e-12 89.696 -3181.34 -1.03029e-13 369.234 -3181.34 695.312 263.061 -3091.56 605.58 19.5983 -3091.56 -1.08002e-12
element 16
  poly 0: 65.963 -3181.84 6.21441 2.14757 -3270.98 6.21441 254.504 -3270.98 633.917 351.162 -3181.84 715.608 65.963 -3181.84 6.21441
  poly 1: 89.696 -3181.34 5.68434e-13 25.4256 -3271.12 4.77485e-12 271.887 -3271.12 613.039 369.234 -3181.34 695.312 89.696 -3181.34 5.68434e-13
element 17
  poly 0: 2.16697 -3270.98 6.26266 72.4866 -3371.77 6.26266 360.846 -3371.77 723.519 254.337 -3270.98 633.502 2.16697 -3270.98 6.26266
  poly 1: 25.4256 -3271.12 -1.98952e-12 88.0641 -3360.9 -8.32948e-14 366.762 -3360.9 693.223 271.887 -3271.12 613.039 25.4256 -3271.12 -1.98952e-12
element 18
  poly 0: 195.815 -1757.33 586.63 93.1462 -1836.27 499.858 1337.84 -1836.27 771.419 1015.12 -1757.33 765.382 195.815 -1757.33 586.63
  poly 1: 230.7 -1744.87 578.23 113.934 -1834.65 479.545 1331.69 -1834.65 745.228 964.664 -1744.87 738.362 230.7 -1744.87 578.23
element 19
  poly 0: 98.4974 -1836.27 501.026 185.646 -1925.5 574.68 1052.33 -1925.5 763.769 1326.26 -1836.27 768.893 98.4974 -1836.27 501.026
  poly 1: 113.934 -1834.65 479.545 201.625 -1924.43 553.657 1056.05 -1924.43 740.072 1331.69 -1834.65 745.228 113.934 -1834.65 479.545
element 20
  poly 0: 182.302 -1925.5 573.951 76.4023 -2014.78 484.449 1392.44 -2014.78 771.574 1059.57 -1925.5 765.347 182.302 -1925.5 573.951
  poly 1: 201.625 -1924.43 553.657 95.135 -2014.21 463.657 1390.78 -2014.21 746.334 1056.05 -1924.43 740.072 201.625 -1924.43 553.657
element 21
  poly 0: 78.268 -2014.78 484.856 173.988 -2104 565.754 1087.53 -2104 765.065 1388.4 -2014.78 770.693 78.268 -2014.78 484.856
  poly 1: 95.135 -2014.21 463.657 191.452 -2103.99 545.06 1088.03 -2103.99 740.67 1390.78 -2014.21 746.334 95.135 -2014.21 463.657
element 22
  poly 0: 173.945 -2104 565.745 77.9863 -2193.22 484.645 1389.24 -2193.22 770.728 1087.62 -2104 765.085 173.945 -2104 565.745
  poly 1: 191.452 -2103.99 545.06 94.8905 -2193.77 463.45 1391.55 -2193.77 746.348 1088.03 -2103.99 740.67 191.452 -2103.99 545.06
element 23
  poly 0: 76.1968 -2193.22 484.255 181.92 -2282.5 573.607 1060.8 -2282.5 765.356 1393.12 -2193.22 771.573 76.1968 -2193.22 484.255
  poly 1: 94.8905 -2193.77 463.45 201.207 -2283.55 553.304 1057.37 -2283.55 740.097 1391.55 -2193.77 746.348 94.8905 -2193.77 463.45
element 24
  poly 0: 185.202 -2282.5 574.323 97.8519 -2371.75 500.499 1328.26 -2371.75 768.943 1053.7 -2282.5 763.807 185.202 -2282.5 574.323
  poly 1: 201.207 -2283.55 553.304 113.338 -2373.33 479.041 1333.57 -2373.33 745.263 1057.37 -2283.55 740.097 201.207 -2283.55 553.304
element 25
  poly 0: 92.659 -2371.75 499.366 208.318 -2461.17 597.116 975.951 -2461.17 764.593 1339.5 -2371.75 771.394 92.659 -2371.75 499.366
  poly 1: 113.338 -2373.33 479.041 229.461 -2463.11 577.183 968.558 -2463.11 738.435 1333.57 -2373.33 745.263 113.338 -2373.33 479.041
element 26
  poly 0: 214.501 -2461.17 598.465 133.083 -2550.59 529.654 1218.49 -2550.59 766.463 962.575 -2461.17 761.675 214.501 -2461.17 598.465
  poly 1: 229.461 -2463.11 577.183 147.72 -2552.89 508.099 1225.49 -2552.89 743.242 968.558 -2463.11 738.435 229.461 -2463.11 577.183
element 27
  poly 0: 125.513 -2550.59 528.003 248.242 -2640.22 631.728 849.1 -2640.22 762.819 1234.87 -2550.59 770.036 125.513 -2550.59 528.003
  poly 1: 147.72 -2552.89 508.099 270.653 -2642.67 611.996 839.082 -2642.67 736.013 1225.49 -2552.89 743.242 147.72 -2552.89 508.099
element 28
  poly 0: 256.204 -2640.22 633.465 177.012 -2729.98 566.535 1080.8 -2729.98 763.718 831.873 -2640.22 759.061 256.204 -2640.22 633.465
  poly 1: 270.653 -2642.67 611.996 191.439 -2732.45 545.048 1088.07 -2732.45 740.671 839.082 -2642.67 736.013 270.653 -2642.67 611.996
element 29
  poly 0: 168.95 -2729.98 564.776 292.522 -2819.87 669.213 709.82 -2819.87 760.257 1098.24 -2729.98 767.523 168.95 -2729.98 564.776
  poly 1: 191.439 -2732.45 545.048 314.851 -2822.22 649.351 700.155 -2822.22 733.414 1088.07 -2732.45 740.671 191.439 -2732.45 545.048
element 30
  poly 0: 300.28 -2819.87 670.906 218.799 -2909.99 602.041 949.152 -2909.99 761.386 693.035 -2819.87 756.595 300.28 -2819.87 670.906
  poly 1: 314.851 -2822.22 649.351 233.675 -2912 580.745 955.313 -2912 738.187 700.155 -2822.22 733.414 314.851 -2822.22 649.351
element 31
  poly 0: 212.365 -2909.99 600.638 329.787 -3000.14 699.877 593.984 -3000.14 757.518 963.072 -2909.99 764.423 212.365 -2909.99 600.638
  poly 1: 233.675 -2912 580.745 350.61 -3001.78 679.573 587.755 -3001.78 731.312 955.313 -2912 738.187 233.675 -2912 580.745
element 32
  poly 0: 335.195 -3000.14 701.057 247.078 -3090.5 626.585 859.257 -3090.5 760.147 582.282 -3000.14 754.965 335.195 -3000.14 701.057
  poly 1: 350.61 -3001.78 679.573 263.061 -3091.56 605.58 862.947 -3091.56 736.46 587.755 -3001.78 731.312 350.61 -3001.78 679.573
element 33
  poly 0: 243.771 -3090.5 625.863 350.611 -3180.85 716.16 530.584 -3180.85 755.426 866.413 -3090.5 761.708 243.771 -3090.5 625.863
  poly 1: 263.061 -3091.56 605.58 369.234 -3181.34 695.312 529.217 -3181.34 730.216 862.947 -3091.56 736.46 263.061 -3091.56 605.58
element 34
  poly 0: 352.234 -3180.85 716.514 254.198 -3271.26 633.659 835.227 -3271.26 760.424 527.073 -3180.85 754.66 352.234 -3180.85 716.514
  poly 1: 369.234 -3181.34 695.312 271.887 -3271.12 613.039 835.204 -3271.12 735.941 529.217 -3181.34 730.216 369.234 -3181.34 695.312
element 35
  poly 0: 254.635 -3271.26 633.754 337.876 -3350.03 704.105 572.632 -3350.03 755.323 834.281 -3271.26 760.218 254.635 -3271.26 633.754
  poly 1: 271.887 -3271.12 613.039 366.762 -3360.9 693.223 536.986 -3360.9 730.362 835.204 -3271.12 735.941 271.887 -3271.12 613.039
element 36
  poly 0: 913.229 -1732.41 763.476 1324.57 -1833.02 771.171 1598.93 -1833.02 721.982 1748.16 -1732.41 613.787 913.229 -1732.41 763.476
  poly 1: 964.664 -1744.87 738.362 1331.69 -1834.65 745.228 1579.86 -1834.65 700.737 1713 -1744.87 604.198 964.664 -1744.87 738.362
element 37
  poly 0: 1336.23 -1833.02 769.079 1058.89 -1923.36 763.891 1693.85 -1923.36 650.053 1593.24 -1833.02 723.002 1336.23 -1833.02 769.079
  poly 1: 1331.69 -1834.65 745.228 1056.05 -1924.43 740.072 1679.85 -1924.43 628.236 1579.86 -1834.65 700.737 1331.69 -1834.65 745.228
element 38
  poly 0: 1051.6 -1923.36 765.198 1388.18 -2013.64 771.495 1575.31 -2013.64 737.946 1697.41 -1923.36 649.415 1051.6 -1923.36 765.198
  poly 1: 1056.05 -1924.43 740.072 1390.78 -2014.21 746.334 1558.42 -2014.21 716.279 1679.85 -1924.43 628.236 1056.05 -1924.43 740.072
element 39
  poly 0: 1392.25 -2013.64 770.765 1087.62 -2103.97 765.067 1683.83 -2103.97 658.176 1573.32 -2013.64 738.302 1392.25 -2013.64 770.765
  poly 1: 1390.78 -2014.21 746.334 1088.03 -2103.99 740.67 1668.25 -2103.99 636.647 1558.42 -2014.21 716.279 1390.78 -2014.21 746.334
element 40
  poly 0: 1087.53 -2103.97 765.084 1392.94 -2194.31 770.797 1573.08 -2194.31 738.501 1683.88 -2103.97 658.168 1087.53 -2103.97 765.084
  poly 1: 1088.03 -2103.99 740.67 1391.55 -2193.77 746.348 1558.14 -2193.77 716.481 1668.25 -2103.99 636.647 1088.03 -2103.99 740.67
element 41
  poly 0: 1389.04 -2194.31 771.496 1053 -2284.59 765.21 1696.9 -2284.59 649.77 1574.99 -2194.31 738.16 1389.04 -2194.31 771.496
  poly 1: 1391.55 -2193.77 746.348 1057.37 -2283.55 740.097 1679.37 -2283.55 628.582 1558.14 -2193.77 716.481 1391.55 -2193.77 746.348
element 42
  poly 0: 1060.15 -2284.59 763.928 1337.98 -2374.91 769.125 1592.62 -2374.91 723.473 1693.4 -2284.59 650.396 1060.15 -2284.59 763.928
  poly 1: 1057.37 -2283.55 740.097 1333.57 -2373.33 745.263 1579.18 -2373.33 701.23 1679.37 -2283.55 628.582 1057.37 -2283.55 740.097
element 43
  poly 0: 1326.66 -2374.91 771.154 960.192 -2465.04 764.299 1731.08 -2465.04 626.091 1598.14 -2374.91 722.483 1326.66 -2374.91 771.154
  poly 1: 1333.57 -2373.33 745.263 968.558 -2463.11 738.435 1711.59 -2463.11 605.222 1579.18 -2373.33 701.23 1333.57 -2373.33 745.263
element 44
  poly 0: 973.668 -2465.04 761.883 1231.62 -2555.18 766.708 1630.93 -2555.18 695.119 1724.51 -2465.04 627.27 973.668 -2465.04 761.883
  poly 1: 968.558 -2463.11 738.435 1225.49 -2552.89 743.242 1618.38 -2552.89 672.803 1711.59 -2463.11 605.222 968.558 -2463.11 738.435
element 45
  poly 0: 1215.12 -2555.18 769.666 828.069 -2645.11 762.426 1779.39 -2645.11 591.869 1638.98 -2555.18 693.676 1215.12 -2555.18 769.666
  poly 1: 1225.49 -2552.89 743.242 839.082 -2642.67 736.013 1758.56 -2642.67 571.166 1618.38 -2552.89 672.803 1225.49 -2552.89 743.242
element 46
  poly 0: 845.424 -2645.11 759.314 1094.48 -2734.91 763.974 1680.57 -2734.91 658.898 1770.92 -2645.11 593.388 845.424 -2645.11 759.314
  poly 1: 839.082 -2642.67 736.013 1088.07 -2732.45 740.671 1668.23 -2732.45 636.658 1758.56 -2642.67 571.166 839.082 -2642.67 736.013
element 47
  poly 0: 1076.91 -2734.91 767.124 689.494 -2824.58 759.876 1829.69 -2824.58 555.458 1689.15 -2734.91 657.361 1076.91 -2734.91 767.124
  poly 1: 1088.07 -2732.45 740.671 700.155 -2822.22 733.414 1808.96 -2822.22 534.624 1668.23 -2732.45 636.658 1088.07 -2732.45 740.671
element 48
  poly 0: 706.404 -2824.58 756.845 960.602 -2914.02 761.6 1729.22 -2914.02 623.799 1821.44 -2824.58 556.938 706.404 -2824.58 756.845
  poly 1: 700.155 -2822.22 733.414 955.313 -2912 738.187 1716.4 -2912 601.738 1808.96 -2822.22 534.624 700.155 -2822.22 733.414
element 49
  poly 0: 946.578 -2914.02 764.114 580.55 -3003.42 757.267 1868.85 -3003.42 526.296 1736.07 -2914.02 622.572 946.578 -2914.02 764.114
  poly 1: 955.313 -2912 738.187 587.755 -3001.78 731.312 1849.74 -3001.78 505.059 1716.4 -2912 601.738 955.313 -2912 738.187
element 50
  poly 0: 592.34 -3003.42 755.153 865.749 -3092.62 760.268 1763.91 -3092.62 599.242 1863.1 -3003.42 527.328 592.34 -3003.42 755.153
  poly 1: 587.755 -3001.78 731.312 862.947 -3091.56 736.46 1749.9 -3091.56 577.443 1849.74 -3001.78 505.059 587.755 -3001.78 731.312
element 51
  poly 0: 858.54 -3092.62 761.561 526.907 -3181.84 755.357 1887.74 -3181.84 511.382 1767.43 -3092.62 598.612 858.54 -3092.62 761.561
  poly 1: 862.947 -3091.56 736.46 529.217 -3181.34 730.216 1870.97 -3181.34 489.662 1749.9 -3091.56 577.443 862.947 -3091.56 736.46
element 52
  poly 0: 530.444 -3181.84 754.723 834.265 -3270.98 760.406 1775.79 -3270.98 591.606 1886.01 -3181.84 511.692 530.444 -3181.84 754.723
  poly 1: 529.217 -3181.34 730.216 835.204 -3271.12 735.941 1759.97 -3271.12 570.146 1870.97 -3181.34 489.662 529.217 -3181.34 730.216
element 53
  poly 0: 835.218 -3270.98 760.235 500.431 -3371.77 753.973 1896.78 -3371.77 503.63 1775.33 -3270.98 591.689 835.218 -3270.98 760.235
  poly 1: 835.204 -3271.12 735.941 536.986 -3360.9 730.362 1868.15 -3360.9 491.706 1759.97 -3271.12 570.146 835.204 -3271.12 735.941
element 54
  poly 0: 1711.19 -1757.33 640.589 1594.12 -1836.27 725.473 1977.8 -1836.27 12.1943 2049.21 -1757.33 12.1943 1711.19 -1757.33 640.589
  poly 1: 1713 -1744.87 604.198 1579.86 -1834.65 700.737 1954.21 -1834.65 4.78413 2035.43 -1744.87 4.78413 1713 -1744.87 604.198
element 55
  poly 0: 1596.86 -1836.27 720.38 1696.23 -1925.5 648.328 2038.03 -1925.5 12.9144 1977.41 -1836.27 12.9144 1596.86 -1836.27 720.38
  poly 1: 1579.86 -1834.65 700.737 1679.85 -1924.43 628.236 2015.21 -1924.43 4.78413 1954.21 -1834.65 4.78413 1579.86 -1834.65 700.737
element 56
  poly 0: 1694.52 -1925.5 651.51 1573.76 -2014.78 739.066 1964.62 -2014.78 12.4489 2038.28 -1925.5 12.4489 1694.52 -1925.5 651.51
  poly 1: 1679.85 -1924.43 628.236 1558.42 -2014.21 716.279 1941.14 -2014.21 4.78413 2015.21 -1924.43 4.78413 1679.85 -1924.43 628.236
element 57
  poly 0: 1574.72 -2014.78 737.29 1683.87 -2104 658.151 2031.06 -2104 12.7018 1964.48 -2014.78 12.7018 1574.72 -2014.78 737.29
  poly 1: 1558.42 -2014.21 716.279 1668.25 -2103.99 636.647 2008.13 -2103.99 4.78413 1941.14 -2014.21 4.78413 1558.42 -2014.21 716.279
element 58
  poly 0: 1683.85 -2104 658.192 1574.43 -2193.22 737.528 1964.32 -2193.22 12.6958 2031.06 -2104 12.6958 1683.85 -2104 658.192
  poly 1: 1668.25 -2103.99 636.647 1558.14 -2193.77 716.481 1940.97 -2193.77 4.78413 2008.13 -2103.99 4.78413 1668.25 -2103.99 636.647
element 59
  poly 0: 1573.51 -2193.22 739.231 1694.06 -2282.5 651.822 2037.99 -2282.5 12.4533 1964.45 -2193.22 12.4533 1573.51 -2193.22 739.231
  poly 1: 1558.14 -2193.77 716.481 1679.37 -2283.55 628.582 2014.92 -2283.55 4.78413 1940.97 -2193.77 4.78413 1558.14 -2193.77 716.481
element 60
  poly 0: 1695.74 -2282.5 648.699 1596.14 -2371.75 720.917 1976.98 -2371.75 12.91 2037.74 -2282.5 12.91 1695.74 -2282.5 648.699
  poly 1: 1679.37 -2283.55 628.582 1579.18 -2373.33 701.23 1953.8 -2373.33 4.78413 2014.92 -2283.55 4.78413 1679.37 -2283.55 628.582
element 61
  poly 0: 1593.48 -2371.75 725.86 1725.37 -2461.17 630.236 2057.81 -2461.17 12.2102 1977.36 -2371.75 12.2102 1593.48 -2371.75 725.86
  poly 1: 1579.18 -2373.33 701.23 1711.59 -2463.11 605.222 2034.57 -2463.11 4.78413 1953.8 -2373.33 4.78413 1579.18 -2373.33 701.23
element 62
  poly 0: 1728.53 -2461.17 624.352 1635.69 -2550.59 691.666 2000.72 -2550.59 13.0586 2057.35 -2461.17 13.0586 1728.53 -2461.17 624.352
  poly 1: 1711.59 -2463.11 605.222 1618.38 -2552.89 672.803 1977.71 -2552.89 4.78413 2034.57 -2463.11 4.78413 1711.59 -2463.11 605.222
element 63
  poly 0: 1631.82 -2550.59 698.87 1771.76 -2640.22 597.401 2086.63 -2640.22 12.0431 2001.27 -2550.59 12.0431 1631.82 -2550.59 698.87
  poly 1: 1618.38 -2552.89 672.803 1758.56 -2642.67 571.166 2063.22 -2642.67 4.78413 1977.71 -2552.89 4.78413 1618.38 -2552.89 672.803
element 64
  poly 0: 1775.84 -2640.22 589.823 1685.54 -2729.98 655.298 2030.97 -2729.98 13.119 2086.05 -2640.22 13.119 1775.84 -2640.22 589.823
  poly 1: 1758.56 -2642.67 571.166 1668.23 -2732.45 636.658 2008.12 -2732.45 4.78413 2063.22 -2642.67 4.78413 1758.56 -2642.67 571.166
element 65
  poly 0: 1681.41 -2729.98 662.97 1822.32 -2819.87 560.804 2117.51 -2819.87 12.0314 2031.55 -2729.98 12.0314 1681.41 -2729.98 662.97
  poly 1: 1668.23 -2732.45 636.658 1808.96 -2822.22 534.624 2093.97 -2822.22 4.78413 2008.12 -2732.45 4.78413 1668.23 -2732.45 636.658
element 66
  poly 0: 1826.29 -2819.87 553.421 1733.38 -2909.99 620.787 2060.27 -2909.99 13.0722 2116.95 -2819.87 13.0722 1826.29 -2819.87 553.421
  poly 1: 1808.96 -2822.22 534.624 1716.4 -2912 601.738 2037.5 -2912 4.78413 2093.97 -2822.22 4.78413 1808.96 -2822.22 534.624
element 67
  poly 0: 1730.08 -2909.99 626.911 1863.98 -3000.14 529.83 2142.42 -3000.14 12.1902 2060.75 -2909.99 12.1902 1730.08 -2909.99 626.911
  poly 1: 1716.4 -2912 601.738 1849.74 -3001.78 505.059 2118.84 -3001.78 4.78413 2037.5 -2912 4.78413 1716.4 -2912 601.738
element 68
  poly 0: 1866.75 -3000.14 524.682 1766.27 -3090.5 597.535 2080.74 -3090.5 12.9179 2142.03 -3000.14 12.9179 1866.75 -3000.14 524.682
  poly 1: 1849.74 -3001.78 505.059 1749.9 -3091.56 577.443 2057.94 -3091.56 4.78413 2118.84 -3001.78 4.78413 1849.74 -3001.78 505.059
element 69
  poly 0: 1764.58 -3090.5 600.682 1886.41 -3180.85 512.35 2155.3 -3180.85 12.4568 2080.99 -3090.5 12.4568 1764.58 -3090.5 600.682
  poly 1: 1749.9 -3091.56 577.443 1870.97 -3181.34 489.662 2131.79 -3181.34 4.78413 2057.94 -3091.56 4.78413 1749.9 -3091.56 577.443
element 70
  poly 0: 1887.24 -3180.85 510.805 1775.45 -3271.26 591.859 2086.99 -3271.26 12.6763 2155.18 -3180.85 12.6763 1887.24 -3180.85 510.805
  poly 1: 1870.97 -3181.34 489.662 1759.97 -3271.12 570.146 2064.08 -3271.12 4.78413 2131.79 -3181.34 4.78413 1870.97 -3181.34 489.662
element 71
  poly 0: 1775.67 -3271.26 591.443 1870.59 -3350.03 522.621 2144.86 -3350.03 12.7376 2086.96 -3271.26 12.7376 1775.67 -3271.26 591.443
  poly 1: 1759.97 -3271.12 570.146 1868.15 -3360.9 491.706 2130.07 -3360.9 4.78413 2064.08 -3271.12 4.78413 1759.97 -3271.12 570.146
