element 0
  poly 0: -417.079 -2165.7 -905.444 -656.041 -2317.38 -874.516 -658.484 -2349.86 -913.102 -679.834 -2358.65 -904.35 -677.767 -2331.17 -871.704 -834.156 -2430.43 -851.462 -834.156 -2592.92 -1055.78 -417.079 -2480.71 -1301.56 -417.079 -2165.7 -905.444
  poly 1: -417.079 -2144.4 -918.364 -677.579 -2309.75 -884.648 -679.835 -2339.74 -920.272 -701.185 -2348.53 -911.52 -699.306 -2323.54 -881.836 -834.156 -2409.13 -864.383 -834.156 -2575.53 -1073.62 -417.079 -2463.33 -1319.4 -417.079 -2144.4 -918.364
element 1
  poly 0: -0.0012207 -2430.43 -851.462 -156.391 -2331.17 -871.704 -154.323 -2358.65 -904.35 -175.674 -2349.86 -913.102 -178.117 -2317.38 -874.516 -417.079 -2165.7 -905.444 -417.079 -2480.71 -1301.56 -0.0012207 -2592.92 -1055.78 -0.0012207 -2430.43 -851.462
  poly 1: -0.0012207 -2409.13 -864.383 -134.852 -2323.54 -881.836 -132.972 -2348.53 -911.52 -154.323 -2339.74 -920.272 -156.579 -2309.75 -884.648 -417.079 -2144.4 -918.364 -417.079 -2463.33 -1319.4 -0.0012207 -2575.53 -1073.62 -0.0012207 -2409.13 -864.383
element 2
  poly 0: 417.076 -2165.7 -905.444 178.115 -2317.38 -874.516 175.671 -2349.86 -913.102 154.321 -2358.65 -904.35 156.388 -2331.17 -871.704 -0.0012207 -2430.43 -851.462 -0.0012207 -2592.92 -1055.78 417.076 -2480.71 -1301.56 417.076 -2165.7 -905.444
  poly 1: 417.076 -2144.4 -918.364 156.576 -2309.75 -884.648 154.32 -2339.74 -920.272 132.97 -2348.53 -911.52 134.85 -2323.54 -881.836 -0.0012207 -2409.13 -864.383 -0.0012207 -2575.53 -1073.62 417.076 -2463.33 -1319.4 417.076 -2144.4 -918.364
element 3
  poly 0: 834.156 -2430.43 -851.462 677.766 -2331.17 -871.704 679.833 -2358.65 -904.35 658.483 -2349.86 -913.102 656.04 -2317.38 -874.516 417.076 -2165.7 -905.444 417.076 -2480.71 -1301.56 834.156 -2592.92 -1055.78 834.156 -2430.43 -851.462
  poly 1: 834.156 -2409.13 -864.383 699.305 -2323.54 -881.836 701.185 -2348.53 -911.52 679.834 -2339.74 -920.272 677.578 -2309.75 -884.648 417.076 -2144.4 -918.364 417.076 -2463.33 -1319.4 834.156 -2575.53 -1073.62 834.156 -2409.13 -864.383
element 4
  poly 0: -395.679 -2612.36 -1229.89 -395.679 -2534.46 -1120.63 -417.079 -2524.4 -1127.8 -417.079 -2602.3 -1237.07 -395.679 -2612.36 -1229.89
  poly 1: -417.079 -2622.42 -1222.72 -417.079 -2544.52 -1113.46 -438.479 -2534.46 -1120.63 -438.479 -2612.36 -1229.89 -417.079 -2622.42 -1222.72
  poly 2: -834.156 -2390.96 -1355.44 -834.156 -2310.86 -1243.09 -417.079 -2435.8 -1003.54 -417.079 -2446.5 -1018.54 -374.279 -2466.62 -1004.2 -374.279 -2700.31 -1331.98 -417.079 -2680.19 -1346.33 -417.079 -2686.69 -1355.44 -834.156 -2390.96 -1355.44
  poly 3: -834.156 -2421.3 -1355.44 -834.156 -2329.15 -1226.19 -417.079 -2454.09 -986.631 -417.079 -2466.62 -1004.2 -395.679 -2476.68 -997.024 -395.679 -2710.37 -1324.81 -417.079 -2700.31 -1331.98 -417.079 -2717.04 -1355.44 -834.156 -2421.3 -1355.44
element 5
  poly 0: -0.0012207 -2363.49 -1316.92 -0.0012207 -2342.52 -1287.51 -21.4009 -2352.58 -1280.34 -21.4009 -2373.55 -1309.75 -0.0012207 -2363.49 -1316.92
  poly 1: 21.3985 -2373.55 -1309.75 21.3985 -2352.58 -1280.34 -0.0012207 -2362.64 -1273.16 -0.0012207 -2383.61 -1302.57 21.3985 -2373.55 -1309.75
  poly 2: -417.079 -2686.69 -1355.44 -417.079 -2680.19 -1346.33 -416.865 -2680.09 -1346.4 -417.079 -2602.3 -1237.07 -443.829 -2614.87 -1228.1 -459.878 -2612.68 -1209.06 -459.878 -2554.25 -1127.12 -443.829 -2536.97 -1118.84 -417.079 -2524.4 -1127.8 -416.865 -2446.4 -1018.61 -417.079 -2446.5 -1018.54 -417.079 -2435.8 -1003.54 -0.0012207 -2310.86 -1243.09 -0.0012207 -2321.56 -1258.1 21.3985 -2311.5 -1265.27 21.3985 -2374.4 -1353.5 -0.0012207 -2384.46 -1346.33 -0.0012207 -2390.96 -1355.44 -417.079 -2686.69 -1355.44
  poly 3: -417.079 -2717.04 -1355.44 -417.079 -2700.31 -1331.98 -395.679 -2690.25 -1339.16 -395.679 -2612.36 -1229.89 -422.429 -2624.93 -1220.93 -438.479 -2622.74 -1201.89 -438.479 -2564.31 -1119.94 -422.429 -2547.03 -1111.67 -395.679 -2534.46 -1120.63 -395.679 -2456.56 -1011.37 -417.079 -2466.62 -1004.2 -417.079 -2454.09 -986.631 -0.0012207 -2329.15 -1226.19 -0.0012207 -2341.68 -1243.75 42.7982 -2321.56 -1258.1 42.7982 -2384.46 -1346.33 -0.0012207 -2404.58 -1331.98 -0.0012207 -2421.3 -1355.44 -417.079 -2717.04 -1355.44
element 6
  poly 0: 438.476 -2612.36 -1229.89 438.476 -2534.46 -1120.63 417.076 -2524.4 -1127.8 417.076 -2602.3 -1237.07 438.476 -2612.36 -1229.89
  poly 1: 417.076 -2622.42 -1222.72 417.076 -2544.52 -1113.46 395.677 -2534.46 -1120.63 395.677 -2612.36 -1229.89 417.076 -2622.42 -1222.72
  poly 2: -0.0012207 -2390.96 -1355.44 -0.0012207 -2384.46 -1346.33 21.3985 -2394.52 -1339.16 21.3985 -2373.55 -1309.75 -5.35115 -2360.98 -1318.71 -21.4009 -2350.81 -1320.41 -21.4009 -2335.08 -1298.36 -5.35115 -2340.01 -1289.3 21.3985 -2352.58 -1280.34 21.3985 -2331.62 -1250.93 -0.0012207 -2321.56 -1258.1 -0.0012207 -2310.86 -1243.09 417.076 -2435.8 -1003.54 417.076 -2446.5 -1018.54 459.876 -2466.62 -1004.2 459.876 -2700.31 -1331.98 417.076 -2680.19 -1346.33 417.076 -2686.69 -1355.44 -0.0012207 -2390.96 -1355.44
  poly 3: -0.0012207 -2421.3 -1355.44 -0.0012207 -2404.58 -1331.98 0.212777 -2404.68 -1331.91 -0.0012207 -2383.61 -1302.57 -26.7509 -2371.04 -1311.54 -42.8007 -2360.87 -1313.24 -42.8007 -2345.14 -1291.18 -26.7509 -2350.07 -1282.13 -0.0012207 -2362.64 -1273.16 0.212777 -2341.78 -1243.68 -0.0012207 -2341.68 -1243.75 -0.0012207 -2329.15 -1226.19 417.076 -2454.09 -986.631 417.076 -2466.62 -1004.2 438.476 -2476.68 -997.023 438.476 -2710.37 -1324.81 417.076 -2700.31 -1331.98 417.076 -2717.04 -1355.44 -0.0012207 -2421.3 -1355.44
element 7
  poly 0: 417.076 -2686.69 -1355.44 417.076 -2680.19 -1346.33 417.29 -2680.09 -1346.4 417.076 -2602.3 -1237.07 390.327 -2614.87 -1228.1 374.277 -2612.68 -1209.06 374.277 -2554.25 -1127.12 390.327 -2536.97 -1118.84 417.076 -2524.4 -1127.8 417.29 -2446.4 -1018.61 417.076 -2446.5 -1018.54 417.076 -2435.8 -1003.54 834.156 -2310.86 -1243.09 834.156 -2390.96 -1355.44 417.076 -2686.69 -1355.44
  poly 1: 417.076 -2717.04 -1355.44 417.076 -2700.31 -1331.98 438.476 -2690.25 -1339.16 438.476 -2612.36 -1229.89 411.726 -2624.93 -1220.93 395.677 -2622.74 -1201.89 395.677 -2564.31 -1119.94 411.726 -2547.03 -1111.67 438.476 -2534.46 -1120.63 438.476 -2456.56 -1011.37 417.076 -2466.62 -1004.2 417.076 -2454.09 -986.631 834.156 -2329.15 -1226.19 834.156 -2421.3 -1355.44 417.076 -2717.04 -1355.44
element 8
  poly 0: -417.079 -1917.87 -467.462 -655.753 -2064.81 -419.367 -658.467 -2101.63 -453.851 -679.806 -2109.24 -444.044 -677.518 -2078.21 -414.982 -834.156 -2174.65 -383.418 -834.156 -2359.53 -567.709 -558.092 -2304.45 -737.848 -562.619 -2243.8 -673.706 -541.275 -2234.07 -681.403 -536.345 -2300.11 -751.251 -417.079 -2276.31 -824.755 -417.079 -1917.87 -467.462
  poly 1: -417.079 -1898.2 -482.744 -677.303 -2058.41 -430.307 -679.805 -2092.34 -462.087 -701.143 -2099.95 -452.28 -699.068 -2071.81 -425.921 -834.156 -2154.98 -398.7 -834.156 -2344.31 -587.429 -579.637 -2293.53 -744.289 -583.963 -2235.57 -682.994 -562.618 -2225.84 -690.691 -557.89 -2289.19 -757.692 -417.079 -2261.09 -844.475 -417.079 -1898.2 -482.744
element 9
  poly 0: -0.0012207 -2174.65 -383.418 -156.64 -2078.21 -414.982 -154.352 -2109.24 -444.044 -175.69 -2101.63 -453.851 -178.405 -2064.81 -419.367 -417.079 -1917.87 -467.462 -417.079 -2276.31 -824.755 -297.813 -2300.11 -751.251 -292.883 -2234.07 -681.404 -271.539 -2243.8 -673.706 -276.066 -2304.45 -737.848 -0.0012207 -2359.53 -567.709 -0.0012207 -2174.65 -383.418
  poly 1: -0.0012207 -2154.98 -398.7 -135.089 -2071.81 -425.921 -133.014 -2099.95 -452.28 -154.352 -2092.34 -462.087 -156.854 -2058.41 -430.307 -417.079 -1898.2 -482.744 -417.079 -2261.09 -844.475 -276.268 -2289.19 -757.692 -271.539 -2225.84 -690.691 -250.195 -2235.57 -682.994 -254.521 -2293.53 -744.289 -0.0012207 -2344.31 -587.429 -0.0012207 -2154.98 -398.7
element 10
  poly 0: 417.076 -1917.87 -467.462 178.403 -2064.81 -419.367 175.688 -2101.63 -453.851 154.35 -2109.24 -444.044 156.638 -2078.21 -414.982 -0.0012207 -2174.65 -383.418 -0.0012207 -2359.53 -567.709 276.063 -2304.45 -737.848 271.536 -2243.8 -673.706 292.881 -2234.07 -681.403 297.81 -2300.11 -751.251 417.076 -2276.31 -824.755 417.076 -1917.87 -467.462
  poly 1: 417.076 -1898.2 -482.744 156.852 -2058.41 -430.307 154.35 -2092.34 -462.087 133.012 -2099.95 -452.28 135.087 -2071.81 -425.921 -0.0012207 -2154.98 -398.7 -0.0012207 -2344.31 -587.429 254.519 -2293.53 -744.289 250.193 -2235.57 -682.994 271.537 -2225.84 -690.691 276.266 -2289.19 -757.692 417.076 -2261.09 -844.475 417.076 -1898.2 -482.744
element 11
  poly 0: 834.156 -2174.65 -383.418 677.517 -2078.21 -414.982 679.805 -2109.24 -444.044 658.466 -2101.63 -453.851 655.752 -2064.81 -419.367 417.076 -1917.87 -467.462 417.076 -2276.31 -824.755 536.343 -2300.11 -751.251 541.273 -2234.07 -681.404 562.617 -2243.8 -673.707 558.09 -2304.45 -737.848 834.156 -2359.53 -567.709 834.156 -2174.65 -383.418
  poly 1: 834.156 -2154.98 -398.7 699.068 -2071.81 -425.921 701.143 -2099.95 -452.28 679.804 -2092.34 -462.087 677.302 -2058.41 -430.307 417.076 -1898.2 -482.744 417.076 -2261.09 -844.475 557.888 -2289.19 -757.692 562.617 -2225.84 -690.691 583.961 -2235.57 -682.994 579.635 -2293.53 -744.289 834.156 -2344.31 -587.429 834.156 -2154.98 -398.7
element 12
  poly 0: -417.079 -2535.13 -911.523 -660.927 -2382.35 -951.688 -658.484 -2349.86 -913.102 -679.835 -2339.74 -920.272 -682.044 -2369.12 -955.166 -834.156 -2273.82 -980.221 -834.156 -2100.17 -785.31 -567.305 -2163.06 -624.289 -562.619 -2225.84 -690.691 -541.275 -2234.07 -681.403 -546.204 -2168.03 -611.556 -417.079 -2198.46 -533.64 -417.079 -2535.13 -911.523
  poly 1: -417.079 -2555.67 -897.432 -682.161 -2389.59 -941.095 -679.834 -2358.65 -904.35 -701.185 -2348.53 -911.52 -703.278 -2376.36 -944.573 -834.156 -2294.37 -966.13 -834.156 -2116.53 -766.525 -588.528 -2174.41 -618.31 -583.963 -2235.57 -682.994 -562.619 -2243.8 -673.706 -567.427 -2179.39 -605.577 -417.079 -2214.82 -514.855 -417.079 -2555.67 -897.432
element 13
  poly 0: -0.0012207 -2273.82 -980.221 -152.113 -2369.12 -955.166 -154.323 -2339.74 -920.272 -175.674 -2349.86 -913.102 -173.231 -2382.35 -951.688 -417.079 -2535.13 -911.523 -417.079 -2198.46 -533.64 -287.954 -2168.03 -611.556 -292.883 -2234.07 -681.404 -271.539 -2225.84 -690.691 -266.853 -2163.06 -624.289 -0.0012207 -2100.17 -785.31 -0.0012207 -2273.82 -980.221
  poly 1: -0.0012207 -2294.37 -966.13 -130.88 -2376.36 -944.573 -132.973 -2348.53 -911.52 -154.323 -2358.65 -904.35 -151.997 -2389.59 -941.095 -417.079 -2555.67 -897.432 -417.079 -2214.82 -514.855 -266.731 -2179.39 -605.577 -271.539 -2243.8 -673.706 -250.195 -2235.57 -682.994 -245.63 -2174.41 -618.31 -0.0012207 -2116.53 -766.525 -0.0012207 -2294.37 -966.13
element 14
  poly 0: 417.076 -2535.13 -911.523 173.228 -2382.35 -951.688 175.671 -2349.86 -913.102 154.321 -2339.74 -920.272 152.111 -2369.12 -955.166 -0.0012207 -2273.82 -980.221 -0.0012207 -2100.17 -785.31 266.85 -2163.06 -624.289 271.536 -2225.84 -690.691 292.881 -2234.07 -681.403 287.951 -2168.03 -611.556 417.076 -2198.46 -533.64 417.076 -2535.13 -911.523
  poly 1: 417.076 -2555.67 -897.432 151.994 -2389.59 -941.095 154.321 -2358.65 -904.35 132.97 -2348.53 -911.52 130.877 -2376.36 -944.573 -0.0012207 -2294.37 -966.13 -0.0012207 -2116.53 -766.525 245.627 -2174.41 -618.31 250.192 -2235.57 -682.994 271.536 -2243.8 -673.706 266.728 -2179.39 -605.577 417.076 -2214.82 -514.855 417.076 -2555.67 -897.432
element 15
  poly 0: 834.156 -2273.82 -980.221 682.043 -2369.12 -955.166 679.834 -2339.74 -920.272 658.483 -2349.86 -913.102 660.926 -2382.35 -951.688 417.076 -2535.13 -911.523 417.076 -2198.46 -533.64 546.202 -2168.03 -611.556 541.273 -2234.07 -681.404 562.617 -2225.84 -690.691 567.304 -2163.06 -624.289 834.156 -2100.17 -785.31 834.156 -2273.82 -980.221
  poly 1: 834.156 -2294.37 -966.13 703.277 -2376.36 -944.573 701.184 -2348.53 -911.52 679.833 -2358.65 -904.35 682.16 -2389.59 -941.095 417.076 -2555.67 -897.432 417.076 -2214.82 -514.855 567.425 -2179.39 -605.577 562.617 -2243.8 -673.706 583.962 -2235.57 -682.994 588.527 -2174.41 -618.31 834.156 -2116.53 -766.525 834.156 -2294.37 -966.13
element 16
  poly 0: -417.079 -1617.95 -65.6631 -655.544 -1757.51 0.558375 -658.439 -1798.45 -28.9125 -679.769 -1804.68 -18.1643 -677.335 -1770.27 6.60977 -834.156 -1862.05 50.1594 -834.156 -2068.74 -109.288 -557.684 -2035.55 -285.284 -562.61 -1967.55 -229.231 -541.277 -1958.76 -238.012 -535.903 -2032.94 -299.149 -417.079 -2018.67 -374.79 -417.079 -1617.95 -65.6631
  poly 1: -417.079 -1600.37 -83.3087 -677.104 -1752.55 -11.1 -679.769 -1790.24 -38.2305 -701.099 -1796.47 -27.4823 -698.895 -1765.3 -5.0486 -834.156 -1844.46 32.5138 -834.156 -2056.14 -130.773 -579.24 -2025.54 -293.048 -583.944 -1960.6 -239.529 -562.61 -1951.82 -248.31 -557.459 -2022.92 -306.913 -417.079 -2006.07 -396.275 -417.079 -1600.37 -83.3087
element 17
  poly 0: -0.0012207 -1862.05 50.1594 -156.823 -1770.27 6.61008 -154.389 -1804.68 -18.164 -175.719 -1798.45 -28.9122 -178.614 -1757.51 0.558685 -417.079 -1617.95 -65.6631 -417.079 -2018.67 -374.79 -298.255 -2032.94 -299.149 -292.881 -1958.76 -238.012 -271.548 -1967.55 -229.231 -276.474 -2035.55 -285.284 -0.0012207 -2068.74 -109.288 -0.0012207 -1862.05 50.1594
  poly 1: -0.0012207 -1844.46 32.5138 -135.263 -1765.3 -5.04829 -133.059 -1796.47 -27.482 -154.389 -1790.24 -38.2302 -157.054 -1752.55 -11.0997 -417.079 -1600.37 -83.3087 -417.079 -2006.07 -396.275 -276.699 -2022.92 -306.913 -271.548 -1951.82 -248.31 -250.214 -1960.6 -239.529 -254.918 -2025.54 -293.048 -0.0012207 -2056.14 -130.773 -0.0012207 -1844.46 32.5138
element 18
  poly 0: 417.076 -1617.95 -65.6631 178.612 -1757.51 0.558375 175.716 -1798.45 -28.9125 154.387 -1804.68 -18.1643 156.82 -1770.27 6.60977 -0.0012207 -1862.05 50.1594 -0.0012207 -2068.74 -109.288 276.472 -2035.55 -285.284 271.545 -1967.55 -229.231 292.878 -1958.76 -238.012 298.252 -2032.94 -299.149 417.076 -2018.67 -374.79 417.076 -1617.95 -65.6631
  poly 1: 417.076 -1600.37 -83.3087 157.052 -1752.55 -11.1 154.386 -1790.24 -38.2305 133.056 -1796.47 -27.4823 135.26 -1765.3 -5.0486 -0.0012207 -1844.46 32.5138 -0.0012207 -2056.14 -130.773 254.915 -2025.54 -293.048 250.211 -1960.6 -239.529 271.545 -1951.82 -248.31 276.696 -2022.92 -306.913 417.076 -2006.07 -396.275 417.076 -1600.37 -83.3087
element 19
  poly 0: 834.156 -1862.05 50.1594 677.334 -1770.27 6.61008 679.768 -1804.68 -18.1639 658.438 -1798.45 -28.9122 655.542 -1757.51 0.558685 417.076 -1617.95 -65.6631 417.076 -2018.67 -374.79 535.901 -2032.94 -299.149 541.275 -1958.76 -238.012 562.609 -1967.55 -229.231 557.682 -2035.55 -285.284 834.156 -2068.74 -109.288 834.156 -1862.05 50.1594
  poly 1: 834.156 -1844.46 32.5138 698.894 -1765.3 -5.04829 701.098 -1796.47 -27.482 679.768 -1790.24 -38.2302 677.103 -1752.55 -11.0997 417.076 -1600.37 -83.3087 417.076 -2006.07 -396.275 557.458 -2022.92 -306.913 562.609 -1951.82 -248.31 583.942 -1960.6 -239.529 579.238 -2025.54 -293.048 834.156 -2056.14 -130.773 834.156 -1844.46 32.5138
element 20
  poly 0: -417.079 -2285.38 -429.905 -661.182 -2138.44 -488.334 -658.468 -2101.63 -453.85 -679.806 -2092.34 -462.087 -682.269 -2125.75 -493.381 -834.156 -2034.32 -529.737 -834.156 -1838.34 -357.286 -567.727 -1881.2 -190.099 -562.61 -1951.82 -248.309 -541.277 -1958.76 -238.011 -546.651 -1884.59 -176.874 -417.079 -1905.43 -95.5673 -417.079 -2285.38 -429.905
  poly 1: -417.079 -2304.06 -413.431 -682.395 -2144.35 -476.937 -679.806 -2109.24 -444.044 -701.144 -2099.95 -452.28 -703.482 -2131.66 -481.984 -834.156 -2053 -513.263 -834.156 -1852.31 -336.659 -588.932 -1891.75 -182.778 -583.944 -1960.6 -239.529 -562.61 -1967.55 -229.231 -567.856 -1895.14 -169.553 -417.079 -1919.4 -74.9398 -417.079 -2304.06 -413.431
element 21
  poly 0: -0.0012207 -2034.32 -529.737 -151.889 -2125.75 -493.381 -154.352 -2092.34 -462.087 -175.69 -2101.63 -453.851 -172.976 -2138.44 -488.334 -417.079 -2285.38 -429.905 -417.079 -1905.43 -95.5673 -287.507 -1884.59 -176.874 -292.881 -1958.76 -238.012 -271.548 -1951.82 -248.309 -266.431 -1881.2 -190.1 -0.0012207 -1838.34 -357.286 -0.0012207 -2034.32 -529.737
  poly 1: -0.0012207 -2053 -513.263 -130.676 -2131.66 -481.985 -133.014 -2099.95 -452.281 -154.352 -2109.24 -444.044 -151.763 -2144.35 -476.937 -417.079 -2304.06 -413.431 -417.079 -1919.4 -74.9398 -266.302 -1895.14 -169.554 -271.548 -1967.55 -229.231 -250.214 -1960.6 -239.529 -245.226 -1891.75 -182.779 -0.0012207 -1852.31 -336.659 -0.0012207 -2053 -513.263
element 22
  poly 0: 417.076 -2285.38 -429.905 172.973 -2138.44 -488.334 175.688 -2101.63 -453.85 154.35 -2092.34 -462.087 151.886 -2125.75 -493.381 -0.0012207 -2034.32 -529.737 -0.0012207 -1838.34 -357.286 266.429 -1881.2 -190.099 271.545 -1951.82 -248.309 292.878 -1958.76 -238.011 287.505 -1884.59 -176.874 417.076 -1905.43 -95.5673 417.076 -2285.38 -429.905
  poly 1: 417.076 -2304.06 -413.431 151.76 -2144.35 -476.937 154.35 -2109.24 -444.044 133.012 -2099.95 -452.28 130.673 -2131.66 -481.984 -0.0012207 -2053 -513.263 -0.0012207 -1852.31 -336.659 245.223 -1891.75 -182.778 250.212 -1960.6 -239.529 271.545 -1967.55 -229.231 266.299 -1895.14 -169.553 417.076 -1919.4 -74.9398 417.076 -2304.06 -413.431
element 23
  poly 0: 834.156 -2034.32 -529.737 682.268 -2125.75 -493.381 679.804 -2092.34 -462.087 658.466 -2101.63 -453.851 661.181 -2138.44 -488.334 417.076 -2285.38 -429.905 417.076 -1905.43 -95.5673 546.649 -1884.59 -176.874 541.275 -1958.76 -238.012 562.608 -1951.82 -248.309 567.725 -1881.2 -190.1 834.156 -1838.34 -357.286 834.156 -2034.32 -529.737
  poly 1: 834.156 -2053 -513.263 703.481 -2131.66 -481.985 701.143 -2099.95 -452.281 679.805 -2109.24 -444.044 682.394 -2144.35 -476.937 417.076 -2304.06 -413.431 417.076 -1919.4 -74.9398 567.854 -1895.14 -169.554 562.608 -1967.55 -229.231 583.942 -1960.6 -239.529 588.93 -1891.75 -182.779 834.156 -1852.31 -336.659 834.156 -2053 -513.263
element 24
  poly 0: -417.079 -1267.93 291.85 -655.471 -1397.4 376.03 -658.406 -1441.91 352.287 -679.734 -1446.63 363.778 -677.268 -1409.24 383.726 -834.156 -1494.44 439.125 -834.156 -1720.52 308.602 -557.504 -1711.04 129.638 -562.626 -1636.31 176.199 -541.297 -1628.72 166.362 -535.706 -1710.29 115.538 -417.079 -1706.23 38.7986 -417.079 -1267.93 291.85
  poly 1: -417.079 -1252.85 272.022 -677.032 -1394.03 363.815 -679.733 -1435 341.964 -701.061 -1439.72 353.455 -698.829 -1405.87 371.512 -834.156 -1479.36 419.297 -834.156 -1710.88 285.63 -579.065 -1702.14 120.614 -583.953 -1630.82 165.051 -562.625 -1623.23 155.214 -557.267 -1701.4 106.514 -417.079 -1696.59 15.8268 -417.079 -1252.85 272.022
element 25
  poly 0: -0.0012207 -1494.44 439.125 -156.89 -1409.24 383.726 -154.424 -1446.63 363.778 -175.752 -1441.91 352.286 -178.686 -1397.4 376.029 -417.079 -1267.93 291.85 -417.079 -1706.23 38.7986 -298.451 -1710.29 115.538 -292.86 -1628.72 166.362 -271.532 -1636.31 176.199 -276.654 -1711.04 129.638 -0.0012207 -1720.52 308.602 -0.0012207 -1494.44 439.125
  poly 1: -0.0012207 -1479.36 419.297 -135.328 -1405.87 371.511 -133.096 -1439.72 353.454 -154.424 -1435 341.963 -157.125 -1394.03 363.814 -417.079 -1252.85 272.022 -417.079 -1696.59 15.8268 -276.89 -1701.4 106.513 -271.532 -1623.23 155.213 -250.204 -1630.82 165.05 -255.092 -1702.14 120.614 -0.0012207 -1710.88 285.63 -0.0012207 -1479.36 419.297
element 26
  poly 0: 417.076 -1267.93 291.85 178.684 -1397.4 376.03 175.749 -1441.91 352.287 154.422 -1446.63 363.778 156.887 -1409.24 383.726 -0.0012207 -1494.44 439.125 -0.0012207 -1720.52 308.602 276.652 -1711.04 129.638 271.53 -1636.31 176.199 292.858 -1628.72 166.362 298.449 -1710.29 115.538 417.076 -1706.23 38.7986 417.076 -1267.93 291.85
  poly 1: 417.076 -1252.85 272.022 157.123 -1394.03 363.815 154.422 -1435 341.964 133.094 -1439.72 353.455 135.326 -1405.87 371.512 -0.0012207 -1479.36 419.297 -0.0012207 -1710.88 285.63 255.091 -1702.14 120.614 250.202 -1630.82 165.051 271.531 -1623.23 155.214 276.888 -1701.4 106.514 417.076 -1696.59 15.8268 417.076 -1252.85 272.022
element 27
  poly 0: 834.156 -1494.44 439.125 677.267 -1409.24 383.726 679.733 -1446.63 363.778 658.405 -1441.91 352.286 655.47 -1397.4 376.029 417.076 -1267.93 291.85 417.076 -1706.23 38.7986 535.705 -1710.29 115.538 541.296 -1628.72 166.362 562.624 -1636.31 176.199 557.502 -1711.04 129.638 834.156 -1720.52 308.602 834.156 -1494.44 439.125
  poly 1: 834.156 -1479.36 419.297 698.829 -1405.87 371.511 701.061 -1439.72 353.454 679.733 -1435 341.963 677.032 -1394.03 363.814 417.076 -1252.85 272.022 417.076 -1696.59 15.8268 557.266 -1701.4 106.513 562.624 -1623.23 155.213 583.952 -1630.82 165.05 579.064 -1702.14 120.614 834.156 -1710.88 285.63 834.156 -1479.36 419.297
element 28
  poly 0: -417.079 -1977.54 18.7665 -661.334 -1839.39 -58.3831 -658.439 -1798.45 -28.9123 -679.769 -1790.24 -38.2302 -682.402 -1827.48 -65.0376 -834.156 -1741.65 -112.97 -834.156 -1524.85 32.436 -567.952 -1545.51 203.64 -562.625 -1623.23 155.214 -541.298 -1628.72 166.362 -546.889 -1547.14 217.187 -417.079 -1557.22 300.671 -417.079 -1977.54 18.7665
  poly 1: -417.079 -1993.91 37.5379 -682.533 -1843.78 -46.3076 -679.768 -1804.68 -18.1642 -701.098 -1796.47 -27.4821 -703.602 -1831.86 -52.9622 -834.156 -1758.02 -94.1988 -834.156 -1536 54.7089 -589.149 -1555.02 212.28 -583.953 -1630.82 165.05 -562.625 -1636.31 176.198 -568.085 -1556.65 225.827 -417.079 -1568.37 322.944 -417.079 -1993.91 37.5379
element 29
  poly 0: -0.0012207 -1741.65 -112.97 -151.755 -1827.48 -65.0377 -154.389 -1790.24 -38.2302 -175.719 -1798.45 -28.9123 -172.824 -1839.39 -58.3831 -417.079 -1977.54 18.7665 -417.079 -1557.22 300.671 -287.269 -1547.14 217.187 -292.86 -1628.72 166.362 -271.533 -1623.23 155.214 -266.206 -1545.51 203.64 -0.0012207 -1524.85 32.436 -0.0012207 -1741.65 -112.97
  poly 1: -0.0012207 -1758.02 -94.1988 -130.556 -1831.86 -52.9622 -133.059 -1796.47 -27.4821 -154.389 -1804.68 -18.1642 -151.624 -1843.78 -46.3077 -417.079 -1993.91 37.5379 -417.079 -1568.37 322.944 -266.073 -1556.65 225.827 -271.532 -1636.31 176.198 -250.205 -1630.82 165.05 -245.009 -1555.02 212.28 -0.0012207 -1536 54.7089 -0.0012207 -1758.02 -94.1988
element 30
  poly 0: 417.076 -1977.54 18.7665 172.821 -1839.39 -58.3831 175.716 -1798.45 -28.9123 154.386 -1790.24 -38.2302 151.753 -1827.48 -65.0376 -0.0012207 -1741.65 -112.97 -0.0012207 -1524.85 32.436 266.203 -1545.51 203.64 271.53 -1623.23 155.214 292.858 -1628.72 166.362 287.267 -1547.14 217.187 417.076 -1557.22 300.671 417.076 -1977.54 18.7665
  poly 1: 417.076 -1993.91 37.5379 151.622 -1843.78 -46.3076 154.387 -1804.68 -18.1642 133.057 -1796.47 -27.4821 130.554 -1831.86 -52.9622 -0.0012207 -1758.02 -94.1988 -0.0012207 -1536 54.7089 245.007 -1555.02 212.28 250.202 -1630.82 165.05 271.53 -1636.31 176.198 266.07 -1556.65 225.827 417.076 -1568.37 322.944 417.076 -1993.91 37.5379
element 31
  poly 0: 834.156 -1741.65 -112.97 682.401 -1827.48 -65.0377 679.768 -1790.24 -38.2302 658.438 -1798.45 -28.9123 661.333 -1839.39 -58.3831 417.076 -1977.54 18.7665 417.076 -1557.22 300.671 546.887 -1547.14 217.187 541.296 -1628.72 166.362 562.623 -1623.23 155.214 567.951 -1545.51 203.64 834.156 -1524.85 32.436 834.156 -1741.65 -112.97
  poly 1: 834.156 -1758.02 -94.1988 703.601 -1831.86 -52.9622 701.098 -1796.47 -27.4821 679.768 -1804.68 -18.1642 682.532 -1843.78 -46.3077 417.076 -1993.91 37.5379 417.076 -1568.37 322.944 568.083 -1556.65 225.827 562.624 -1636.31 176.198 583.952 -1630.82 165.05 589.147 -1555.02 212.28 834.156 -1536 54.7089 834.156 -1758.02 -94.1988
element 32
  poly 0: -417.079 -873.24 599.371 -655.557 -990.399 700.067 -658.378 -1037.66 682.395 -679.712 -1040.87 694.392 -677.338 -1001.1 709.264 -834.156 -1078.14 775.479 -834.156 -1319.57 676.201 -557.608 -1333.99 497.635 -562.662 -1253.7 533.804 -541.333 -1247.51 523.036 -535.817 -1335.13 483.564 -417.079 -1341.32 406.896 -417.079 -873.24 599.371
  poly 1: -417.079 -860.936 577.713 -677.113 -988.684 687.51 -679.711 -1032.21 671.234 -701.045 -1035.42 683.231 -698.894 -999.384 696.707 -834.156 -1065.84 753.821 -834.156 -1313.08 652.151 -579.168 -1326.38 487.507 -583.992 -1249.74 522.031 -562.662 -1243.55 511.262 -557.377 -1327.51 473.437 -417.079 -1334.82 382.846 -417.079 -860.936 577.713
element 33
  poly 0: -0.0012207 -1078.14 775.479 -156.82 -1001.1 709.264 -154.446 -1040.87 694.392 -175.78 -1037.66 682.395 -178.6 -990.399 700.067 -417.079 -873.24 599.371 -417.079 -1341.32 406.896 -298.341 -1335.13 483.564 -292.825 -1247.51 523.036 -271.496 -1253.7 533.804 -276.55 -1333.99 497.635 -0.0012207 -1319.57 676.201 -0.0012207 -1078.14 775.479
  poly 1: -0.0012207 -1065.84 753.821 -135.264 -999.384 696.707 -133.113 -1035.42 683.231 -154.446 -1032.21 671.234 -157.044 -988.684 687.511 -417.079 -860.936 577.713 -417.079 -1334.82 382.846 -276.781 -1327.51 473.437 -271.495 -1243.55 511.262 -250.166 -1249.74 522.031 -254.99 -1326.38 487.507 -0.0012207 -1313.08 652.151 -0.0012207 -1065.84 753.821
element 34
  poly 0: 417.076 -873.24 599.371 178.598 -990.399 700.067 175.777 -1037.66 682.395 154.444 -1040.87 694.392 156.818 -1001.1 709.264 -0.0012207 -1078.14 775.479 -0.0012207 -1319.57 676.201 276.547 -1333.99 497.635 271.493 -1253.7 533.804 292.823 -1247.51 523.036 298.338 -1335.13 483.564 417.076 -1341.32 406.896 417.076 -873.24 599.371
  poly 1: 417.076 -860.936 577.713 157.042 -988.684 687.51 154.444 -1032.21 671.234 133.11 -1035.42 683.231 135.262 -999.384 696.707 -0.0012207 -1065.84 753.821 -0.0012207 -1313.08 652.151 254.987 -1326.38 487.507 250.163 -1249.74 522.031 271.493 -1243.55 511.262 276.778 -1327.51 473.437 417.076 -1334.82 382.846 417.076 -860.936 577.713
element 35
  poly 0: 834.156 -1078.14 775.479 677.337 -1001.1 709.264 679.711 -1040.87 694.392 658.377 -1037.66 682.395 655.556 -990.399 700.067 417.076 -873.24 599.371 417.076 -1341.32 406.896 535.815 -1335.13 483.564 541.331 -1247.51 523.036 562.661 -1253.7 533.804 557.606 -1333.99 497.635 834.156 -1319.57 676.201 834.156 -1078.14 775.479
  poly 1: 834.156 -1065.84 753.821 698.893 -999.384 696.707 701.044 -1035.42 683.231 679.71 -1032.21 671.234 677.112 -988.684 687.511 417.076 -860.936 577.713 417.076 -1334.82 382.846 557.375 -1327.51 473.437 562.661 -1243.55 511.262 583.991 -1249.74 522.031 579.166 -1326.38 487.507 834.156 -1313.08 652.151 834.156 -1065.84 753.821
element 36
  poly 0: -417.079 -1612.99 423.507 -661.341 -1486.42 328.544 -658.406 -1441.91 352.287 -679.734 -1435 341.963 -682.404 -1475.51 320.355 -834.156 -1396.88 261.357 -834.156 -1162.55 376.41 -567.916 -1160.09 548.861 -562.663 -1243.55 511.262 -541.333 -1247.51 523.036 -546.848 -1159.89 562.508 -417.079 -1158.69 646.563 -417.079 -1612.99 423.507
  poly 1: -417.079 -1626.7 444.302 -682.537 -1489.15 341.099 -679.733 -1446.63 363.778 -701.061 -1439.72 353.454 -703.6 -1478.24 332.909 -834.156 -1410.59 282.153 -834.156 -1170.62 399.976 -589.115 -1168.35 558.696 -583.992 -1249.74 522.03 -562.662 -1253.7 533.804 -568.047 -1168.16 572.343 -417.079 -1166.76 670.13 -417.079 -1626.7 444.302
element 37
  poly 0: -0.0012207 -1396.88 261.357 -151.753 -1475.51 320.355 -154.424 -1435 341.963 -175.752 -1441.91 352.287 -172.817 -1486.42 328.544 -417.079 -1612.99 423.507 -417.079 -1158.69 646.563 -287.31 -1159.89 562.508 -292.825 -1247.51 523.036 -271.495 -1243.55 511.262 -266.241 -1160.09 548.861 -0.0012207 -1162.55 376.41 -0.0012207 -1396.88 261.357
  poly 1: -0.0012207 -1410.59 282.153 -130.557 -1478.24 332.91 -133.096 -1439.72 353.455 -154.424 -1446.63 363.778 -151.621 -1489.15 341.099 -417.079 -1626.7 444.302 -417.079 -1166.76 670.13 -266.11 -1168.16 572.343 -271.495 -1253.7 533.805 -250.165 -1249.74 522.03 -245.042 -1168.35 558.697 -0.0012207 -1170.62 399.976 -0.0012207 -1410.59 282.153
element 38
  poly 0: 417.076 -1612.99 423.507 172.815 -1486.42 328.544 175.749 -1441.91 352.287 154.422 -1435 341.963 151.751 -1475.51 320.355 -0.0012207 -1396.88 261.357 -0.0012207 -1162.55 376.41 266.239 -1160.09 548.861 271.493 -1243.55 511.262 292.823 -1247.51 523.036 287.307 -1159.89 562.508 417.076 -1158.69 646.563 417.076 -1612.99 423.507
  poly 1: 417.076 -1626.7 444.302 151.619 -1489.15 341.099 154.422 -1446.63 363.778 133.094 -1439.72 353.454 130.555 -1478.24 332.909 -0.0012207 -1410.59 282.153 -0.0012207 -1170.62 399.976 245.04 -1168.35 558.696 250.163 -1249.74 522.03 271.493 -1253.7 533.804 266.108 -1168.16 572.343 417.076 -1166.76 670.13 417.076 -1626.7 444.302
element 39
  poly 0: 834.156 -1396.88 261.357 682.403 -1475.51 320.355 679.733 -1435 341.963 658.405 -1441.91 352.287 661.34 -1486.42 328.544 417.076 -1612.99 423.507 417.076 -1158.69 646.563 546.846 -1159.89 562.508 541.331 -1247.51 523.036 562.661 -1243.55 511.262 567.915 -1160.09 548.861 834.156 -1162.55 376.41 834.156 -1396.88 261.357
  poly 1: 834.156 -1410.59 282.153 703.6 -1478.24 332.91 701.061 -1439.72 353.455 679.733 -1446.63 363.778 682.536 -1489.15 341.099 417.076 -1626.7 444.302 417.076 -1166.76 670.13 568.046 -1168.16 572.343 562.661 -1253.7 533.805 583.991 -1249.74 522.03 589.114 -1168.35 558.697 834.156 -1170.62 399.976 834.156 -1410.59 282.153
element 40
  poly 0: -417.079 -441.678 854.699 -655.776 -545.265 969.499 -658.363 -594.35 957.81 -679.707 -596.149 970.088 -677.522 -554.702 979.958 -834.156 -622.676 1055.29 -834.156 -874.72 987.322 -557.966 -911.542 812.236 -562.71 -827.186 837.822 -541.372 -822.499 826.326 -536.201 -914.444 798.439 -417.079 -930.325 722.924 -417.079 -441.678 854.699
  poly 1: -417.079 -432.208 831.659 -677.32 -545.146 956.821 -679.707 -590.422 946.038 -701.051 -592.22 958.316 -699.067 -554.583 967.28 -834.156 -613.209 1032.25 -834.156 -871.321 962.645 -579.517 -905.27 801.221 -584.048 -824.697 825.659 -562.71 -820.01 814.163 -557.752 -908.172 787.423 -417.079 -926.927 698.247 -417.079 -432.208 831.659
element 41
  poly 0: -0.0012207 -622.676 1055.29 -156.636 -554.702 979.958 -154.451 -596.149 970.088 -175.795 -594.35 957.81 -178.382 -545.265 969.499 -417.079 -441.678 854.699 -417.079 -930.325 722.924 -297.957 -914.444 798.439 -292.786 -822.499 826.326 -271.448 -827.186 837.822 -276.192 -911.542 812.236 -0.0012207 -874.72 987.322 -0.0012207 -622.676 1055.29
  poly 1: -0.0012207 -613.209 1032.25 -135.091 -554.583 967.28 -133.107 -592.221 958.317 -154.451 -590.422 946.039 -156.838 -545.146 956.821 -417.079 -432.208 831.659 -417.079 -926.927 698.247 -276.406 -908.172 787.424 -271.448 -820.01 814.164 -250.11 -824.697 825.66 -254.641 -905.271 801.221 -0.0012207 -871.321 962.645 -0.0012207 -613.209 1032.25
element 42
  poly 0: 417.076 -441.678 854.699 178.38 -545.265 969.499 175.792 -594.35 957.81 154.448 -596.149 970.088 156.633 -554.702 979.958 -0.0012207 -622.676 1055.29 -0.0012207 -874.72 987.322 276.19 -911.542 812.236 271.445 -827.186 837.822 292.784 -822.499 826.326 297.955 -914.444 798.439 417.076 -930.325 722.924 417.076 -441.678 854.699
  poly 1: 417.076 -432.208 831.659 156.835 -545.146 956.821 154.448 -590.422 946.038 133.104 -592.22 958.316 135.088 -554.583 967.28 -0.0012207 -613.209 1032.25 -0.0012207 -871.321 962.645 254.639 -905.27 801.221 250.107 -824.697 825.659 271.445 -820.01 814.163 276.404 -908.172 787.423 417.076 -926.927 698.247 417.076 -432.208 831.659
element 43
  poly 0: 834.156 -622.676 1055.29 677.521 -554.702 979.958 679.706 -596.149 970.088 658.362 -594.35 957.81 655.775 -545.265 969.499 417.076 -441.678 854.699 417.076 -930.325 722.924 536.199 -914.444 798.439 541.37 -822.499 826.326 562.708 -827.186 837.822 557.964 -911.542 812.236 834.156 -874.72 987.322 834.156 -622.676 1055.29
  poly 1: 834.156 -613.209 1032.25 699.066 -554.583 967.28 701.05 -592.221 958.317 679.706 -590.422 946.039 677.319 -545.146 956.821 417.076 -432.208 831.659 417.076 -926.927 698.247 557.75 -908.172 787.424 562.708 -820.01 814.164 584.046 -824.697 825.66 579.515 -905.271 801.221 834.156 -871.321 962.645 834.156 -613.209 1032.25
element 44
  poly 0: -417.079 -1197.94 775.324 -661.199 -1084.91 664.723 -658.378 -1037.66 682.395 -679.711 -1032.21 671.234 -682.275 -1075.16 655.174 -834.156 -1004.83 586.363 -834.156 -757.498 669.857 -567.63 -732.53 840.697 -562.71 -820.01 814.163 -541.372 -822.499 826.326 -546.543 -730.554 854.213 -417.079 -718.426 937.198 -417.079 -1197.94 775.324
  poly 1: -417.079 -1208.83 797.732 -682.404 -1085.98 677.523 -679.712 -1040.87 694.392 -701.045 -1035.42 683.231 -703.48 -1076.22 667.975 -834.156 -1015.72 608.77 -834.156 -762.425 694.275 -588.843 -739.442 851.518 -584.048 -824.697 825.66 -562.71 -827.186 837.822 -567.756 -737.467 865.034 -417.079 -723.35 961.616 -417.079 -1208.83 797.732
element 45
  poly 0: -0.0012207 -1004.83 586.363 -151.883 -1075.16 655.175 -154.446 -1032.21 671.234 -175.78 -1037.66 682.395 -172.959 -1084.91 664.723 -417.079 -1197.94 775.324 -417.079 -718.426 937.198 -287.615 -730.554 854.213 -292.786 -822.499 826.326 -271.448 -820.01 814.164 -266.528 -732.53 840.697 -0.0012207 -757.498 669.857 -0.0012207 -1004.83 586.363
  poly 1: -0.0012207 -1015.72 608.77 -130.678 -1076.22 667.975 -133.113 -1035.42 683.231 -154.446 -1040.87 694.392 -151.754 -1085.98 677.523 -417.079 -1208.83 797.732 -417.079 -723.35 961.616 -266.402 -737.467 865.034 -271.448 -827.186 837.822 -250.11 -824.697 825.66 -245.315 -739.442 851.518 -0.0012207 -762.425 694.275 -0.0012207 -1015.72 608.77
element 46
  poly 0: 417.076 -1197.94 775.324 172.957 -1084.91 664.723 175.777 -1037.66 682.395 154.444 -1032.21 671.234 151.881 -1075.16 655.174 -0.0012207 -1004.83 586.363 -0.0012207 -757.498 669.857 266.526 -732.53 840.697 271.446 -820.01 814.163 292.784 -822.499 826.326 287.613 -730.554 854.213 417.076 -718.426 937.198 417.076 -1197.94 775.324
  poly 1: 417.076 -1208.83 797.732 151.751 -1085.98 677.523 154.444 -1040.87 694.392 133.11 -1035.42 683.231 130.675 -1076.22 667.975 -0.0012207 -1015.72 608.77 -0.0012207 -762.425 694.275 245.312 -739.442 851.518 250.107 -824.697 825.66 271.445 -827.186 837.822 266.399 -737.467 865.034 417.076 -723.35 961.616 417.076 -1208.83 797.732
element 47
  poly 0: 834.156 -1004.83 586.363 682.274 -1075.16 655.175 679.711 -1032.21 671.234 658.377 -1037.66 682.395 661.198 -1084.91 664.723 417.076 -1197.94 775.324 417.076 -718.426 937.198 546.541 -730.554 854.213 541.37 -822.499 826.326 562.708 -820.01 814.164 567.628 -732.53 840.697 834.156 -757.498 669.857 834.156 -1004.83 586.363
  poly 1: 834.156 -1015.72 608.77 703.479 -1076.22 667.975 701.044 -1035.42 683.231 679.711 -1040.87 694.392 682.403 -1085.98 677.523 417.076 -1208.83 797.732 417.076 -723.35 961.616 567.754 -737.467 865.034 562.708 -827.186 837.822 584.047 -824.697 825.66 588.841 -739.442 851.518 834.156 -762.425 694.275 834.156 -1015.72 608.77
element 48
  poly 0: -395.679 -167.264 1018.83 -395.679 -314.748 996.805 -417.079 -316.573 1009.03 -417.079 -169.089 1031.05 -395.679 -167.264 1018.83
  poly 1: -417.079 -165.439 1006.61 -417.079 -312.923 984.585 -438.479 -314.748 996.805 -438.479 -167.264 1018.83 -417.079 -165.439 1006.61
  poly 2: -465.687 1.41881e-10 1084.68 -834.156 -138.482 1279.09 -834.156 -396.666 1240.53 -558.476 -453.257 1071.15 -562.753 -366.321 1086.63 -541.403 -363.136 1074.65 -536.75 -457.717 1057.81 -417.079 -482.283 984.278 -417.079 -464.057 987 -374.279 -460.407 962.56 -374.279 -17.9557 1028.64 -417.079 -21.6055 1053.08 -417.079 1.41881e-10 1056.3 -465.687 1.41881e-10 1084.68
  poly 3: -483.674 1.41881e-10 1070.19 -834.156 -131.722 1255.12 -834.156 -396.124 1215.63 -580.014 -448.294 1059.48 -584.103 -365.173 1074.28 -562.754 -361.988 1062.3 -558.288 -452.754 1046.13 -417.079 -481.741 959.374 -417.079 -460.407 962.56 -395.679 -458.582 950.34 -395.679 -16.1308 1016.42 -417.079 -17.9557 1028.64 -417.079 1.41881e-10 1031.32 -483.674 1.41881e-10 1070.19
element 49
  poly 0: -0.0012207 -230.618 1265.33 -0.0012207 -304.529 1254.29 -21.4013 -302.704 1242.07 -21.4013 -228.793 1253.11 -0.0012207 -230.618 1265.33
  poly 1: 21.3989 -228.793 1253.11 21.3989 -302.704 1242.07 -0.0012207 -300.879 1229.85 -0.0012207 -226.968 1240.89 21.3989 -228.793 1253.11
  poly 2: -417.079 18.2684 1059.03 -417.079 -21.6055 1053.08 -416.865 -21.6238 1053.2 -417.079 -169.089 1031.05 -443.829 -166.808 1015.78 -459.879 -183.875 1003.86 -459.879 -294.488 987.338 -443.829 -314.292 993.75 -417.079 -316.573 1009.03 -416.865 -464.075 987.122 -417.079 -464.057 987 -417.079 -482.283 984.278 -297.408 -457.717 1057.81 -292.754 -363.136 1074.65 -271.404 -366.321 1086.63 -275.682 -453.257 1071.15 -0.0012207 -396.666 1240.53 -0.0012207 -378.439 1243.26 21.3989 -380.264 1255.48 21.3989 -158.532 1288.59 -0.0012207 -156.708 1276.37 -0.0012207 -138.482 1279.09 -368.471 1.41881e-10 1084.68 -417.079 18.2684 1059.03
  poly 3: -417.079 25.0286 1035.05 -417.079 -17.9557 1028.64 -395.679 -19.7806 1040.86 -395.679 -167.264 1018.83 -422.429 -164.983 1003.56 -438.479 -182.05 991.637 -438.479 -292.663 975.119 -422.429 -312.467 981.53 -395.679 -314.748 996.805 -395.679 -462.232 974.78 -417.079 -460.407 962.56 -417.079 -481.741 959.374 -275.87 -452.754 1046.13 -271.404 -361.988 1062.3 -250.054 -365.173 1074.28 -254.144 -448.294 1059.48 -0.0012207 -396.124 1215.63 -0.0012207 -374.789 1218.82 42.799 -378.439 1243.26 42.799 -156.708 1276.37 -0.0012207 -153.058 1251.93 -0.0012207 -131.722 1255.12 -350.483 1.41881e-10 1070.19 -417.079 25.0286 1035.05
element 50
  poly 0: 438.477 -167.264 1018.83 438.477 -314.748 996.805 417.076 -316.573 1009.03 417.076 -169.089 1031.05 438.477 -167.264 1018.83
  poly 1: 417.076 -165.439 1006.61 417.076 -312.923 984.585 395.676 -314.748 996.805 395.676 -167.264 1018.83 417.076 -165.439 1006.61
  poly 2: 368.468 1.41881e-10 1084.68 -0.0012207 -138.482 1279.09 -0.0012207 -156.708 1276.37 21.3989 -154.883 1264.15 21.3989 -228.793 1253.11 -5.35125 -231.074 1268.39 -21.4013 -241.682 1276.17 -21.4013 -297.115 1267.89 -5.35125 -304.985 1257.35 21.3989 -302.704 1242.07 21.3989 -376.614 1231.04 -0.0012207 -378.439 1243.26 -0.0012207 -396.666 1240.53 275.679 -453.257 1071.15 271.402 -366.321 1086.63 292.752 -363.136 1074.65 297.405 -457.717 1057.81 417.076 -482.283 984.278 417.076 -464.057 987 459.877 -460.407 962.56 459.877 -17.9557 1028.64 417.076 -21.6055 1053.08 417.076 1.41881e-10 1056.3 368.468 1.41881e-10 1084.68
  poly 3: 350.481 1.41881e-10 1070.19 -0.0012207 -131.722 1255.12 -0.0012207 -153.058 1251.93 0.21278 -153.039 1251.81 -0.0012207 -226.968 1240.89 -26.7514 -229.249 1256.17 -42.8015 -239.857 1263.95 -42.8015 -295.29 1255.67 -26.7514 -303.16 1245.13 -0.0012207 -300.879 1229.85 0.21278 -374.771 1218.69 -0.0012207 -374.789 1218.82 -0.0012207 -396.124 1215.63 254.142 -448.294 1059.48 250.052 -365.173 1074.28 271.402 -361.988 1062.3 275.868 -452.754 1046.13 417.076 -481.741 959.374 417.076 -460.407 962.56 438.477 -458.582 950.34 438.477 -16.1308 1016.42 417.076 -17.9557 1028.64 417.076 1.41881e-10 1031.32 350.481 1.41881e-10 1070.19
element 51
  poly 0: 417.076 18.2684 1059.03 417.076 -21.6055 1053.08 417.29 -21.6238 1053.2 417.076 -169.089 1031.05 390.326 -166.808 1015.78 374.276 -183.875 1003.86 374.276 -294.488 987.339 390.326 -314.292 993.75 417.076 -316.573 1009.03 417.29 -464.075 987.122 417.076 -464.057 987 417.076 -482.283 984.278 536.748 -457.717 1057.81 541.402 -363.136 1074.65 562.752 -366.321 1086.63 558.474 -453.257 1071.15 834.156 -396.666 1240.53 834.156 -138.482 1279.09 465.685 1.41881e-10 1084.68 417.076 18.2684 1059.03
  poly 1: 417.076 25.0286 1035.05 417.076 -17.9557 1028.64 438.477 -19.7806 1040.86 438.477 -167.264 1018.83 411.726 -164.983 1003.56 395.676 -182.05 991.637 395.676 -292.663 975.119 411.726 -312.467 981.53 438.477 -314.748 996.805 438.477 -462.232 974.78 417.076 -460.407 962.56 417.076 -481.741 959.374 558.286 -452.754 1046.13 562.752 -361.988 1062.3 584.102 -365.173 1074.28 580.012 -448.294 1059.48 834.156 -396.124 1215.63 834.156 -131.722 1255.12 483.672 1.41881e-10 1070.19 417.076 25.0286 1035.05
element 52
  poly 0: -417.079 -742.142 1069.47 -660.951 -643.435 946.12 -658.363 -594.35 957.81 -679.707 -590.422 946.039 -682.051 -634.895 935.447 -834.156 -573.331 858.514 -834.156 -317.706 911.447 -567.173 -272.158 1078.29 -562.754 -361.988 1062.3 -541.403 -363.136 1074.65 -546.057 -268.555 1091.49 -417.079 -246.551 1172.09 -417.079 -742.142 1069.47
  poly 1: -417.079 -750.23 1093.03 -682.173 -642.934 958.946 -679.707 -596.149 970.088 -701.051 -592.221 958.317 -703.274 -634.393 948.273 -834.156 -581.419 882.074 -834.156 -319.639 936.281 -588.407 -277.712 1089.86 -584.103 -365.172 1074.28 -562.753 -366.321 1086.63 -567.29 -274.11 1103.05 -417.079 -248.482 1196.92 -417.079 -750.23 1093.03
element 53
  poly 0: -0.0012207 -573.331 858.514 -152.106 -634.895 935.447 -154.451 -590.422 946.039 -175.795 -594.35 957.81 -173.207 -643.435 946.12 -417.079 -742.142 1069.47 -417.079 -246.551 1172.09 -288.101 -268.555 1091.49 -292.754 -363.136 1074.65 -271.404 -361.988 1062.3 -266.984 -272.158 1078.29 -0.0012207 -317.706 911.447 -0.0012207 -573.331 858.514
  poly 1: -0.0012207 -581.419 882.074 -130.884 -634.393 948.273 -133.107 -592.221 958.317 -154.451 -596.149 970.088 -151.984 -642.934 958.946 -417.079 -750.23 1093.03 -417.079 -248.482 1196.92 -266.867 -274.11 1103.05 -271.404 -366.321 1086.63 -250.054 -365.172 1074.28 -245.751 -277.712 1089.86 -0.0012207 -319.639 936.281 -0.0012207 -581.419 882.074
element 54
  poly 0: 417.076 -742.142 1069.47 173.205 -643.435 946.12 175.792 -594.35 957.81 154.448 -590.422 946.039 152.104 -634.895 935.447 -0.0012207 -573.331 858.514 -0.0012207 -317.706 911.447 266.982 -272.158 1078.29 271.402 -361.988 1062.3 292.752 -363.136 1074.65 288.098 -268.555 1091.49 417.076 -246.551 1172.09 417.076 -742.142 1069.47
  poly 1: 417.076 -750.23 1093.03 151.982 -642.934 958.946 154.448 -596.149 970.088 133.105 -592.221 958.317 130.881 -634.393 948.273 -0.0012207 -581.419 882.074 -0.0012207 -319.639 936.281 245.749 -277.712 1089.86 250.052 -365.172 1074.28 271.402 -366.321 1086.63 266.865 -274.11 1103.05 417.076 -248.482 1196.92 417.076 -750.23 1093.03
element 55
  poly 0: 834.156 -573.331 858.514 682.05 -634.895 935.447 679.706 -590.422 946.039 658.362 -594.35 957.81 660.95 -643.435 946.12 417.076 -742.142 1069.47 417.076 -246.551 1172.09 546.055 -268.555 1091.49 541.402 -363.136 1074.65 562.752 -361.988 1062.3 567.172 -272.158 1078.29 834.156 -317.706 911.447 834.156 -573.331 858.514
  poly 1: 834.156 -581.419 882.074 703.273 -634.393 948.273 701.05 -592.221 958.317 679.706 -596.149 970.088 682.172 -642.934 958.946 417.076 -750.23 1093.03 417.076 -248.482 1196.92 567.289 -274.11 1103.05 562.752 -366.321 1086.63 584.102 -365.173 1074.28 588.405 -277.712 1089.86 834.156 -319.639 936.281 834.156 -581.419 882.074
element 56
  poly 0: -395.679 -166.126 1327.07 -395.679 -93.017 1334.09 -417.079 -91.8356 1321.79 -417.079 -164.944 1314.77 -395.679 -166.126 1327.07
  poly 1: -417.079 -167.307 1339.37 -417.079 -94.1984 1346.39 -438.479 -93.017 1334.09 -438.479 -166.126 1327.07 -417.079 -167.307 1339.37
  poly 2: -417.079 1.56433e-10 1330.62 -417.079 -18.7269 1328.82 -374.279 -21.0898 1353.41 -374.279 -240.416 1332.35 -417.079 -238.053 1307.75 -417.079 -256.397 1305.99 -834.156 -111.404 1078.01 -834.156 1.41881e-10 1088.71 -417.079 1.56433e-10 1330.62
  poly 3: -417.079 1.60071e-10 1355.44 -417.079 -21.0898 1353.41 -395.679 -22.2712 1365.71 -395.679 -241.597 1344.65 -417.079 -240.416 1332.35 -417.079 -261.888 1330.28 -834.156 -116.898 1102.3 -834.156 1.45519e-10 1113.53 -417.079 1.60071e-10 1355.44
element 57
  poly 0: -0.0012207 -68.2832 1082.15 -0.0012207 -43.5051 1084.53 -21.4013 -44.6865 1096.83 -21.4013 -69.4646 1094.45 -0.0012207 -68.2832 1082.15
  poly 1: 21.3988 -69.4646 1094.45 21.3988 -44.6865 1096.83 -0.0012207 -45.8679 1109.13 -0.0012207 -70.646 1106.75 21.3988 -69.4646 1094.45
  poly 2: -0.0012207 1.41881e-10 1088.71 -0.0012207 -18.7269 1086.91 21.3988 -17.5455 1074.61 21.3988 -91.8799 1067.47 -0.0012207 -93.0613 1079.77 -0.0012207 -111.404 1078.01 -417.079 -256.397 1305.99 -417.079 -238.053 1307.75 -416.865 -238.041 1307.63 -417.079 -164.944 1314.77 -443.829 -166.421 1330.15 -459.879 -158.168 1340.25 -459.879 -103.337 1345.51 -443.829 -93.3123 1337.17 -417.079 -91.8356 1321.79 -416.865 -18.7151 1328.69 -417.079 -18.7269 1328.82 -417.079 1.56433e-10 1330.62 -0.0012207 1.41881e-10 1088.71
  poly 3: -0.0012207 1.45519e-10 1113.53 -0.0012207 -21.0898 1111.51 42.7989 -18.7269 1086.91 42.7989 -93.0613 1079.77 -0.0012207 -95.4241 1104.37 -0.0012207 -116.898 1102.3 -417.079 -261.888 1330.28 -417.079 -240.416 1332.35 -395.679 -239.234 1320.05 -395.679 -166.126 1327.07 -422.429 -167.602 1342.44 -438.479 -159.35 1352.55 -438.479 -104.518 1357.81 -422.429 -94.4937 1349.47 -395.679 -93.017 1334.09 -395.679 -19.9084 1341.12 -417.079 -21.0898 1353.41 -417.079 1.60071e-10 1355.44 -0.0012207 1.45519e-10 1113.53
element 58
  poly 0: 438.477 -166.126 1327.07 438.477 -93.017 1334.09 417.076 -91.8356 1321.79 417.076 -164.944 1314.77 438.477 -166.126 1327.07
  poly 1: 417.076 -167.307 1339.37 417.076 -94.1984 1346.39 395.676 -93.017 1334.09 395.676 -166.126 1327.07 417.076 -167.307 1339.37
  poly 2: 417.076 1.56433e-10 1330.62 417.076 -18.7269 1328.82 459.877 -21.0898 1353.41 459.877 -240.416 1332.35 417.076 -238.053 1307.75 417.076 -256.397 1305.99 -0.0012207 -111.404 1078.01 -0.0012207 -93.0613 1079.77 21.3988 -94.2427 1092.07 21.3988 -69.4646 1094.45 -5.35123 -67.9878 1079.07 -21.4013 -64.0045 1070.15 -21.4013 -45.4209 1071.93 -5.35123 -43.2097 1081.45 21.3988 -44.6865 1096.83 21.3988 -19.9084 1099.21 -0.0012207 -18.7269 1086.91 -0.0012207 1.41881e-10 1088.71 417.076 1.56433e-10 1330.62
  poly 3: 417.076 1.60071e-10 1355.44 417.076 -21.0898 1353.41 438.477 -22.2712 1365.71 438.477 -241.597 1344.65 417.076 -240.416 1332.35 417.076 -261.888 1330.28 -0.0012207 -116.898 1102.3 -0.0012207 -95.4241 1104.37 0.21278 -95.4359 1104.49 -0.0012207 -70.646 1106.75 -26.7513 -69.1692 1091.37 -42.8013 -65.1859 1082.45 -42.8013 -46.6023 1084.23 -26.7513 -44.3911 1093.75 -0.0012207 -45.8679 1109.13 0.21278 -21.1016 1111.63 -0.0012207 -21.0898 1111.51 -0.0012207 1.45519e-10 1113.53 417.076 1.60071e-10 1355.44
element 59
  poly 0: 834.156 1.41881e-10 1088.71 834.156 -111.404 1078.01 417.076 -256.397 1305.99 417.076 -238.053 1307.75 417.29 -238.041 1307.63 417.076 -164.944 1314.77 390.326 -166.421 1330.15 374.276 -158.168 1340.25 374.276 -103.337 1345.51 390.326 -93.3123 1337.17 417.076 -91.8356 1321.79 417.29 -18.7151 1328.69 417.076 -18.7269 1328.82 417.076 1.56433e-10 1330.62 834.156 1.41881e-10 1088.71
  poly 1: 834.156 1.45519e-10 1113.53 834.156 -116.898 1102.3 417.076 -261.888 1330.28 417.076 -240.416 1332.35 438.477 -239.234 1320.05 438.477 -166.126 1327.07 411.726 -167.602 1342.44 395.676 -159.35 1352.55 395.676 -104.518 1357.81 411.726 -94.4937 1349.47 438.477 -93.017 1334.09 438.477 -19.9084 1341.12 417.076 -21.0898 1353.41 417.076 1.60071e-10 1355.44 834.156 1.45519e-10 1113.53
element 60
  poly 0: -417.079 2144.4 -918.364 -677.579 2309.75 -884.648 -679.835 2339.74 -920.272 -701.185 2348.53 -911.52 -699.306 2323.54 -881.836 -834.156 2409.13 -864.383 -834.156 2575.53 -1073.62 -417.079 2463.33 -1319.4 -417.079 2144.4 -918.364
  poly 1: -417.079 2165.7 -905.444 -656.041 2317.38 -874.516 -658.484 2349.86 -913.102 -679.834 2358.65 -904.35 -677.767 2331.17 -871.704 -834.156 2430.43 -851.462 -834.156 2592.92 -1055.78 -417.079 2480.71 -1301.56 -417.079 2165.7 -905.444
element 61
  poly 0: -0.0012207 2409.13 -864.383 -134.852 2323.54 -881.836 -132.972 2348.53 -911.52 -154.323 2339.74 -920.272 -156.579 2309.75 -884.648 -417.079 2144.4 -918.364 -417.079 2463.33 -1319.4 -0.0012207 2575.53 -1073.62 -0.0012207 2409.13 -864.383
  poly 1: -0.0012207 2430.43 -851.462 -156.391 2331.17 -871.703 -154.324 2358.65 -904.349 -175.674 2349.86 -913.102 -178.117 2317.38 -874.515 -417.079 2165.7 -905.444 -417.079 2480.71 -1301.56 -0.0012207 2592.92 -1055.78 -0.0012207 2430.43 -851.462
element 62
  poly 0: 417.076 2144.4 -918.364 156.576 2309.75 -884.648 154.32 2339.74 -920.272 132.97 2348.53 -911.52 134.849 2323.54 -881.836 -0.0012207 2409.13 -864.383 -0.0012207 2575.53 -1073.62 417.076 2463.33 -1319.4 417.076 2144.4 -918.364
  poly 1: 417.076 2165.7 -905.444 178.115 2317.38 -874.516 175.671 2349.86 -913.102 154.321 2358.65 -904.35 156.388 2331.17 -871.704 -0.0012207 2430.43 -851.462 -0.0012207 2592.92 -1055.78 417.076 2480.71 -1301.56 417.076 2165.7 -905.444
element 63
  poly 0: 834.156 2409.13 -864.383 699.305 2323.54 -881.836 701.184 2348.53 -911.52 679.834 2339.74 -920.272 677.578 2309.75 -884.648 417.076 2144.4 -918.364 417.076 2463.33 -1319.4 834.156 2575.53 -1073.62 834.156 2409.13 -864.383
  poly 1: 834.156 2430.43 -851.462 677.766 2331.17 -871.703 679.833 2358.65 -904.349 658.483 2349.86 -913.102 656.039 2317.38 -874.515 417.076 2165.7 -905.444 417.076 2480.71 -1301.56 834.156 2592.92 -1055.78 834.156 2430.43 -851.462
element 64
  poly 0: -417.079 2622.42 -1222.72 -417.079 2544.52 -1113.46 -438.479 2534.46 -1120.63 -438.479 2612.35 -1229.89 -417.079 2622.42 -1222.72
  poly 1: -395.679 2612.35 -1229.89 -395.679 2534.46 -1120.63 -417.079 2524.4 -1127.8 -417.079 2602.29 -1237.07 -395.679 2612.35 -1229.89
  poly 2: -834.156 2421.3 -1355.44 -834.156 2329.15 -1226.19 -417.079 2454.09 -986.631 -417.079 2466.62 -1004.2 -395.679 2476.68 -997.023 -395.679 2710.37 -1324.81 -417.079 2700.31 -1331.98 -417.079 2717.04 -1355.44 -834.156 2421.3 -1355.44
  poly 3: -834.156 2390.96 -1355.44 -834.156 2310.86 -1243.09 -417.079 2435.8 -1003.54 -417.079 2446.5 -1018.54 -374.279 2466.62 -1004.2 -374.279 2700.31 -1331.98 -417.079 2680.19 -1346.33 -417.079 2686.69 -1355.44 -834.156 2390.96 -1355.44
element 65
  poly 0: 21.3986 2373.55 -1309.75 21.3986 2352.58 -1280.34 -0.0012207 2362.64 -1273.16 -0.0012207 2383.61 -1302.57 21.3986 2373.55 -1309.75
  poly 1: -0.0012207 2363.49 -1316.92 -0.0012207 2342.52 -1287.51 -21.401 2352.58 -1280.34 -21.401 2373.55 -1309.75 -0.0012207 2363.49 -1316.92
  poly 2: -417.079 2717.04 -1355.44 -417.079 2700.31 -1331.98 -395.679 2690.25 -1339.16 -395.679 2612.35 -1229.89 -422.429 2624.93 -1220.93 -438.479 2622.74 -1201.89 -438.479 2564.31 -1119.94 -422.429 2547.03 -1111.67 -395.679 2534.46 -1120.63 -395.679 2456.56 -1011.37 -417.079 2466.62 -1004.2 -417.079 2454.09 -986.631 -0.0012207 2329.15 -1226.19 -0.0012207 2341.68 -1243.75 42.7984 2321.56 -1258.1 42.7984 2384.46 -1346.33 -0.0012207 2404.58 -1331.98 -0.0012207 2421.3 -1355.44 -417.079 2717.04 -1355.44
  poly 3: -417.079 2686.69 -1355.44 -417.079 2680.19 -1346.33 -416.865 2680.09 -1346.4 -417.079 2602.29 -1237.07 -443.829 2614.87 -1228.1 -459.878 2612.68 -1209.06 -459.878 2554.25 -1127.12 -443.829 2536.97 -1118.84 -417.079 2524.4 -1127.8 -416.865 2446.4 -1018.61 -417.079 2446.5 -1018.54 -417.079 2435.8 -1003.54 -0.0012207 2310.86 -1243.09 -0.0012207 2321.56 -1258.1 21.3986 2311.5 -1265.27 21.3986 2374.4 -1353.5 -0.0012207 2384.46 -1346.33 -0.0012207 2390.96 -1355.44 -417.079 2686.69 -1355.44
element 66
  poly 0: 417.076 2622.42 -1222.72 417.076 2544.52 -1113.46 395.677 2534.46 -1120.63 395.677 2612.35 -1229.89 417.076 2622.42 -1222.72
  poly 1: 438.476 2612.35 -1229.89 438.476 2534.46 -1120.63 417.076 2524.4 -1127.8 417.076 2602.29 -1237.07 438.476 2612.35 -1229.89
  poly 2: -0.0012207 2421.3 -1355.44 -0.0012207 2404.58 -1331.98 0.212777 2404.68 -1331.91 -0.0012207 2383.61 -1302.57 -26.751 2371.04 -1311.54 -42.8008 2360.87 -1313.24 -42.8008 2345.15 -1291.18 -26.751 2350.07 -1282.13 -0.0012207 2362.64 -1273.16 0.212777 2341.78 -1243.68 -0.0012207 2341.68 -1243.75 -0.0012207 2329.15 -1226.19 417.076 2454.09 -986.631 417.076 2466.62 -1004.2 438.476 2476.68 -997.023 438.476 2710.37 -1324.81 417.076 2700.31 -1331.98 417.076 2717.04 -1355.44 -0.0012207 2421.3 -1355.44
  poly 3: -0.0012207 2390.96 -1355.44 -0.0012207 2384.46 -1346.33 21.3986 2394.52 -1339.16 21.3986 2373.55 -1309.75 -5.35117 2360.98 -1318.71 -21.401 2350.81 -1320.41 -21.401 2335.08 -1298.36 -5.35117 2340.01 -1289.3 21.3986 2352.58 -1280.34 21.3986 2331.62 -1250.93 -0.0012207 2321.56 -1258.1 -0.0012207 2310.86 -1243.09 417.076 2435.8 -1003.54 417.076 2446.5 -1018.54 459.876 2466.62 -1004.2 459.876 2700.31 -1331.98 417.076 2680.19 -1346.33 417.076 2686.69 -1355.44 -0.0012207 2390.96 -1355.44
element 67
  poly 0: 417.076 2717.04 -1355.44 417.076 2700.31 -1331.98 438.476 2690.25 -1339.16 438.476 2612.35 -1229.89 411.726 2624.93 -1220.93 395.677 2622.74 -1201.89 395.677 2564.31 -1119.94 411.726 2547.03 -1111.67 438.476 2534.46 -1120.63 438.476 2456.56 -1011.37 417.076 2466.62 -1004.2 417.076 2454.09 -986.631 834.156 2329.15 -1226.19 834.156 2421.3 -1355.44 417.076 2717.04 -1355.44
  poly 1: 417.076 2686.69 -1355.44 417.076 2680.19 -1346.33 417.29 2680.09 -1346.4 417.076 2602.29 -1237.07 390.327 2614.87 -1228.1 374.277 2612.68 -1209.06 374.277 2554.25 -1127.12 390.327 2536.97 -1118.84 417.076 2524.4 -1127.8 417.29 2446.4 -1018.61 417.076 2446.5 -1018.54 417.076 2435.8 -1003.54 834.156 2310.86 -1243.09 834.156 2390.96 -1355.44 417.076 2686.69 -1355.44
element 68
  poly 0: -417.079 1898.2 -482.744 -677.303 2058.41 -430.307 -679.805 2092.34 -462.087 -701.144 2099.95 -452.28 -699.068 2071.81 -425.921 -834.156 2154.98 -398.7 -834.156 2344.31 -587.429 -579.637 2293.53 -744.29 -583.963 2235.57 -682.994 -562.619 2225.84 -690.691 -557.89 2289.19 -757.693 -417.079 2261.09 -844.475 -417.079 1898.2 -482.744
  poly 1: -417.079 1917.87 -467.462 -655.753 2064.81 -419.367 -658.467 2101.63 -453.851 -679.806 2109.24 -444.044 -677.518 2078.21 -414.982 -834.156 2174.65 -383.418 -834.156 2359.53 -567.709 -558.093 2304.45 -737.849 -562.619 2243.8 -673.707 -541.275 2234.07 -681.404 -536.346 2300.11 -751.252 -417.079 2276.31 -824.755 -417.079 1917.87 -467.462
element 69
  poly 0: -0.0012207 2154.98 -398.7 -135.09 2071.81 -425.921 -133.014 2099.95 -452.28 -154.353 2092.34 -462.087 -156.855 2058.41 -430.307 -417.079 1898.2 -482.744 -417.079 2261.09 -844.475 -276.267 2289.19 -757.693 -271.539 2225.84 -690.691 -250.195 2235.57 -682.994 -254.52 2293.53 -744.29 -0.0012207 2344.31 -587.429 -0.0012207 2154.98 -398.7
  poly 1: -0.0012207 2174.65 -383.418 -156.64 2078.21 -414.982 -154.352 2109.24 -444.044 -175.69 2101.63 -453.851 -178.405 2064.81 -419.367 -417.079 1917.87 -467.462 -417.079 2276.31 -824.755 -297.812 2300.11 -751.251 -292.883 2234.07 -681.404 -271.538 2243.8 -673.707 -276.065 2304.45 -737.849 -0.0012207 2359.53 -567.709 -0.0012207 2174.65 -383.418
element 70
  poly 0: 417.076 1898.2 -482.744 156.852 2058.41 -430.307 154.35 2092.34 -462.087 133.012 2099.95 -452.28 135.087 2071.81 -425.921 -0.0012207 2154.98 -398.7 -0.0012207 2344.31 -587.429 254.518 2293.53 -744.29 250.192 2235.57 -682.994 271.536 2225.84 -690.691 276.265 2289.19 -757.693 417.076 2261.09 -844.475 417.076 1898.2 -482.744
  poly 1: 417.076 1917.87 -467.462 178.403 2064.81 -419.367 175.688 2101.63 -453.851 154.35 2109.24 -444.044 156.638 2078.21 -414.982 -0.0012207 2174.65 -383.418 -0.0012207 2359.53 -567.709 276.062 2304.45 -737.849 271.536 2243.8 -673.707 292.88 2234.07 -681.404 297.809 2300.11 -751.252 417.076 2276.31 -824.755 417.076 1917.87 -467.462
element 71
  poly 0: 834.156 2154.98 -398.7 699.067 2071.81 -425.921 701.143 2099.95 -452.28 679.804 2092.34 -462.087 677.302 2058.41 -430.307 417.076 1898.2 -482.744 417.076 2261.09 -844.475 557.889 2289.19 -757.693 562.617 2225.84 -690.691 583.962 2235.57 -682.994 579.636 2293.53 -744.29 834.156 2344.31 -587.429 834.156 2154.98 -398.7
  poly 1: 834.156 2174.65 -383.418 677.517 2078.21 -414.982 679.805 2109.24 -444.044 658.466 2101.63 -453.851 655.752 2064.81 -419.367 417.076 1917.87 -467.462 417.076 2276.31 -824.755 536.344 2300.11 -751.251 541.273 2234.07 -681.404 562.618 2243.8 -673.707 558.091 2304.45 -737.849 834.156 2359.53 -567.709 834.156 2174.65 -383.418
element 72
  poly 0: -417.079 2555.67 -897.432 -682.161 2389.59 -941.095 -679.834 2358.65 -904.35 -701.185 2348.53 -911.52 -703.278 2376.36 -944.573 -834.156 2294.37 -966.13 -834.156 2116.53 -766.525 -588.528 2174.41 -618.31 -583.963 2235.57 -682.994 -562.619 2243.8 -673.707 -567.427 2179.39 -605.577 -417.079 2214.82 -514.855 -417.079 2555.67 -897.432
  poly 1: -417.079 2535.13 -911.523 -660.928 2382.35 -951.688 -658.484 2349.86 -913.102 -679.835 2339.74 -920.272 -682.045 2369.12 -955.166 -834.156 2273.82 -980.221 -834.156 2100.17 -785.31 -567.305 2163.06 -624.289 -562.619 2225.84 -690.691 -541.275 2234.07 -681.404 -546.204 2168.03 -611.556 -417.079 2198.46 -533.64 -417.079 2535.13 -911.523
element 73
  poly 0: -0.0012207 2294.37 -966.13 -130.879 2376.36 -944.573 -132.972 2348.53 -911.52 -154.323 2358.65 -904.35 -151.996 2389.59 -941.095 -417.079 2555.67 -897.432 -417.079 2214.82 -514.855 -266.731 2179.39 -605.577 -271.539 2243.8 -673.707 -250.194 2235.57 -682.994 -245.629 2174.41 -618.31 -0.0012207 2116.53 -766.525 -0.0012207 2294.37 -966.13
  poly 1: -0.0012207 2273.82 -980.221 -152.113 2369.12 -955.166 -154.323 2339.74 -920.272 -175.674 2349.86 -913.102 -173.23 2382.35 -951.688 -417.079 2535.13 -911.523 -417.079 2198.46 -533.64 -287.954 2168.03 -611.556 -292.883 2234.07 -681.404 -271.539 2225.84 -690.691 -266.853 2163.06 -624.289 -0.0012207 2100.17 -785.31 -0.0012207 2273.82 -980.221
element 74
  poly 0: 417.076 2555.67 -897.432 151.994 2389.59 -941.095 154.321 2358.65 -904.35 132.97 2348.53 -911.52 130.877 2376.36 -944.573 -0.0012207 2294.37 -966.13 -0.0012207 2116.53 -766.525 245.627 2174.41 -618.31 250.192 2235.57 -682.994 271.536 2243.8 -673.707 266.728 2179.39 -605.577 417.076 2214.82 -514.855 417.076 2555.67 -897.432
  poly 1: 417.076 2535.13 -911.523 173.228 2382.35 -951.688 175.671 2349.86 -913.102 154.32 2339.74 -920.272 152.111 2369.12 -955.166 -0.0012207 2273.82 -980.221 -0.0012207 2100.17 -785.31 266.85 2163.06 -624.289 271.536 2225.84 -690.691 292.881 2234.07 -681.404 287.951 2168.03 -611.556 417.076 2198.46 -533.64 417.076 2535.13 -911.523
element 75
  poly 0: 834.156 2294.37 -966.13 703.278 2376.36 -944.573 701.185 2348.53 -911.52 679.834 2358.65 -904.35 682.16 2389.59 -941.095 417.076 2555.67 -897.432 417.076 2214.82 -514.855 567.426 2179.39 -605.577 562.617 2243.8 -673.707 583.962 2235.57 -682.994 588.527 2174.41 -618.31 834.156 2116.53 -766.525 834.156 2294.37 -966.13
  poly 1: 834.156 2273.82 -980.221 682.044 2369.12 -955.166 679.834 2339.74 -920.272 658.483 2349.86 -913.102 660.927 2382.35 -951.688 417.076 2535.13 -911.523 417.076 2198.46 -533.64 546.202 2168.03 -611.556 541.273 2234.07 -681.404 562.617 2225.84 -690.691 567.304 2163.06 -624.289 834.156 2100.17 -785.31 834.156 2273.82 -980.221
element 76
  poly 0: -417.079 1600.37 -83.3087 -677.103 1752.55 -11.0997 -679.769 1790.24 -38.2301 -701.098 1796.47 -27.4818 -698.894 1765.3 -5.04827 -834.156 1844.46 32.5138 -834.156 2056.14 -130.773 -579.239 2025.54 -293.047 -583.943 1960.6 -239.529 -562.61 1951.82 -248.309 -557.459 2022.92 -306.912 -417.079 2006.07 -396.275 -417.079 1600.37 -83.3087
  poly 1: -417.079 1617.95 -65.6631 -655.543 1757.51 0.558643 -658.439 1798.45 -28.9121 -679.768 1804.68 -18.1638 -677.334 1770.27 6.61007 -834.156 1862.05 50.1594 -834.156 2068.74 -109.288 -557.683 2035.55 -285.284 -562.61 1967.55 -229.231 -541.276 1958.76 -238.011 -535.903 2032.94 -299.149 -417.079 2018.67 -374.79 -417.079 1617.95 -65.6631
element 77
  poly 0: -0.0012207 1844.46 32.5138 -135.263 1765.3 -5.04851 -133.059 1796.47 -27.4821 -154.389 1790.24 -38.2303 -157.054 1752.55 -11.0999 -417.079 1600.37 -83.3087 -417.079 2006.07 -396.275 -276.699 2022.92 -306.913 -271.548 1951.82 -248.309 -250.214 1960.6 -239.529 -254.918 2025.54 -293.048 -0.0012207 2056.14 -130.773 -0.0012207 1844.46 32.5138
  poly 1: -0.0012207 1862.05 50.1594 -156.823 1770.27 6.60983 -154.389 1804.68 -18.1641 -175.719 1798.45 -28.9123 -178.614 1757.51 0.558401 -417.079 1617.95 -65.6631 -417.079 2018.67 -374.79 -298.255 2032.94 -299.149 -292.881 1958.76 -238.011 -271.548 1967.55 -229.231 -276.475 2035.55 -285.284 -0.0012207 2068.74 -109.288 -0.0012207 1862.05 50.1594
element 78
  poly 0: 417.076 1600.37 -83.3087 157.052 1752.55 -11.0997 154.387 1790.24 -38.2301 133.057 1796.47 -27.4818 135.261 1765.3 -5.04827 -0.0012207 1844.46 32.5138 -0.0012207 2056.14 -130.773 254.916 2025.54 -293.047 250.212 1960.6 -239.529 271.545 1951.82 -248.309 276.696 2022.92 -306.912 417.076 2006.07 -396.275 417.076 1600.37 -83.3087
  poly 1: 417.076 1617.95 -65.6631 178.612 1757.51 0.558643 175.717 1798.45 -28.9121 154.387 1804.68 -18.1638 156.821 1770.27 6.61007 -0.0012207 1862.05 50.1594 -0.0012207 2068.74 -109.288 276.472 2035.55 -285.284 271.545 1967.55 -229.231 292.879 1958.76 -238.011 298.253 2032.94 -299.149 417.076 2018.67 -374.79 417.076 1617.95 -65.6631
element 79
  poly 0: 834.156 1844.46 32.5138 698.894 1765.3 -5.04851 701.098 1796.47 -27.482 679.768 1790.24 -38.2303 677.103 1752.55 -11.0999 417.076 1600.37 -83.3087 417.076 2006.07 -396.275 557.457 2022.92 -306.913 562.608 1951.82 -248.309 583.942 1960.6 -239.529 579.238 2025.54 -293.048 834.156 2056.14 -130.773 834.156 1844.46 32.5138
  poly 1: 834.156 1862.05 50.1594 677.334 1770.27 6.60983 679.768 1804.68 -18.1641 658.438 1798.45 -28.9123 655.542 1757.51 0.558401 417.076 1617.95 -65.6631 417.076 2018.67 -374.79 535.901 2032.94 -299.149 541.275 1958.76 -238.011 562.608 1967.55 -229.231 557.682 2035.55 -285.284 834.156 2068.74 -109.288 834.156 1862.05 50.1594
element 80
  poly 0: -417.079 2304.06 -413.431 -682.395 2144.36 -476.937 -679.806 2109.24 -444.044 -701.144 2099.95 -452.28 -703.482 2131.66 -481.984 -834.156 2053 -513.263 -834.156 1852.31 -336.659 -588.932 1891.75 -182.778 -583.944 1960.61 -239.528 -562.61 1967.55 -229.231 -567.856 1895.14 -169.553 -417.079 1919.4 -74.9398 -417.079 2304.06 -413.431
  poly 1: -417.079 2285.38 -429.905 -661.182 2138.44 -488.334 -658.467 2101.63 -453.85 -679.805 2092.34 -462.087 -682.269 2125.75 -493.381 -834.156 2034.32 -529.737 -834.156 1838.34 -357.286 -567.727 1881.2 -190.099 -562.61 1951.82 -248.309 -541.277 1958.76 -238.011 -546.651 1884.59 -176.874 -417.079 1905.43 -95.5673 -417.079 2285.38 -429.905
element 81
  poly 0: -0.0012207 2053 -513.263 -130.676 2131.66 -481.985 -133.014 2099.95 -452.281 -154.352 2109.24 -444.044 -151.763 2144.35 -476.937 -417.079 2304.06 -413.431 -417.079 1919.4 -74.9398 -266.302 1895.14 -169.553 -271.548 1967.55 -229.231 -250.214 1960.6 -239.529 -245.226 1891.75 -182.779 -0.0012207 1852.31 -336.659 -0.0012207 2053 -513.263
  poly 1: -0.0012207 2034.32 -529.737 -151.889 2125.75 -493.381 -154.353 2092.34 -462.087 -175.691 2101.63 -453.851 -172.976 2138.44 -488.334 -417.079 2285.38 -429.905 -417.079 1905.43 -95.5673 -287.507 1884.59 -176.874 -292.881 1958.76 -238.012 -271.548 1951.82 -248.309 -266.431 1881.2 -190.1 -0.0012207 1838.34 -357.286 -0.0012207 2034.32 -529.737
element 82
  poly 0: 417.076 2304.06 -413.431 151.76 2144.36 -476.937 154.35 2109.24 -444.044 133.012 2099.95 -452.28 130.673 2131.66 -481.984 -0.0012207 2053 -513.263 -0.0012207 1852.31 -336.659 245.223 1891.75 -182.778 250.212 1960.61 -239.528 271.545 1967.55 -229.231 266.299 1895.14 -169.553 417.076 1919.4 -74.9398 417.076 2304.06 -413.431
  poly 1: 417.076 2285.38 -429.905 172.973 2138.44 -488.334 175.688 2101.63 -453.85 154.35 2092.34 -462.087 151.886 2125.75 -493.381 -0.0012207 2034.32 -529.737 -0.0012207 1838.34 -357.286 266.428 1881.2 -190.099 271.545 1951.82 -248.309 292.878 1958.76 -238.011 287.504 1884.59 -176.874 417.076 1905.43 -95.5673 417.076 2285.38 -429.905
element 83
  poly 0: 834.156 2053 -513.263 703.481 2131.66 -481.985 701.143 2099.95 -452.281 679.804 2109.24 -444.044 682.394 2144.35 -476.937 417.076 2304.06 -413.431 417.076 1919.4 -74.9398 567.854 1895.14 -169.553 562.609 1967.55 -229.231 583.942 1960.6 -239.529 588.93 1891.75 -182.779 834.156 1852.31 -336.659 834.156 2053 -513.263
  poly 1: 834.156 2034.32 -529.737 682.268 2125.75 -493.381 679.804 2092.34 -462.087 658.466 2101.63 -453.851 661.181 2138.44 -488.334 417.076 2285.38 -429.905 417.076 1905.43 -95.5673 546.649 1884.59 -176.874 541.275 1958.76 -238.012 562.608 1951.82 -248.309 567.725 1881.2 -190.1 834.156 1838.34 -357.286 834.156 2034.32 -529.737
element 84
  poly 0: -417.079 1252.85 272.022 -677.033 1394.03 363.815 -679.734 1435 341.963 -701.061 1439.72 353.455 -698.829 1405.87 371.511 -834.156 1479.36 419.297 -834.156 1710.88 285.63 -579.065 1702.14 120.614 -583.953 1630.82 165.051 -562.625 1623.23 155.214 -557.268 1701.4 106.514 -417.079 1696.59 15.8268 -417.079 1252.85 272.022
  poly 1: -417.079 1267.93 291.85 -655.471 1397.4 376.029 -658.406 1441.91 352.286 -679.734 1446.63 363.778 -677.268 1409.24 383.726 -834.156 1494.44 439.125 -834.156 1720.52 308.602 -557.504 1711.04 129.638 -562.626 1636.31 176.199 -541.298 1628.72 166.362 -535.707 1710.29 115.537 -417.079 1706.23 38.7986 -417.079 1267.93 291.85
element 85
  poly 0: -0.0012207 1479.36 419.297 -135.328 1405.87 371.511 -133.096 1439.72 353.454 -154.424 1435 341.963 -157.125 1394.03 363.815 -417.079 1252.85 272.022 -417.079 1696.59 15.8268 -276.89 1701.4 106.513 -271.533 1623.23 155.214 -250.204 1630.82 165.05 -255.093 1702.14 120.614 -0.0012207 1710.88 285.63 -0.0012207 1479.36 419.297
  poly 1: -0.0012207 1494.44 439.125 -156.89 1409.24 383.726 -154.424 1446.63 363.778 -175.752 1441.91 352.287 -178.687 1397.4 376.03 -417.079 1267.93 291.85 -417.079 1706.23 38.7986 -298.451 1710.29 115.538 -292.86 1628.72 166.363 -271.532 1636.31 176.199 -276.654 1711.04 129.638 -0.0012207 1720.52 308.602 -0.0012207 1494.44 439.125
element 86
  poly 0: 417.076 1252.85 272.022 157.123 1394.03 363.815 154.422 1435 341.963 133.094 1439.72 353.455 135.326 1405.87 371.511 -0.0012207 1479.36 419.297 -0.0012207 1710.88 285.63 255.09 1702.14 120.614 250.202 1630.82 165.051 271.53 1623.23 155.214 276.888 1701.4 106.514 417.076 1696.59 15.8268 417.076 1252.85 272.022
  poly 1: 417.076 1267.93 291.85 178.684 1397.4 376.029 175.749 1441.91 352.286 154.421 1446.63 363.778 156.887 1409.24 383.726 -0.0012207 1494.44 439.125 -0.0012207 1720.52 308.602 276.651 1711.04 129.638 271.529 1636.31 176.199 292.858 1628.72 166.362 298.449 1710.29 115.537 417.076 1706.23 38.7986 417.076 1267.93 291.85
element 87
  poly 0: 834.156 1479.36 419.297 698.829 1405.87 371.511 701.061 1439.72 353.454 679.733 1435 341.963 677.032 1394.03 363.815 417.076 1252.85 272.022 417.076 1696.59 15.8268 557.266 1701.4 106.513 562.623 1623.23 155.214 583.952 1630.82 165.05 579.064 1702.14 120.614 834.156 1710.88 285.63 834.156 1479.36 419.297
  poly 1: 834.156 1494.44 439.125 677.267 1409.24 383.726 679.733 1446.63 363.778 658.405 1441.91 352.287 655.47 1397.4 376.03 417.076 1267.93 291.85 417.076 1706.23 38.7986 535.705 1710.29 115.538 541.296 1628.72 166.363 562.624 1636.31 176.199 557.502 1711.04 129.638 834.156 1720.52 308.602 834.156 1494.44 439.125
element 88
  poly 0: -417.079 1993.91 37.5379 -682.533 1843.78 -46.3076 -679.769 1804.68 -18.164 -701.099 1796.47 -27.4819 -703.602 1831.86 -52.9622 -834.156 1758.02 -94.1988 -834.156 1536 54.7089 -589.149 1555.02 212.281 -583.953 1630.82 165.051 -562.626 1636.31 176.199 -568.085 1556.65 225.828 -417.079 1568.37 322.944 -417.079 1993.91 37.5379
  poly 1: -417.079 1977.54 18.7665 -661.334 1839.39 -58.383 -658.439 1798.45 -28.9122 -679.769 1790.24 -38.23 -682.403 1827.48 -65.0376 -834.156 1741.65 -112.97 -834.156 1524.85 32.436 -567.952 1545.51 203.641 -562.625 1623.23 155.214 -541.298 1628.72 166.363 -546.889 1547.14 217.187 -417.079 1557.22 300.671 -417.079 1977.54 18.7665
element 89
  poly 0: -0.0012207 1758.02 -94.1988 -130.556 1831.86 -52.9623 -133.059 1796.47 -27.482 -154.389 1804.68 -18.1641 -151.624 1843.78 -46.3077 -417.079 1993.91 37.5379 -417.079 1568.37 322.944 -266.073 1556.65 225.828 -271.532 1636.31 176.199 -250.204 1630.82 165.05 -245.009 1555.02 212.281 -0.0012207 1536 54.7089 -0.0012207 1758.02 -94.1988
  poly 1: -0.0012207 1741.65 -112.97 -151.755 1827.48 -65.0377 -154.389 1790.24 -38.2301 -175.719 1798.45 -28.9123 -172.824 1839.39 -58.3832 -417.079 1977.54 18.7665 -417.079 1557.22 300.671 -287.269 1547.14 217.187 -292.86 1628.72 166.363 -271.532 1623.23 155.214 -266.205 1545.51 203.64 -0.0012207 1524.85 32.436 -0.0012207 1741.65 -112.97
element 90
  poly 0: 417.076 1993.91 37.5379 151.622 1843.78 -46.3076 154.387 1804.68 -18.164 133.057 1796.47 -27.4819 130.553 1831.86 -52.9622 -0.0012207 1758.02 -94.1988 -0.0012207 1536 54.7089 245.006 1555.02 212.281 250.202 1630.82 165.051 271.53 1636.31 176.199 266.07 1556.65 225.828 417.076 1568.37 322.944 417.076 1993.91 37.5379
  poly 1: 417.076 1977.54 18.7665 172.821 1839.39 -58.383 175.716 1798.45 -28.9122 154.386 1790.24 -38.23 151.753 1827.48 -65.0376 -0.0012207 1741.65 -112.97 -0.0012207 1524.85 32.436 266.203 1545.51 203.641 271.53 1623.23 155.214 292.857 1628.72 166.363 287.267 1547.14 217.187 417.076 1557.22 300.671 417.076 1977.54 18.7665
element 91
  poly 0: 834.156 1758.02 -94.1988 703.601 1831.86 -52.9623 701.098 1796.47 -27.482 679.768 1804.68 -18.1641 682.532 1843.78 -46.3077 417.076 1993.91 37.5379 417.076 1568.37 322.944 568.084 1556.65 225.828 562.624 1636.31 176.199 583.952 1630.82 165.05 589.147 1555.02 212.281 834.156 1536 54.7089 834.156 1758.02 -94.1988
  poly 1: 834.156 1741.65 -112.97 682.402 1827.48 -65.0377 679.768 1790.24 -38.2301 658.438 1798.45 -28.9123 661.333 1839.39 -58.3832 417.076 1977.54 18.7665 417.076 1557.22 300.671 546.887 1547.14 217.187 541.296 1628.72 166.363 562.624 1623.23 155.214 567.951 1545.51 203.64 834.156 1524.85 32.436 834.156 1741.65 -112.97
element 92
  poly 0: -417.079 860.936 577.713 -677.114 988.684 687.51 -679.711 1032.21 671.234 -701.045 1035.42 683.231 -698.894 999.384 696.707 -834.156 1065.84 753.821 -834.156 1313.08 652.151 -579.168 1326.37 487.507 -583.992 1249.74 522.03 -562.663 1243.55 511.262 -557.377 1327.51 473.436 -417.079 1334.82 382.846 -417.079 860.936 577.713
  poly 1: -417.079 873.24 599.371 -655.557 990.399 700.067 -658.378 1037.66 682.395 -679.712 1040.87 694.392 -677.338 1001.1 709.263 -834.156 1078.14 775.479 -834.156 1319.57 676.201 -557.608 1333.99 497.634 -562.662 1253.7 533.804 -541.333 1247.51 523.036 -535.817 1335.13 483.564 -417.079 1341.32 406.896 -417.079 873.24 599.371
element 93
  poly 0: -0.0012207 1065.84 753.821 -135.264 999.384 696.707 -133.113 1035.42 683.231 -154.446 1032.21 671.234 -157.044 988.684 687.511 -417.079 860.936 577.713 -417.079 1334.82 382.846 -276.781 1327.51 473.436 -271.495 1243.55 511.262 -250.166 1249.74 522.03 -254.99 1326.37 487.507 -0.0012207 1313.08 652.151 -0.0012207 1065.84 753.821
  poly 1: -0.0012207 1078.14 775.479 -156.82 1001.1 709.264 -154.446 1040.87 694.392 -175.78 1037.66 682.395 -178.6 990.399 700.067 -417.079 873.24 599.371 -417.079 1341.32 406.896 -298.34 1335.13 483.564 -292.825 1247.51 523.036 -271.495 1253.7 533.804 -276.549 1333.99 497.634 -0.0012207 1319.57 676.201 -0.0012207 1078.14 775.479
element 94
  poly 0: 417.076 860.936 577.713 157.042 988.684 687.51 154.444 1032.21 671.234 133.11 1035.42 683.231 135.261 999.384 696.707 -0.0012207 1065.84 753.821 -0.0012207 1313.08 652.151 254.987 1326.37 487.507 250.163 1249.74 522.03 271.493 1243.55 511.262 276.778 1327.51 473.436 417.076 1334.82 382.846 417.076 860.936 577.713
  poly 1: 417.076 873.24 599.371 178.598 990.399 700.067 175.777 1037.66 682.395 154.444 1040.87 694.392 156.817 1001.1 709.263 -0.0012207 1078.14 775.479 -0.0012207 1319.57 676.201 276.547 1333.99 497.634 271.493 1253.7 533.804 292.822 1247.51 523.036 298.338 1335.13 483.564 417.076 1341.32 406.896 417.076 873.24 599.371
element 95
  poly 0: 834.156 1065.84 753.821 698.893 999.384 696.707 701.044 1035.42 683.231 679.71 1032.21 671.234 677.112 988.684 687.511 417.076 860.936 577.713 417.076 1334.82 382.846 557.376 1327.51 473.436 562.661 1243.55 511.262 583.991 1249.74 522.03 579.167 1326.37 487.507 834.156 1313.08 652.151 834.156 1065.84 753.821
  poly 1: 834.156 1078.14 775.479 677.337 1001.1 709.264 679.711 1040.87 694.392 658.377 1037.66 682.395 655.556 990.399 700.067 417.076 873.24 599.371 417.076 1341.32 406.896 535.816 1335.13 483.564 541.331 1247.51 523.036 562.661 1253.7 533.804 557.607 1333.99 497.634 834.156 1319.57 676.201 834.156 1078.14 775.479
element 96
  poly 0: -417.079 1626.7 444.302 -682.537 1489.15 341.099 -679.734 1446.63 363.778 -701.061 1439.72 353.454 -703.601 1478.24 332.91 -834.156 1410.59 282.153 -834.156 1170.62 399.976 -589.116 1168.35 558.696 -583.992 1249.74 522.03 -562.662 1253.7 533.804 -568.047 1168.16 572.343 -417.079 1166.76 670.13 -417.079 1626.7 444.302
  poly 1: -417.079 1612.99 423.507 -661.341 1486.42 328.544 -658.406 1441.91 352.287 -679.734 1435 341.963 -682.405 1475.51 320.355 -834.156 1396.88 261.357 -834.156 1162.55 376.41 -567.917 1160.09 548.862 -562.663 1243.55 511.262 -541.333 1247.51 523.036 -546.848 1159.89 562.508 -417.079 1158.69 646.563 -417.079 1612.99 423.507
element 97
  poly 0: -0.0012207 1410.59 282.153 -130.557 1478.24 332.91 -133.096 1439.72 353.455 -154.424 1446.63 363.778 -151.621 1489.15 341.099 -417.079 1626.7 444.302 -417.079 1166.76 670.13 -266.11 1168.16 572.343 -271.496 1253.7 533.804 -250.165 1249.74 522.03 -245.042 1168.35 558.697 -0.0012207 1170.62 399.976 -0.0012207 1410.59 282.153
  poly 1: -0.0012207 1396.88 261.357 -151.753 1475.51 320.355 -154.424 1435 341.963 -175.752 1441.91 352.286 -172.817 1486.42 328.544 -417.079 1612.99 423.507 -417.079 1158.69 646.563 -287.31 1159.89 562.508 -292.825 1247.51 523.036 -271.495 1243.55 511.262 -266.241 1160.09 548.861 -0.0012207 1162.55 376.41 -0.0012207 1396.88 261.357
element 98
  poly 0: 417.076 1626.7 444.302 151.618 1489.15 341.099 154.422 1446.63 363.778 133.094 1439.72 353.454 130.555 1478.24 332.91 -0.0012207 1410.59 282.153 -0.0012207 1170.62 399.976 245.04 1168.35 558.696 250.163 1249.74 522.03 271.493 1253.7 533.804 266.108 1168.16 572.343 417.076 1166.76 670.13 417.076 1626.7 444.302
  poly 1: 417.076 1612.99 423.507 172.814 1486.42 328.544 175.749 1441.91 352.287 154.421 1435 341.963 151.751 1475.51 320.355 -0.0012207 1396.88 261.357 -0.0012207 1162.55 376.41 266.239 1160.09 548.862 271.492 1243.55 511.262 292.823 1247.51 523.036 287.307 1159.89 562.508 417.076 1158.69 646.563 417.076 1612.99 423.507
element 99
  poly 0: 834.156 1410.59 282.153 703.6 1478.24 332.91 701.061 1439.72 353.455 679.733 1446.63 363.778 682.536 1489.15 341.099 417.076 1626.7 444.302 417.076 1166.76 670.13 568.046 1168.16 572.343 562.661 1253.7 533.804 583.991 1249.74 522.03 589.114 1168.35 558.697 834.156 1170.62 399.976 834.156 1410.59 282.153
  poly 1: 834.156 1396.88 261.357 682.403 1475.51 320.355 679.733 1435 341.963 658.405 1441.91 352.286 661.34 1486.42 328.544 417.076 1612.99 423.507 417.076 1158.69 646.563 546.846 1159.89 562.508 541.331 1247.51 523.036 562.661 1243.55 511.262 567.915 1160.09 548.861 834.156 1162.55 376.41 834.156 1396.88 261.357
element 100
  poly 0: -417.079 432.208 831.659 -677.32 545.146 956.821 -679.707 590.422 946.039 -701.051 592.22 958.317 -699.067 554.583 967.28 -834.156 613.209 1032.25 -834.156 871.321 962.645 -579.517 905.27 801.221 -584.048 824.697 825.659 -562.71 820.01 814.163 -557.752 908.172 787.424 -417.079 926.927 698.247 -417.079 432.208 831.659
  poly 1: -417.079 441.678 854.699 -655.776 545.265 969.499 -658.363 594.35 957.81 -679.707 596.149 970.088 -677.522 554.702 979.958 -834.156 622.676 1055.29 -834.156 874.72 987.322 -557.965 911.542 812.236 -562.71 827.186 837.822 -541.372 822.499 826.326 -536.2 914.444 798.439 -417.079 930.325 722.924 -417.079 441.678 854.699
element 101
  poly 0: -0.0012207 613.209 1032.25 -135.091 554.583 967.28 -133.107 592.221 958.317 -154.451 590.422 946.039 -156.838 545.146 956.821 -417.079 432.208 831.659 -417.079 926.927 698.247 -276.406 908.172 787.424 -271.448 820.01 814.164 -250.11 824.697 825.66 -254.641 905.271 801.221 -0.0012207 871.321 962.645 -0.0012207 613.209 1032.25
  poly 1: -0.0012207 622.676 1055.29 -156.636 554.702 979.958 -154.451 596.149 970.088 -175.795 594.35 957.81 -178.382 545.265 969.499 -417.079 441.678 854.699 -417.079 930.325 722.924 -297.957 914.444 798.439 -292.786 822.499 826.326 -271.448 827.186 837.822 -276.192 911.542 812.236 -0.0012207 874.72 987.322 -0.0012207 622.676 1055.29
element 102
  poly 0: 417.076 432.208 831.659 156.835 545.146 956.821 154.448 590.422 946.039 133.104 592.22 958.317 135.088 554.583 967.28 -0.0012207 613.209 1032.25 -0.0012207 871.321 962.645 254.639 905.27 801.221 250.107 824.697 825.659 271.445 820.01 814.163 276.404 908.172 787.424 417.076 926.927 698.247 417.076 432.208 831.659
  poly 1: 417.076 441.678 854.699 178.38 545.265 969.499 175.792 594.35 957.81 154.448 596.149 970.088 156.633 554.702 979.958 -0.0012207 622.676 1055.29 -0.0012207 874.72 987.322 276.19 911.542 812.236 271.445 827.186 837.822 292.784 822.499 826.326 297.955 914.444 798.439 417.076 930.325 722.924 417.076 441.678 854.699
element 103
  poly 0: 834.156 613.209 1032.25 699.066 554.583 967.28 701.05 592.221 958.317 679.706 590.422 946.039 677.319 545.146 956.821 417.076 432.208 831.659 417.076 926.927 698.247 557.75 908.172 787.424 562.708 820.01 814.164 584.046 824.697 825.66 579.515 905.271 801.221 834.156 871.321 962.645 834.156 613.209 1032.25
  poly 1: 834.156 622.676 1055.29 677.521 554.702 979.958 679.706 596.149 970.088 658.362 594.35 957.81 655.775 545.265 969.499 417.076 441.678 854.699 417.076 930.325 722.924 536.199 914.444 798.439 541.37 822.499 826.326 562.708 827.186 837.822 557.964 911.542 812.236 834.156 874.72 987.322 834.156 622.676 1055.29
element 104
  poly 0: -417.079 1208.83 797.732 -682.404 1085.98 677.523 -679.712 1040.87 694.392 -701.045 1035.42 683.231 -703.48 1076.22 667.975 -834.156 1015.72 608.77 -834.156 762.425 694.275 -588.843 739.442 851.518 -584.048 824.697 825.66 -562.71 827.186 837.822 -567.756 737.467 865.034 -417.079 723.35 961.616 -417.079 1208.83 797.732
  poly 1: -417.079 1197.94 775.324 -661.199 1084.91 664.723 -658.378 1037.66 682.395 -679.711 1032.21 671.234 -682.275 1075.16 655.174 -834.156 1004.83 586.363 -834.156 757.498 669.857 -567.63 732.53 840.696 -562.71 820.01 814.163 -541.371 822.499 826.326 -546.543 730.554 854.213 -417.079 718.426 937.198 -417.079 1197.94 775.324
element 105
  poly 0: -0.0012207 1015.72 608.77 -130.678 1076.22 667.975 -133.113 1035.42 683.231 -154.446 1040.87 694.392 -151.754 1085.98 677.523 -417.079 1208.83 797.732 -417.079 723.35 961.616 -266.402 737.467 865.034 -271.448 827.186 837.822 -250.11 824.697 825.659 -245.315 739.442 851.517 -0.0012207 762.425 694.275 -0.0012207 1015.72 608.77
  poly 1: -0.0012207 1004.83 586.363 -151.883 1075.16 655.175 -154.446 1032.21 671.234 -175.78 1037.66 682.395 -172.959 1084.91 664.724 -417.079 1197.94 775.324 -417.079 718.426 937.198 -287.615 730.554 854.213 -292.786 822.499 826.326 -271.448 820.01 814.164 -266.528 732.53 840.697 -0.0012207 757.498 669.857 -0.0012207 1004.83 586.363
element 106
  poly 0: 417.076 1208.83 797.732 151.751 1085.98 677.523 154.444 1040.87 694.392 133.11 1035.42 683.231 130.675 1076.22 667.975 -0.0012207 1015.72 608.77 -0.0012207 762.425 694.275 245.312 739.442 851.518 250.107 824.697 825.66 271.445 827.186 837.822 266.399 737.467 865.034 417.076 723.35 961.616 417.076 1208.83 797.732
  poly 1: 417.076 1197.94 775.324 172.957 1084.91 664.723 175.777 1037.66 682.395 154.444 1032.21 671.234 151.881 1075.16 655.174 -0.0012207 1004.83 586.363 -0.0012207 757.498 669.857 266.526 732.53 840.696 271.446 820.01 814.163 292.784 822.499 826.326 287.613 730.554 854.213 417.076 718.426 937.198 417.076 1197.94 775.324
element 107
  poly 0: 834.156 1015.72 608.77 703.479 1076.22 667.975 701.044 1035.42 683.231 679.711 1040.87 694.392 682.403 1085.98 677.523 417.076 1208.83 797.732 417.076 723.35 961.616 567.754 737.467 865.034 562.708 827.186 837.822 584.047 824.697 825.659 588.841 739.442 851.517 834.156 762.425 694.275 834.156 1015.72 608.77
  poly 1: 834.156 1004.83 586.363 682.274 1075.16 655.175 679.711 1032.21 671.234 658.377 1037.66 682.395 661.198 1084.91 664.724 417.076 1197.94 775.324 417.076 718.426 937.198 546.541 730.554 854.213 541.37 822.499 826.326 562.708 820.01 814.164 567.628 732.53 840.697 834.156 757.498 669.857 834.156 1004.83 586.363
element 108
  poly 0: -417.079 165.439 1006.61 -417.079 312.923 984.585 -438.479 314.748 996.805 -438.479 167.264 1018.83 -417.079 165.439 1006.61
  poly 1: -395.679 167.264 1018.83 -395.679 314.748 996.805 -417.079 316.573 1009.03 -417.079 169.089 1031.05 -395.679 167.264 1018.83
  poly 2: -483.674 1.45519e-10 1070.19 -834.156 131.722 1255.12 -834.156 396.124 1215.63 -580.014 448.294 1059.48 -584.103 365.173 1074.28 -562.754 361.988 1062.3 -558.288 452.754 1046.13 -417.079 481.741 959.374 -417.079 460.407 962.56 -395.679 458.582 950.34 -395.679 16.1308 1016.42 -417.079 17.9557 1028.64 -417.079 1.41881e-10 1031.32 -483.674 1.45519e-10 1070.19
  poly 3: -465.687 1.52795e-10 1084.68 -834.156 138.482 1279.09 -834.156 396.666 1240.53 -558.476 453.257 1071.15 -562.753 366.321 1086.63 -541.403 363.136 1074.65 -536.75 457.717 1057.81 -417.079 482.283 984.278 -417.079 464.057 987 -374.279 460.407 962.56 -374.279 17.9557 1028.64 -417.079 21.6055 1053.08 -417.079 1.45519e-10 1056.3 -465.687 1.52795e-10 1084.68
element 109
  poly 0: 21.3989 228.793 1253.11 21.3989 302.704 1242.07 -0.0012207 300.879 1229.85 -0.0012207 226.968 1240.89 21.3989 228.793 1253.11
  poly 1: -0.0012207 230.618 1265.33 -0.0012207 304.529 1254.29 -21.4013 302.704 1242.07 -21.4013 228.793 1253.11 -0.0012207 230.618 1265.33
  poly 2: -417.079 -25.0286 1035.05 -417.079 17.9557 1028.64 -395.679 19.7806 1040.86 -395.679 167.264 1018.83 -422.429 164.983 1003.56 -438.479 182.05 991.637 -438.479 292.663 975.119 -422.429 312.467 981.53 -395.679 314.748 996.805 -395.679 462.232 974.78 -417.079 460.407 962.56 -417.079 481.741 959.374 -275.87 452.754 1046.13 -271.404 361.988 1062.3 -250.054 365.173 1074.28 -254.144 448.294 1059.48 -0.0012207 396.124 1215.63 -0.0012207 374.789 1218.82 42.799 378.439 1243.26 42.799 156.708 1276.37 -0.0012207 153.058 1251.93 -0.0012207 131.722 1255.12 -350.483 1.45519e-10 1070.19 -417.079 -25.0286 1035.05
  poly 3: -417.079 -18.2684 1059.03 -417.079 21.6055 1053.08 -416.865 21.6238 1053.2 -417.079 169.089 1031.05 -443.829 166.808 1015.78 -459.879 183.875 1003.86 -459.879 294.488 987.338 -443.829 314.292 993.75 -417.079 316.573 1009.03 -416.865 464.075 987.122 -417.079 464.057 987 -417.079 482.283 984.278 -297.408 457.717 1057.81 -292.754 363.136 1074.65 -271.404 366.321 1086.63 -275.682 453.257 1071.15 -0.0012207 396.666 1240.53 -0.0012207 378.439 1243.26 21.3989 380.264 1255.48 21.3989 158.532 1288.59 -0.0012207 156.708 1276.37 -0.0012207 138.482 1279.09 -368.471 1.52795e-10 1084.68 -417.079 -18.2684 1059.03
element 110
  poly 0: 417.076 165.439 1006.61 417.076 312.923 984.585 395.676 314.748 996.805 395.676 167.264 1018.83 417.076 165.439 1006.61
  poly 1: 438.477 167.264 1018.83 438.477 314.748 996.805 417.076 316.573 1009.03 417.076 169.089 1031.05 438.477 167.264 1018.83
  poly 2: 350.481 1.45519e-10 1070.19 -0.0012207 131.722 1255.12 -0.0012207 153.058 1251.93 0.21278 153.039 1251.81 -0.0012207 226.968 1240.89 -26.7514 229.249 1256.17 -42.8015 239.857 1263.95 -42.8015 295.29 1255.67 -26.7514 303.16 1245.13 -0.0012207 300.879 1229.85 0.21278 374.771 1218.69 -0.0012207 374.789 1218.82 -0.0012207 396.124 1215.63 254.142 448.294 1059.48 250.052 365.173 1074.28 271.402 361.988 1062.3 275.868 452.754 1046.13 417.076 481.741 959.374 417.076 460.407 962.56 438.477 458.582 950.34 438.477 16.1308 1016.42 417.076 17.9557 1028.64 417.076 1.41881e-10 1031.32 350.481 1.45519e-10 1070.19
  poly 3: 368.468 1.52795e-10 1084.68 -0.0012207 138.482 1279.09 -0.0012207 156.708 1276.37 21.3989 154.883 1264.15 21.3989 228.793 1253.11 -5.35125 231.074 1268.39 -21.4013 241.682 1276.17 -21.4013 297.115 1267.89 -5.35125 304.985 1257.35 21.3989 302.704 1242.07 21.3989 376.614 1231.04 -0.0012207 378.439 1243.26 -0.0012207 396.666 1240.53 275.679 453.257 1071.15 271.402 366.321 1086.63 292.752 363.136 1074.65 297.405 457.717 1057.81 417.076 482.283 984.278 417.076 464.057 987 459.877 460.407 962.56 459.877 17.9557 1028.64 417.076 21.6055 1053.08 417.076 1.45519e-10 1056.3 368.468 1.52795e-10 1084.68
element 111
  poly 0: 417.076 -25.0286 1035.05 417.076 17.9557 1028.64 438.477 19.7806 1040.86 438.477 167.264 1018.83 411.726 164.983 1003.56 395.676 182.05 991.637 395.676 292.663 975.119 411.726 312.467 981.53 438.477 314.748 996.805 438.477 462.232 974.78 417.076 460.407 962.56 417.076 481.741 959.374 558.286 452.754 1046.13 562.752 361.988 1062.3 584.102 365.173 1074.28 580.012 448.294 1059.48 834.156 396.124 1215.63 834.156 131.722 1255.12 483.672 1.45519e-10 1070.19 417.076 -25.0286 1035.05
  poly 1: 417.076 -18.2684 1059.03 417.076 21.6055 1053.08 417.29 21.6238 1053.2 417.076 169.089 1031.05 390.326 166.808 1015.78 374.276 183.875 1003.86 374.276 294.488 987.339 390.326 314.292 993.75 417.076 316.573 1009.03 417.29 464.075 987.122 417.076 464.057 987 417.076 482.283 984.278 536.748 457.717 1057.81 541.402 363.136 1074.65 562.752 366.321 1086.63 558.474 453.257 1071.15 834.156 396.666 1240.53 834.156 138.482 1279.09 465.685 1.52795e-10 1084.68 417.076 -18.2684 1059.03
element 112
  poly 0: -417.079 750.23 1093.03 -682.173 642.934 958.946 -679.707 596.149 970.088 -701.051 592.221 958.317 -703.274 634.394 948.273 -834.156 581.419 882.074 -834.156 319.639 936.281 -588.407 277.712 1089.86 -584.103 365.173 1074.28 -562.753 366.321 1086.63 -567.29 274.11 1103.05 -417.079 248.482 1196.92 -417.079 750.23 1093.03
  poly 1: -417.079 742.142 1069.47 -660.951 643.435 946.12 -658.363 594.35 957.81 -679.707 590.422 946.039 -682.051 634.895 935.448 -834.156 573.331 858.514 -834.156 317.706 911.447 -567.173 272.158 1078.29 -562.754 361.988 1062.3 -541.404 363.136 1074.65 -546.057 268.555 1091.49 -417.079 246.551 1172.09 -417.079 742.142 1069.47
element 113
  poly 0: -0.0012207 581.419 882.074 -130.884 634.394 948.273 -133.107 592.221 958.317 -154.451 596.149 970.088 -151.985 642.934 958.946 -417.079 750.23 1093.03 -417.079 248.482 1196.92 -266.867 274.11 1103.05 -271.404 366.321 1086.63 -250.054 365.173 1074.28 -245.751 277.712 1089.86 -0.0012207 319.639 936.281 -0.0012207 581.419 882.074
  poly 1: -0.0012207 573.331 858.514 -152.106 634.895 935.447 -154.451 590.422 946.039 -175.795 594.35 957.81 -173.207 643.435 946.12 -417.079 742.142 1069.47 -417.079 246.551 1172.09 -288.101 268.555 1091.49 -292.754 363.136 1074.65 -271.404 361.988 1062.3 -266.984 272.158 1078.29 -0.0012207 317.706 911.447 -0.0012207 573.331 858.514
element 114
  poly 0: 417.076 750.23 1093.03 151.982 642.934 958.946 154.448 596.149 970.088 133.104 592.221 958.317 130.881 634.394 948.273 -0.0012207 581.419 882.074 -0.0012207 319.639 936.281 245.749 277.712 1089.86 250.052 365.173 1074.28 271.402 366.321 1086.63 266.865 274.11 1103.05 417.076 248.482 1196.92 417.076 750.23 1093.03
  poly 1: 417.076 742.142 1069.47 173.205 643.435 946.12 175.792 594.35 957.81 154.448 590.422 946.039 152.104 634.895 935.448 -0.0012207 573.331 858.514 -0.0012207 317.706 911.447 266.982 272.158 1078.29 271.402 361.988 1062.3 292.752 363.136 1074.65 288.098 268.555 1091.49 417.076 246.551 1172.09 417.076 742.142 1069.47
element 115
  poly 0: 834.156 581.419 882.074 703.273 634.394 948.273 701.05 592.221 958.317 679.706 596.149 970.088 682.172 642.934 958.946 417.076 750.23 1093.03 417.076 248.482 1196.92 567.289 274.11 1103.05 562.752 366.321 1086.63 584.102 365.173 1074.28 588.405 277.712 1089.86 834.156 319.639 936.281 834.156 581.419 882.074
  poly 1: 834.156 573.331 858.514 682.05 634.895 935.447 679.706 590.422 946.039 658.362 594.35 957.81 660.95 643.435 946.12 417.076 742.142 1069.47 417.076 246.551 1172.09 546.055 268.555 1091.49 541.402 363.136 1074.65 562.752 361.988 1062.3 567.172 272.158 1078.29 834.156 317.706 911.447 834.156 573.331 858.514
element 116
  poly 0: -417.079 167.307 1339.37 -417.079 94.1984 1346.39 -438.479 93.017 1334.09 -438.479 166.126 1327.07 -417.079 167.307 1339.37
  poly 1: -395.679 166.126 1327.07 -395.679 93.017 1334.09 -417.079 91.8355 1321.79 -417.079 164.944 1314.77 -395.679 166.126 1327.07
  poly 2: -417.079 1.60071e-10 1355.44 -417.079 21.0898 1353.41 -395.679 22.2712 1365.71 -395.679 241.597 1344.64 -417.079 240.416 1332.35 -417.079 261.888 1330.28 -834.156 116.898 1102.3 -834.156 1.45519e-10 1113.53 -417.079 1.60071e-10 1355.44
  poly 3: -417.079 1.63709e-10 1330.62 -417.079 18.7269 1328.82 -374.279 21.0898 1353.41 -374.279 240.416 1332.35 -417.079 238.053 1307.75 -417.079 256.397 1305.99 -834.156 111.404 1078.01 -834.156 1.52795e-10 1088.71 -417.079 1.63709e-10 1330.62
element 117
  poly 0: 21.3988 69.4646 1094.45 21.3988 44.6865 1096.83 -0.0012207 45.8679 1109.13 -0.0012207 70.646 1106.75 21.3988 69.4646 1094.45
  poly 1: -0.0012207 68.2832 1082.15 -0.0012207 43.5051 1084.53 -21.4013 44.6865 1096.83 -21.4013 69.4646 1094.45 -0.0012207 68.2832 1082.15
  poly 2: -0.0012207 1.45519e-10 1113.53 -0.0012207 21.0898 1111.51 42.7989 18.7269 1086.91 42.7989 93.0613 1079.77 -0.0012207 95.4241 1104.37 -0.0012207 116.898 1102.3 -417.079 261.888 1330.28 -417.079 240.416 1332.35 -395.679 239.234 1320.05 -395.679 166.126 1327.07 -422.429 167.602 1342.44 -438.479 159.35 1352.55 -438.479 104.518 1357.81 -422.429 94.4937 1349.47 -395.679 93.017 1334.09 -395.679 19.9084 1341.12 -417.079 21.0898 1353.41 -417.079 1.60071e-10 1355.44 -0.0012207 1.45519e-10 1113.53
  poly 3: -0.0012207 1.52795e-10 1088.71 -0.0012207 18.7269 1086.91 21.3988 17.5455 1074.61 21.3988 91.8799 1067.47 -0.0012207 93.0613 1079.77 -0.0012207 111.404 1078.01 -417.079 256.397 1305.99 -417.079 238.053 1307.75 -416.865 238.041 1307.63 -417.079 164.944 1314.77 -443.829 166.421 1330.15 -459.879 158.168 1340.25 -459.879 103.337 1345.51 -443.829 93.3123 1337.17 -417.079 91.8355 1321.79 -416.865 18.7151 1328.69 -417.079 18.7269 1328.82 -417.079 1.63709e-10 1330.62 -0.0012207 1.52795e-10 1088.71
element 118
  poly 0: 417.076 167.307 1339.37 417.076 94.1984 1346.39 395.676 93.017 1334.09 395.676 166.126 1327.07 417.076 167.307 1339.37
  poly 1: 438.477 166.126 1327.07 438.477 93.017 1334.09 417.076 91.8355 1321.79 417.076 164.944 1314.77 438.477 166.126 1327.07
  poly 2: 417.076 1.60071e-10 1355.44 417.076 21.0898 1353.41 438.477 22.2712 1365.71 438.477 241.597 1344.65 417.076 240.416 1332.35 417.076 261.888 1330.28 -0.0012207 116.898 1102.3 -0.0012207 95.4241 1104.37 0.21278 95.4359 1104.49 -0.0012207 70.646 1106.75 -26.7513 69.1692 1091.37 -42.8014 65.1859 1082.45 -42.8014 46.6023 1084.23 -26.7513 44.3911 1093.75 -0.0012207 45.8679 1109.13 0.21278 21.1016 1111.63 -0.0012207 21.0898 1111.51 -0.0012207 1.45519e-10 1113.53 417.076 1.60071e-10 1355.44
  poly 3: 417.076 1.63709e-10 1330.62 417.076 18.7269 1328.82 459.877 21.0898 1353.41 459.877 240.416 1332.35 417.076 238.053 1307.75 417.076 256.397 1305.99 -0.0012207 111.405 1078.01 -0.0012207 93.0613 1079.77 21.3988 94.2427 1092.07 21.3988 69.4646 1094.45 -5.35124 67.9878 1079.07 -21.4013 64.0045 1070.15 -21.4013 45.4209 1071.93 -5.35124 43.2097 1081.45 21.3988 44.6865 1096.83 21.3988 19.9084 1099.21 -0.0012207 18.7269 1086.91 -0.0012207 1.52795e-10 1088.71 417.076 1.63709e-10 1330.62
element 119
  poly 0: 834.156 1.45519e-10 1113.53 834.156 116.898 1102.3 417.076 261.888 1330.28 417.076 240.416 1332.35 438.477 239.234 1320.05 438.477 166.126 1327.07 411.726 167.602 1342.44 395.676 159.35 1352.55 395.676 104.518 1357.81 411.726 94.4937 1349.47 438.477 93.017 1334.09 438.477 19.9084 1341.12 417.076 21.0898 1353.41 417.076 1.60071e-10 1355.44 834.156 1.45519e-10 1113.53
  poly 1: 834.156 1.52795e-10 1088.71 834.156 111.404 1078.01 417.076 256.397 1305.99 417.076 238.053 1307.75 417.29 238.041 1307.63 417.076 164.944 1314.77 390.326 166.421 1330.14 374.276 158.168 1340.25 374.276 103.337 1345.51 390.326 93.3123 1337.17 417.076 91.8355 1321.79 417.29 18.7151 1328.69 417.076 18.7269 1328.82 417.076 1.63709e-10 1330.62 834.156 1.52795e-10 1088.71
