element 0
  poly 0: 1343.02 969.239 199.582 1343.02 193.848 199.582 671.509 -193.848 199.582 -1.81899e-12 193.848 199.582 -1.81899e-12 969.239 199.582 671.509 1356.94 199.582 1343.02 969.239 199.582
  poly 1: 1343.02 969.239 289.582 1343.02 193.848 289.582 671.509 -193.848 289.582 -1.81899e-12 193.848 289.582 -1.81899e-12 969.239 289.582 671.509 1356.94 289.582 1343.02 969.239 289.582
element 1
  poly 0: 1343.02 969.239 -321.245 1343.02 193.848 -321.245 671.509 -193.848 -321.245 -1.81899e-12 193.848 -321.245 -1.81899e-12 969.239 -321.245 671.509 1356.94 -321.245 1343.02 969.239 -321.245
  poly 1: 1343.02 969.239 -231.245 1343.02 193.848 -231.245 671.509 -193.848 -231.245 -1.81899e-12 193.848 -231.245 -1.81899e-12 969.239 -231.245 671.509 1356.94 -231.245 1343.02 969.239 -231.245
element 2
  poly 0: 671.509 -193.848 -321.245 671.509 -969.239 -321.245 -1.81899e-12 -1356.94 -321.245 -671.509 -969.239 -321.245 -671.509 -193.848 -321.245 -1.81899e-12 193.848 -321.245 671.509 -193.848 -321.245
  poly 1: 671.509 -193.848 -231.245 671.509 -969.239 -231.245 -1.81899e-12 -1356.94 -231.245 -671.509 -969.239 -231.245 -671.509 -193.848 -231.245 -1.81899e-12 193.848 -231.245 671.509 -193.848 -231.245
element 3
  poly 0: 671.509 -193.848 199.582 671.509 -969.239 199.582 -1.81899e-12 -1356.94 199.582 -671.509 -969.239 199.582 -671.509 -193.848 199.582 -1.81899e-12 193.848 199.582 671.509 -193.848 199.582
  poly 1: 671.509 -193.848 289.582 671.509 -969.239 289.582 -1.81899e-12 -1356.94 289.582 -671.509 -969.239 289.582 -671.509 -193.848 289.582 -1.81899e-12 193.848 289.582 671.509 -193.848 289.582
element 4
  poly 0: -1.81899e-12 969.239 199.582 -3.63798e-12 193.848 199.582 -671.509 -193.848 199.582 -1343.02 193.848 199.582 -1343.02 969.239 199.582 -671.509 1356.94 199.582 -1.81899e-12 969.239 199.582
  poly 1: -1.81899e-12 969.239 289.582 -3.63798e-12 193.848 289.582 -671.509 -193.848 289.582 -1343.02 193.848 289.582 -1343.02 969.239 289.582 -671.509 1356.94 289.582 -1.81899e-12 969.239 289.582
element 5
  poly 0: -1.81899e-12 969.239 -321.245 -3.63798e-12 193.848 -321.245 -671.509 -193.848 -321.245 -1343.02 193.848 -321.245 -1343.02 969.239 -321.245 -671.509 1356.94 -321.245 -1.81899e-12 969.239 -321.245
  poly 1: -1.81899e-12 969.239 -231.245 -3.63798e-12 193.848 -231.245 -671.509 -193.848 -231.245 -1343.02 193.848 -231.245 -1343.02 969.239 -231.245 -671.509 1356.94 -231.245 -1.81899e-12 969.239 -231.245
element 6
  poly 0: -363.136 527.772 438.086 228.136 869.142 438.086 228.136 869.142 -438.086 -363.136 527.772 -438.086 -363.136 527.772 438.086
  poly 1: -318.136 449.83 438.086 273.136 791.2 438.086 273.136 791.2 -438.086 -318.136 449.83 -438.086 -318.136 449.83 438.086
element 7
  poly 0: 698.89 53.7718 438.086 107.619 -287.599 438.086 107.619 -287.599 -438.086 698.89 53.7718 -438.086 698.89 53.7718 438.086
  poly 1: 653.89 131.714 438.086 62.6188 -209.656 438.086 62.6188 -209.656 -438.086 653.89 131.714 -438.086 653.89 131.714 438.086
element 8
  poly 0: -281.983 -363.136 438.086 -623.353 228.136 438.086 -623.353 228.136 -438.086 -281.983 -363.136 -438.086 -281.983 -363.136 438.086
  poly 1: -204.04 -318.136 438.086 -545.411 273.136 438.086 -545.411 273.136 -438.086 -204.04 -318.136 -438.086 -204.04 -318.136 438.086
