element 0
  poly 0: 21454.4 -441.493 -16238.5 1004.19 221.078 -217.71 931.384 148.38 -196.255 949.091 123.095 -221.841 876.238 50.3489 -200.371 858.531 75.6333 -174.785 639.973 -142.606 -110.377 657.68 -167.89 -135.963 584.827 -240.637 -114.493 567.12 -215.352 -88.9075 421.414 -360.845 -45.9686 340.648 -441.493 -22.1673 251.798 -441.493 46.0742 263.832 -481.493 17.87 169.204 -481.493 90.5487 157.17 -441.493 118.753 -126.714 -441.493 336.789 -114.68 -481.493 308.585 -209.308 -481.493 381.264 -221.342 -441.493 409.468 -410.597 -441.493 554.825 -509.128 -441.493 630.502 21454.4 -441.493 -16238.5
  poly 1: 20993.7 -441.493 -15830.8 1028.3 205.371 -189.791 955.399 132.577 -168.308 973.107 107.293 -193.894 900.254 34.5463 -172.424 882.547 59.8307 -146.838 663.988 -158.409 -82.43 681.695 -183.693 -108.016 608.843 -256.439 -86.5465 591.135 -231.155 -60.9605 445.43 -376.648 -18.0217 380.49 -441.493 1.11587 277.828 -441.493 79.9651 289.861 -481.493 51.7609 195.233 -481.493 124.44 183.2 -441.493 152.644 -100.684 -441.493 370.68 -88.6502 -481.493 342.476 -183.278 -481.493 415.155 -195.312 -441.493 443.359 -384.567 -441.493 588.716 -475.292 -441.493 658.397 20993.7 -441.493 -15830.8
element 1
  poly 0: 28364.7 -441.493 -22354.3 642.524 456.685 -636.492 543.502 357.808 -607.31 561.209 332.524 -632.896 462.14 233.599 -603.701 444.432 258.883 -578.115 147.223 -37.8917 -490.529 164.931 -63.1761 -516.115 65.8608 -162.101 -486.919 48.1535 -136.817 -461.333 -149.986 -334.667 -402.942 -256.968 -441.493 -371.415 -335.81 -441.493 -310.861 -323.777 -481.493 -339.065 -408.396 -481.493 -274.073 -420.429 -441.493 -245.869 -674.287 -441.493 -50.8944 -662.253 -481.493 -79.0986 -746.872 -481.493 -14.107 -758.906 -441.493 14.0972 -928.145 -441.493 144.08 -1016.67 -441.493 212.07 28364.7 -441.493 -22354.3
  poly 1: 27904.1 -441.493 -21946.5 666.635 440.978 -608.573 567.517 342.006 -579.363 585.225 316.721 -604.949 486.155 217.796 -575.754 468.448 243.081 -550.168 171.239 -53.6944 -462.582 188.946 -78.9787 -488.168 89.8762 -177.904 -458.972 72.1689 -152.619 -433.386 -125.97 -350.469 -374.995 -217.127 -441.493 -348.132 -309.78 -441.493 -276.97 -297.747 -481.493 -305.174 -382.366 -481.493 -240.182 -394.4 -441.493 -211.978 -648.257 -441.493 -17.0034 -636.223 -481.493 -45.2077 -720.843 -481.493 19.7839 -732.876 -441.493 47.9881 -902.115 -441.493 177.971 -982.831 -441.493 239.965 27904.1 -441.493 -21946.5
element 2
  poly 0: 277.828 -441.493 79.9651 183.2 -441.493 152.644 157.17 -441.493 118.753 251.798 -441.493 46.0742 277.828 -441.493 79.9651
  poly 1: 289.861 -481.493 51.7609 195.233 -481.493 124.44 169.204 -481.493 90.5487 263.832 -481.493 17.87 289.861 -481.493 51.7609
  poly 2: -100.684 -441.493 370.68 -195.312 -441.493 443.359 -221.342 -441.493 409.468 -126.714 -441.493 336.789 -100.684 -441.493 370.68
  poly 3: -88.6502 -481.493 342.476 -183.278 -481.493 415.155 -209.308 -481.493 381.264 -114.68 -481.493 308.585 -88.6502 -481.493 342.476
  poly 4: -309.78 -441.493 -276.97 -394.4 -441.493 -211.978 -420.429 -441.493 -245.869 -335.81 -441.493 -310.861 -309.78 -441.493 -276.97
  poly 5: -297.747 -481.493 -305.174 -382.366 -481.493 -240.182 -408.396 -481.493 -274.073 -323.777 -481.493 -339.065 -297.747 -481.493 -305.174
  poly 6: -648.257 -441.493 -17.0034 -732.876 -441.493 47.9881 -758.906 -441.493 14.0972 -674.287 -441.493 -50.8944 -648.257 -441.493 -17.0034
  poly 7: -636.223 -481.493 -45.2077 -720.843 -481.493 19.7839 -746.872 -481.493 -14.107 -662.253 -481.493 -79.0986 -636.223 -481.493 -45.2077
  poly 8: -5297.12 -441.493 -3316.88 313.149 -441.493 -38.2378 353.638 -441.493 -72.7703 230.372 -441.493 -144.807 220.159 -441.493 -92.5814 96.8929 -441.493 -164.618 137.382 -441.493 -199.151 14.1155 -441.493 -271.187 3.90271 -441.493 -218.962 -119.363 -441.493 -290.999 -78.8747 -441.493 -325.531 -202.141 -441.493 -397.568 -212.354 -441.493 -345.342 -316.73 -441.493 -406.34 -1067.42 -441.493 170.226 -424.538 -441.493 700.24 -5297.12 -441.493 -3316.88
  poly 9: -5328.31 -481.493 -3299.9 297.809 -481.493 -11.9876 338.297 -481.493 -46.5201 215.031 -481.493 -118.557 204.818 -481.493 -66.3311 81.5523 -481.493 -138.368 122.041 -481.493 -172.9 -1.2251 -481.493 -244.937 -11.4379 -481.493 -192.712 -134.704 -481.493 -264.748 -94.2153 -481.493 -299.281 -217.481 -481.493 -371.318 -227.694 -481.493 -319.092 -356.789 -481.493 -394.535 -1106.14 -481.493 181.005 -463.261 -481.493 711.019 -5328.31 -481.493 -3299.9
element 3
  poly 0: 955.399 132.577 -168.308 882.547 59.8307 -146.838 858.531 75.6333 -174.785 931.384 148.38 -196.255 955.399 132.577 -168.308
  poly 1: 973.107 107.293 -193.894 900.254 34.5463 -172.424 876.238 50.3489 -200.371 949.091 123.095 -221.841 973.107 107.293 -193.894
  poly 2: 663.988 -158.409 -82.43 591.135 -231.155 -60.9605 567.12 -215.352 -88.9075 639.973 -142.606 -110.377 663.988 -158.409 -82.43
  poly 3: 681.695 -183.693 -108.016 608.843 -256.439 -86.5465 584.827 -240.637 -114.493 657.68 -167.89 -135.963 681.695 -183.693 -108.016
  poly 4: 567.517 342.006 -579.363 468.448 243.081 -550.168 444.432 258.883 -578.115 543.502 357.808 -607.31 567.517 342.006 -579.363
  poly 5: 585.225 316.721 -604.949 486.155 217.796 -575.754 462.14 233.599 -603.701 561.209 332.524 -632.896 585.225 316.721 -604.949
  poly 6: 171.239 -53.6944 -462.582 72.1689 -152.619 -433.386 48.1535 -136.817 -461.333 147.223 -37.8917 -490.529 171.239 -53.6944 -462.582
  poly 7: 188.946 -78.9787 -488.168 89.8762 -177.904 -458.972 65.8608 -162.101 -486.919 164.931 -63.1761 -516.115 188.946 -78.9787 -488.168
  poly 8: 2082.66 -481.493 1031.08 606.357 480.246 -678.37 -356.789 -481.493 -394.535 -227.694 -481.493 -319.092 -212.354 -441.493 -345.342 -119.363 -441.493 -290.999 -134.704 -481.493 -264.748 -11.4379 -481.493 -192.712 3.90271 -441.493 -218.962 96.8929 -441.493 -164.618 81.5523 -481.493 -138.368 204.818 -481.493 -66.3311 220.159 -441.493 -92.5814 313.149 -441.493 -38.2378 297.809 -481.493 -11.9876 439.228 -442.515 36.3423 2082.66 -481.493 1031.08
  poly 9: 2122.27 -481.493 996.032 648.034 478.896 -711.019 -313.76 -481.493 -427.583 -217.481 -481.493 -371.318 -202.141 -441.493 -397.568 -78.8747 -441.493 -325.531 -94.2153 -481.493 -299.281 -1.2251 -481.493 -244.937 14.1155 -441.493 -271.187 137.382 -441.493 -199.151 122.041 -481.493 -172.9 215.031 -481.493 -118.557 230.372 -441.493 -144.807 353.638 -441.493 -72.7703 338.297 -481.493 -46.5201 443.221 -481.493 14.7976 2122.27 -481.493 996.032
