element 0
  poly 0: -531.499 698.768 9.27972 -567.442 652.461 9.27972 -535.056 652.461 340.903 -535.056 652.461 340.903 -517.75 672.857 356.009 -518.242 672.857 350.969 -513.696 678.215 354.938 -513.08 678.215 361.237 -512.143 678.885 365.513 -508.733 682.904 368.489 -508.534 683.573 365.205 -509.149 683.573 358.906 -504.602 688.932 362.875 -504.11 688.932 367.914 -493.018 702.004 377.596 -531.499 698.768 9.27972
  poly 1: -526.065 699.225 9.27972 -562.366 652.457 9.27972 -530.492 652.457 335.667 -530.492 652.457 335.667 -513.182 672.857 350.776 -513.187 672.857 350.725 -508.636 678.215 354.744 -508.021 678.215 361.043 -507.083 678.885 365.319 -503.673 682.904 368.295 -503.474 683.573 365.012 -504.089 683.573 358.713 -499.547 688.932 362.631 -499.542 688.932 362.681 -488.1 702.417 372.669 -526.065 699.225 9.27972
element 1
  poly 0: -512.482 700.367 9.27972 -549.677 652.448 9.27972 -519.081 652.448 322.578 -519.081 652.448 322.578 -501.752 672.87 337.703 -502.245 672.87 332.663 -497.292 678.706 336.986 -496.677 678.706 343.285 -495.689 679.436 347.605 -491.975 683.813 350.847 -491.725 684.543 347.608 -492.34 684.543 341.308 -487.387 690.379 345.631 -486.895 690.379 350.67 -475.803 703.451 360.352 -512.482 700.367 9.27972
  poly 1: -507.049 700.824 9.27972 -544.601 652.444 9.27972 -514.517 652.444 317.342 -514.517 652.444 317.342 -497.185 672.87 332.47 -497.19 672.87 332.419 -492.232 678.706 336.792 -491.617 678.706 343.092 -490.629 679.436 347.411 -486.915 683.813 350.653 -486.665 684.543 347.414 -487.28 684.543 341.115 -482.333 690.379 345.387 -482.328 690.379 345.437 -470.885 703.865 355.425 -507.049 700.824 9.27972
element 2
  poly 0: -513.203 678.215 359.977 -508.657 683.573 363.946 -503.597 683.573 363.752 -508.144 678.215 359.784 -513.203 678.215 359.977
  poly 1: -513.696 678.215 354.938 -509.149 683.573 358.906 -504.089 683.573 358.713 -508.636 678.215 354.744 -513.696 678.215 354.938
  poly 2: 434.564 752.204 380.91 448.527 738.852 370.053 443.197 738.852 370.257 429.233 752.204 381.114 434.564 752.204 380.91
  poly 3: 436.075 752.204 375.794 450.039 738.852 364.937 444.708 738.852 365.141 430.744 752.204 375.998 436.075 752.204 375.794
  poly 4: 462.491 725.5 359.196 476.455 712.147 348.339 471.124 712.147 348.543 457.16 725.5 359.4 462.491 725.5 359.196
  poly 5: 464.003 725.5 354.08 477.966 712.147 343.223 472.636 712.147 343.427 458.672 725.5 354.284 464.003 725.5 354.08
  poly 6: 490.419 698.795 337.483 504.382 685.442 326.626 499.051 685.442 326.83 485.088 698.795 337.686 490.419 698.795 337.483
  poly 7: 491.93 698.795 332.366 505.894 685.442 321.509 500.563 685.442 321.713 486.599 698.795 332.57 491.93 698.795 332.366
  poly 8: 407.844 777.754 401.685 -493.018 702.004 377.596 -504.11 688.932 367.914 -509.17 688.932 368.108 -522.81 672.857 356.202 -517.75 672.857 356.009 -529.019 659.576 346.173 -524.337 652.444 340.48 526.296 652.444 300.276 530.95 660.038 305.969 518.346 672.09 315.769 523.677 672.09 315.565 425.931 765.557 391.563 420.6 765.557 391.767 407.844 777.754 401.685
  poly 9: 404.333 777.459 396.533 -488.099 702.417 372.669 -499.542 688.932 362.681 -509.662 688.932 363.068 -523.302 672.857 351.163 -513.182 672.857 350.776 -524.448 659.58 340.942 -519.766 652.448 335.25 522.473 652.448 295.367 527.126 660.042 301.06 514.527 672.09 310.856 525.189 672.09 310.448 427.442 765.557 386.447 416.781 765.557 386.855 404.333 777.459 396.533
element 3
  poly 0: -496.8 678.706 342.025 -491.848 684.543 346.348 -486.788 684.543 346.154 -491.74 678.706 341.832 -496.8 678.706 342.025
  poly 1: -497.292 678.706 336.986 -492.34 684.543 341.308 -487.28 684.543 341.115 -492.232 678.706 336.792 -497.292 678.706 336.986
  poly 2: 422.12 751.321 362.999 435.928 738.118 352.264 430.597 738.118 352.468 416.79 751.321 363.203 422.12 751.321 362.999
  poly 3: 423.632 751.321 357.883 437.44 738.118 347.148 432.109 738.118 347.352 418.301 751.321 358.087 423.632 751.321 357.883
  poly 4: 449.735 724.915 341.528 463.543 711.712 330.793 458.212 711.712 330.997 444.404 724.915 341.732 449.735 724.915 341.528
  poly 5: 451.247 724.915 336.412 465.054 711.712 325.677 459.724 711.712 325.881 445.916 724.915 336.616 451.247 724.915 336.412
  poly 6: 477.35 698.509 320.058 491.158 685.306 309.322 485.827 685.306 309.526 472.019 698.509 320.262 477.35 698.509 320.058
  poly 7: 478.862 698.509 314.942 492.669 685.306 304.206 487.338 685.306 304.41 473.531 698.509 315.146 478.862 698.509 314.942
  poly 8: 395.557 776.721 383.653 -475.803 703.451 360.352 -486.895 690.379 350.67 -491.955 690.379 350.864 -506.812 672.87 337.896 -501.752 672.87 337.703 -513.021 659.589 327.867 -508.339 652.457 322.174 512.915 652.457 283.095 517.569 660.051 288.787 504.965 672.103 298.587 510.296 672.103 298.383 413.644 764.523 373.531 408.313 764.523 373.735 395.557 776.721 383.653
  poly 9: 392.047 776.426 378.5 -470.885 703.865 355.425 -482.328 690.379 345.437 -492.447 690.379 345.825 -507.304 672.87 332.857 -497.185 672.87 332.47 -508.451 659.593 322.636 -503.768 652.461 316.944 509.092 652.461 278.185 513.745 660.055 283.878 501.146 672.103 293.675 511.807 672.103 293.267 415.156 764.523 368.415 404.494 764.523 368.823 392.047 776.426 378.5
element 4
  poly 0: 624.715 652.461 9.27972 516.431 786.885 9.27972 407.844 777.754 401.685 420.6 765.557 391.767 422.112 765.557 386.651 436.075 752.204 375.794 434.186 752.204 382.189 434.797 750.535 384.669 445.27 740.521 376.527 448.149 738.852 371.332 450.039 738.852 364.937 464.003 725.5 354.08 462.113 725.5 360.475 462.725 723.83 362.955 473.198 713.816 354.813 476.077 712.147 349.618 477.966 712.147 343.223 491.93 698.795 332.366 490.041 698.795 338.762 490.652 697.126 341.242 501.125 687.111 333.099 504.004 685.442 327.905 505.894 685.442 321.509 519.858 672.09 310.652 518.346 672.09 315.769 538.874 652.461 299.808 538.874 652.461 299.808 624.715 652.461 9.27972
  poly 1: 619.447 652.457 9.27972 511.495 786.47 9.27972 404.333 777.459 396.533 416.781 765.557 386.855 416.796 765.557 386.804 430.744 752.204 375.998 428.855 752.204 382.393 429.467 750.535 384.873 439.939 740.521 376.731 442.819 738.852 371.536 444.708 738.852 365.141 458.672 725.5 354.284 456.782 725.5 360.679 457.394 723.83 363.159 467.867 713.816 355.017 470.746 712.147 349.822 472.636 712.147 343.427 486.599 698.795 332.57 484.71 698.795 338.966 485.322 697.126 341.445 495.794 687.111 333.303 498.674 685.442 328.109 500.563 685.442 321.713 514.542 672.09 310.805 514.527 672.09 310.856 535.058 652.457 294.893 535.058 652.457 294.893 619.447 652.457 9.27972
element 5
  poly 0: 606.278 652.448 9.27972 499.154 785.432 9.27972 395.557 776.721 383.653 408.313 764.523 373.735 409.825 764.523 368.619 423.632 751.321 357.883 421.743 751.321 364.278 422.335 749.67 366.774 432.69 739.768 358.722 435.55 738.118 353.543 437.44 738.118 347.148 451.247 724.915 336.412 449.357 724.915 342.808 449.95 723.264 345.303 460.305 713.362 337.251 463.165 711.712 332.072 465.054 711.712 325.677 478.862 698.509 314.942 476.972 698.509 321.337 477.564 696.859 323.832 487.92 686.956 315.78 490.78 685.306 310.601 492.669 685.306 304.206 506.477 672.103 293.471 504.965 672.103 298.587 525.52 652.448 282.605 525.52 652.448 282.605 606.278 652.448 9.27972
  poly 1: 601.011 652.444 9.27972 494.218 785.017 9.27972 392.047 776.426 378.5 404.494 764.523 368.823 404.509 764.523 368.771 418.301 751.321 358.087 416.412 751.321 364.482 417.004 749.67 366.977 427.359 739.768 358.926 430.219 738.118 353.747 432.109 738.118 347.352 445.916 724.915 336.616 444.027 724.915 343.012 444.619 723.264 345.507 454.974 713.362 337.455 457.834 711.712 332.276 459.724 711.712 325.881 473.531 698.509 315.146 471.641 698.509 321.541 472.234 696.859 324.036 482.589 686.956 315.984 485.449 685.306 310.805 487.338 685.306 304.41 501.161 672.103 293.624 501.146 672.103 293.675 521.705 652.444 277.69 521.705 652.444 277.69 601.011 652.444 9.27972
element 6
  poly 0: -460.954 558.155 352.446 -464.097 559.3 329.336 -466.586 562.58 329.837 -463.443 561.435 352.947 -460.954 558.155 352.446
  poly 1: -458.459 561.464 352.27 -461.602 562.609 329.161 -464.091 565.89 329.662 -460.948 564.744 352.771 -458.459 561.464 352.27
  poly 2: -467.239 560.445 306.226 -470.382 561.59 283.117 -472.872 564.871 283.618 -469.729 563.725 306.727 -467.239 560.445 306.226
  poly 3: -464.745 563.755 306.051 -467.888 564.9 282.941 -470.377 568.18 283.442 -467.234 567.035 306.552 -464.745 563.755 306.051
  poly 4: -473.525 562.736 260.007 -476.668 563.881 236.897 -479.158 567.161 237.398 -476.015 566.016 260.508 -473.525 562.736 260.007
  poly 5: -471.03 566.045 259.832 -474.173 567.19 236.722 -476.663 570.47 237.223 -473.52 569.325 260.333 -471.03 566.045 259.832
  poly 6: -479.811 565.026 213.788 -482.954 566.171 190.678 -485.443 569.451 191.179 -482.301 568.306 214.289 -479.811 565.026 213.788
  poly 7: -477.316 568.335 213.612 -480.459 569.48 190.503 -482.949 572.76 191.004 -479.806 571.615 214.113 -477.316 568.335 213.612
  poly 8: -486.097 567.316 167.568 -489.24 568.461 144.459 -491.729 571.741 144.96 -488.586 570.596 168.07 -486.097 567.316 167.568
  poly 9: -483.602 570.625 167.393 -486.745 571.77 144.283 -489.235 575.05 144.785 -486.092 573.905 167.894 -483.602 570.625 167.393
  poly 10: -492.383 569.606 121.349 -495.526 570.751 98.2395 -498.015 574.031 98.7406 -494.872 572.886 121.85 -492.383 569.606 121.349
  poly 11: -489.888 572.915 121.174 -493.031 574.061 98.0642 -495.52 577.341 98.5652 -492.377 576.196 121.675 -489.888 572.915 121.174
  poly 12: -498.669 571.896 75.1299 -501.812 573.041 52.0202 -504.301 576.322 52.5213 -501.158 575.176 75.6309 -498.669 571.896 75.1299
  poly 13: -496.174 575.206 74.9545 -499.317 576.351 51.8449 -501.806 579.631 52.346 -498.663 578.486 75.4556 -496.174 575.206 74.9545
  poly 14: -567.442 652.461 9.27972 -510.182 578.464 9.27972 -507.444 577.467 29.4116 -502.466 570.906 28.4095 -455.321 553.73 375.054 -460.3 560.29 376.056 -457.223 559.169 398.683 -462.194 566.325 404.475 -473.558 579.759 394.557 -474.05 579.759 389.523 -488.783 597.175 376.663 -488.169 597.175 382.956 -489.642 599.353 385.123 -500.691 612.415 375.479 -502.902 614.592 370.096 -503.516 614.592 363.804 -518.249 632.009 350.945 -517.758 632.009 355.978 -535.059 652.461 340.877 -535.059 652.461 340.877 -567.442 652.461 9.27972
  poly 15: -562.366 652.457 9.27972 -505.106 578.46 9.27972 -502.46 577.496 28.7352 -499.971 574.216 28.2342 -452.826 557.039 374.879 -455.316 560.319 375.38 -452.884 559.433 393.261 -457.856 566.589 399.053 -468.996 579.759 389.33 -469.001 579.759 389.279 -483.729 597.175 376.47 -483.115 597.175 382.762 -484.588 599.353 384.93 -495.638 612.415 375.285 -497.848 614.592 369.903 -498.462 614.592 363.611 -513.2 632.009 350.701 -513.195 632.009 350.751 -530.493 652.457 335.653 -530.493 652.457 335.653 -562.366 652.457 9.27972
element 7
  poly 0: -549.677 652.448 9.27972 -492.416 578.449 9.27972 -489.678 577.452 29.4116 -489.703 577.484 29.4167 -486.245 576.201 54.6522 -483.133 572.101 54.0258 -480.837 569.484 56.8051 -478.263 568.546 75.7355 -479.701 570.85 79.2664 -482.812 574.95 79.8927 -479.379 573.699 105.133 -476.268 569.599 104.507 -473.972 566.983 107.286 -471.397 566.045 126.217 -472.835 568.349 129.747 -475.947 572.449 130.374 -472.514 571.198 155.614 -469.402 567.098 154.988 -467.106 564.482 157.767 -464.532 563.543 176.698 -465.97 565.847 180.229 -469.081 569.947 180.855 -465.648 568.697 206.095 -462.537 564.597 205.469 -460.241 561.98 208.248 -457.666 561.042 227.179 -459.104 563.346 230.71 -462.216 567.446 231.336 -458.783 566.195 256.577 -455.671 562.095 255.95 -453.375 559.479 258.729 -450.801 558.541 277.66 -452.238 560.844 281.191 -455.35 564.945 281.817 -451.917 563.694 307.058 -448.806 559.594 306.431 -446.51 556.977 309.211 -443.935 556.039 328.141 -445.373 558.343 331.672 -448.485 562.443 332.298 -445.077 561.225 357.544 -445.052 561.193 357.539 -442.037 560.094 379.705 -447.009 567.25 385.498 -458.373 580.684 375.579 -458.865 580.684 370.545 -473.34 597.797 357.91 -472.726 597.797 364.202 -474.167 599.936 366.398 -485.024 612.77 356.922 -487.202 614.909 351.567 -487.816 614.909 345.275 -502.292 632.022 332.64 -501.801 632.022 337.674 -519.08 652.448 322.592 -519.08 652.448 322.592 -549.677 652.448 9.27972
  poly 1: -544.601 652.444 9.27972 -487.339 578.445 9.27972 -484.693 577.481 28.7352 -487.183 580.761 29.2363 -483.75 579.51 54.4769 -480.638 575.41 53.8505 -478.342 572.794 56.6298 -475.768 571.856 75.5602 -477.206 574.159 79.0911 -480.317 578.259 79.7174 -476.884 577.009 104.958 -473.773 572.909 104.332 -471.477 570.292 107.111 -468.902 569.354 126.041 -470.34 571.658 129.572 -473.452 575.758 130.198 -470.019 574.507 155.439 -466.907 570.407 154.813 -464.611 567.791 157.592 -462.037 566.853 176.522 -463.475 569.157 180.053 -466.586 573.257 180.68 -463.153 572.006 205.92 -460.042 567.906 205.294 -457.746 565.289 208.073 -455.171 564.351 227.003 -456.609 566.655 230.534 -459.721 570.755 231.161 -456.288 569.505 256.401 -453.176 565.404 255.775 -450.88 562.788 258.554 -448.306 561.85 277.485 -449.744 564.154 281.015 -452.855 568.254 281.642 -449.422 567.003 306.882 -446.311 562.903 306.256 -444.015 560.287 309.035 -441.44 559.349 327.966 -442.878 561.652 331.497 -445.99 565.753 332.123 -442.557 564.502 357.363 -440.068 561.222 356.862 -437.698 560.358 374.283 -442.67 567.515 380.075 -453.811 580.684 370.352 -453.816 580.684 370.301 -468.287 597.797 357.717 -467.672 597.797 364.009 -469.113 599.936 366.205 -479.97 612.77 356.728 -482.148 614.909 351.374 -482.762 614.909 345.082 -497.243 632.022 332.396 -497.238 632.022 332.447 -514.514 652.444 317.368 -514.514 652.444 317.368 -544.601 652.444 9.27972
element 8
  poly 0: 504.17 619.167 326.77 489.987 605.563 337.798 484.662 605.563 338.002 498.846 619.167 326.974 504.17 619.167 326.77
  poly 1: 505.68 619.167 321.66 491.497 605.563 332.688 486.172 605.563 332.891 500.356 619.167 321.863 505.68 619.167 321.66
  poly 2: 475.803 591.959 348.826 461.62 578.354 359.854 456.295 578.354 360.057 470.479 591.959 349.029 475.803 591.959 348.826
  poly 3: 477.313 591.959 343.715 463.13 578.354 354.743 457.805 578.354 354.947 471.988 591.959 343.919 477.313 591.959 343.715
  poly 4: 447.436 564.75 370.881 433.253 551.146 381.909 427.928 551.146 382.113 442.111 564.75 371.085 447.436 564.75 370.881
  poly 5: 448.946 564.75 365.771 434.763 551.146 376.799 429.438 551.146 377.003 443.621 564.75 365.975 448.946 564.75 365.771
  poly 6: -488.292 597.175 381.697 -503.025 614.592 368.838 -497.971 614.592 368.644 -483.238 597.175 381.504 -488.292 597.175 381.697
  poly 7: -488.783 597.175 376.663 -503.516 614.592 363.804 -498.462 614.592 363.611 -483.729 597.175 376.47 -488.783 597.175 376.663
  poly 8: 398.489 517.802 408.938 419.069 537.541 392.937 424.394 537.541 392.733 523.679 632.772 315.538 518.354 632.772 315.742 530.94 644.843 305.957 526.282 652.444 300.277 -524.323 652.444 340.479 -529.008 645.308 346.158 -517.758 632.009 355.978 -522.812 632.009 356.172 -478.612 579.759 394.75 -473.558 579.759 394.557 -456.665 559.789 409.301 -456.665 559.789 409.301 -253.191 549.798 409.215 -253.031 553.079 406.681 -229.342 551.915 406.671 -229.542 547.815 409.839 -226.7 545.21 411.738 -208.934 544.337 411.73 -205.853 546.652 409.828 -205.653 550.752 406.661 -181.963 549.589 406.651 -182.163 545.489 409.818 -179.322 542.884 411.718 -161.555 542.011 411.71 -158.474 544.326 409.808 -158.274 548.426 406.641 -134.585 547.263 406.631 -134.785 543.163 409.798 -131.944 540.557 411.698 -114.177 539.685 411.69 -111.096 542 409.788 -110.896 546.1 406.621 -87.207 544.937 406.61 -87.4069 540.837 409.778 -84.5658 538.231 411.678 -66.7989 537.359 411.67 -63.7178 539.673 409.768 -63.5178 543.774 406.6 -39.8287 542.611 406.59 -40.0287 538.51 409.758 -37.1875 535.905 411.657 -19.4207 535.033 411.65 -16.3396 537.347 409.748 -16.1396 541.447 406.58 7.54951 540.284 406.57 7.34954 536.184 409.738 10.1907 533.579 411.637 27.9575 532.706 411.63 31.0387 535.021 409.728 31.2386 539.121 406.56 54.9277 537.958 406.55 54.7278 533.858 409.718 57.5689 531.252 411.617 75.3358 530.38 411.61 78.4169 532.695 409.708 78.6169 536.795 406.54 102.306 535.632 406.53 102.106 531.532 409.698 104.947 528.926 411.597 122.714 528.054 411.589 125.795 530.369 409.688 125.995 534.469 406.52 149.684 533.306 406.51 149.484 529.205 409.678 152.325 526.6 411.577 170.092 525.728 411.569 173.173 528.042 409.667 173.373 532.143 406.5 197.062 530.979 406.49 196.902 527.699 409.024 398.489 517.802 408.938 398.489 517.802 408.938
  poly 9: 394.831 517.952 403.91 415.254 537.541 388.031 425.904 537.541 387.623 525.189 632.772 310.428 514.539 632.772 310.836 527.129 644.847 301.047 522.471 652.448 295.367 -519.764 652.448 335.25 -524.449 645.312 340.929 -513.195 632.009 350.751 -523.303 632.009 351.138 -479.104 579.759 389.716 -468.996 579.759 389.33 -451.879 559.525 404.27 -451.879 559.525 404.27 -253.194 549.769 404.185 -253.193 549.802 404.16 -229.505 548.606 404.175 -229.705 544.506 407.343 -226.864 541.901 409.242 -209.097 541.028 409.235 -206.016 543.343 407.333 -205.816 547.443 404.165 -182.127 546.28 404.155 -182.327 542.18 407.323 -179.486 539.574 409.222 -161.719 538.702 409.215 -158.638 541.017 407.313 -158.438 545.117 404.145 -134.749 543.954 404.135 -134.949 539.854 407.303 -132.108 537.248 409.202 -114.341 536.376 409.194 -111.26 538.69 407.293 -111.06 542.791 404.125 -87.3705 541.627 404.115 -87.5705 537.527 407.282 -84.7293 534.922 409.182 -66.9625 534.05 409.174 -63.8814 536.364 407.272 -63.6814 540.464 404.105 -39.9923 539.301 404.095 -40.1922 535.201 407.262 -37.3511 532.596 409.162 -19.5842 531.723 409.154 -16.5031 534.038 407.252 -16.3031 538.138 404.085 7.38597 536.975 404.075 7.186 532.875 407.242 10.0272 530.269 409.142 27.794 529.397 409.134 30.8751 531.712 407.232 31.0751 535.812 404.064 54.7642 534.649 404.054 54.5642 530.549 407.222 57.4054 527.943 409.121 75.1722 527.071 409.114 78.2533 529.386 407.212 78.4533 533.486 404.044 102.142 532.323 404.034 101.942 528.222 407.202 104.784 525.617 409.101 122.55 524.745 409.094 125.632 527.059 407.192 125.832 531.159 404.024 149.521 529.996 404.014 149.321 525.896 407.182 152.162 523.291 409.081 169.929 522.418 409.074 173.01 524.733 407.172 173.21 528.833 404.004 196.901 527.703 403.969 196.899 527.67 403.994 394.831 517.952 403.91 394.831 517.952 403.91
element 9
  poly 0: 490.752 619.104 309.649 476.488 605.422 320.739 471.163 605.422 320.943 485.427 619.104 309.853 490.752 619.104 309.649
  poly 1: 492.262 619.104 304.539 477.998 605.422 315.629 472.673 605.422 315.833 486.937 619.104 304.742 492.262 619.104 304.539
  poly 2: 462.224 591.741 331.83 447.96 578.059 342.92 442.636 578.059 343.124 456.9 591.741 332.033 462.224 591.741 331.83
  poly 3: 463.734 591.741 326.719 449.47 578.059 337.81 444.146 578.059 338.013 458.409 591.741 326.923 463.734 591.741 326.719
  poly 4: 433.697 564.378 354.01 419.433 550.697 365.1 414.108 550.697 365.304 428.372 564.378 354.214 433.697 564.378 354.01
  poly 5: 435.206 564.378 348.9 420.943 550.697 359.99 415.618 550.697 360.194 429.882 564.378 349.104 435.206 564.378 348.9
  poly 6: -472.849 597.797 362.944 -487.325 614.909 350.309 -482.271 614.909 350.115 -467.795 597.797 362.75 -472.849 597.797 362.944
  poly 7: -473.34 597.797 357.91 -487.816 614.909 345.275 -482.762 614.909 345.082 -468.287 597.797 357.717 -473.34 597.797 357.91
  poly 8: 158.441 529.485 391.436 133.679 530.701 391.446 133.839 533.981 388.912 158.601 532.765 388.902 158.441 529.485 391.436
  poly 9: 158.278 526.176 388.94 133.515 527.391 388.951 133.675 530.672 386.416 158.438 529.456 386.406 158.278 526.176 388.94
  poly 10: 108.916 531.917 391.457 84.1536 533.132 391.467 84.3136 536.412 388.933 109.076 535.197 388.923 108.916 531.917 391.457
  poly 11: 108.753 528.607 388.961 83.9901 529.823 388.972 84.15 533.103 386.438 108.913 531.887 386.427 108.753 528.607 388.961
  poly 12: 59.391 534.348 391.478 34.6284 535.564 391.488 34.7883 538.844 388.954 59.551 537.628 388.944 59.391 534.348 391.478
  poly 13: 59.2274 531.039 388.982 34.4648 532.255 388.993 34.6248 535.535 386.459 59.3874 534.319 386.448 59.2274 531.039 388.982
  poly 14: 9.86576 536.78 391.499 -14.8969 537.996 391.509 -14.7369 541.276 388.975 10.0257 540.06 388.965 9.86576 536.78 391.499
  poly 15: 9.70221 533.471 389.003 -15.0604 534.686 389.014 -14.9004 537.966 386.48 9.86219 536.751 386.469 9.70221 533.471 389.003
  poly 16: -39.6595 539.211 391.52 -64.4221 540.427 391.53 -64.2621 543.707 388.996 -39.4995 542.492 388.986 -39.6595 539.211 391.52
  poly 17: -39.823 535.902 389.024 -64.5856 537.118 389.035 -64.4256 540.398 386.501 -39.663 539.182 386.49 -39.823 535.902 389.024
  poly 18: -89.1847 541.643 391.541 -113.947 542.859 391.551 -113.787 546.139 389.017 -89.0247 544.923 389.007 -89.1847 541.643 391.541
  poly 19: -89.3482 538.334 389.045 -114.111 539.55 389.056 -113.951 542.83 386.522 -89.1883 541.614 386.511 -89.3482 538.334 389.045
  poly 20: -138.71 544.075 391.562 -163.473 545.291 391.573 -163.313 548.571 389.038 -138.55 547.355 389.028 -138.71 544.075 391.562
  poly 21: -138.873 540.765 389.066 -163.636 541.981 389.077 -163.476 545.261 386.543 -138.713 544.046 386.532 -138.873 540.765 389.066
  poly 22: -188.235 546.506 391.583 -212.998 547.722 391.594 -212.838 551.002 389.059 -188.075 549.786 389.049 -188.235 546.506 391.583
  poly 23: -188.399 543.197 389.087 -213.161 544.413 389.098 -213.001 547.693 386.564 -188.239 546.477 386.553 -188.399 543.197 389.087
  poly 24: 385.685 518.327 391.339 405.169 537.015 376.191 410.494 537.015 375.987 510.341 632.785 298.355 505.016 632.785 298.559 517.601 644.857 288.773 512.944 652.457 283.093 -508.366 652.457 322.175 -513.051 645.322 327.854 -501.801 632.022 337.674 -506.855 632.022 337.867 -463.427 580.684 375.772 -458.373 580.684 375.579 -439.914 558.864 391.69 -439.914 558.864 391.69 -237.76 548.938 391.604 -237.92 545.658 394.138 183.044 524.989 393.959 183.204 528.269 391.425 385.685 518.327 391.339 385.685 518.327 391.339
  poly 25: 382.027 518.478 386.311 401.354 537.015 371.284 412.004 537.015 370.877 511.85 632.785 293.245 501.201 632.785 293.652 513.79 644.86 283.864 509.133 652.461 278.184 -503.807 652.461 316.945 -508.492 645.325 322.624 -497.238 632.022 332.447 -507.346 632.022 332.834 -463.918 580.684 370.739 -453.811 580.684 370.352 -435.129 558.599 386.658 -435.129 558.599 386.658 -237.764 548.909 386.574 -238.084 542.349 391.643 182.881 521.68 391.464 183.2 528.24 386.395 382.027 518.478 386.311 382.027 518.478 386.311
element 10
  poly 0: 500.878 498.256 9.27972 624.715 652.461 9.27972 538.882 652.461 299.782 538.882 652.461 299.782 518.354 632.772 315.742 519.864 632.772 310.632 505.68 619.167 321.66 503.793 619.167 328.047 500.888 617.467 333.259 490.25 607.264 341.53 489.609 605.563 339.075 491.497 605.563 332.688 477.313 591.959 343.715 475.426 591.959 350.103 472.521 590.258 355.314 461.883 580.055 363.585 461.242 578.354 361.131 463.13 578.354 354.743 448.946 564.75 365.771 447.059 564.75 372.159 444.153 563.049 377.37 433.516 552.846 385.641 432.875 551.146 383.187 434.763 551.146 376.799 420.579 537.541 387.827 419.069 537.541 392.937 406.56 525.543 402.663 402.08 517.904 397.063 407.463 516.833 375.934 407.488 516.866 375.939 413.351 515.662 352.823 410.232 511.562 352.236 409.096 508.956 348.994 413.513 508.077 331.661 416.12 510.391 329.124 419.24 514.491 329.711 425.128 513.32 306.599 422.009 509.22 306.012 420.873 506.614 302.771 425.289 505.735 285.437 427.897 508.049 282.901 431.016 512.149 283.487 436.904 510.978 260.376 433.785 506.878 259.789 432.65 504.272 256.548 437.066 503.393 239.214 439.673 505.707 236.677 442.793 509.807 237.264 448.681 508.636 214.152 445.562 504.536 213.565 444.426 501.93 210.324 448.842 501.051 192.991 451.45 503.365 190.454 454.569 507.465 191.041 460.458 506.294 167.929 457.338 502.194 167.342 456.203 499.588 164.101 460.619 498.709 146.767 463.227 501.023 144.23 466.346 505.123 144.817 472.234 503.952 121.706 469.115 499.852 121.119 467.979 497.246 117.878 472.396 496.367 100.544 475.003 498.681 98.007 478.122 502.781 98.594 484.011 501.61 75.4823 480.891 497.51 74.8953 479.756 494.904 71.6542 484.172 494.025 54.3204 486.78 496.339 51.7836 489.899 500.439 52.3706 495.812 499.301 29.2636 495.787 499.268 29.2589 500.878 498.256 9.27972
  poly 1: 495.687 498.348 9.27972 619.447 652.457 9.27972 535.063 652.457 294.878 535.063 652.457 294.878 514.539 632.772 310.836 514.554 632.772 310.784 500.356 619.167 321.863 498.468 619.167 328.251 495.563 617.467 333.462 484.925 607.264 341.733 484.285 605.563 339.279 486.172 605.563 332.891 471.988 591.959 343.919 470.101 591.959 350.307 467.196 590.258 355.518 456.558 580.055 363.789 455.918 578.354 361.335 457.805 578.354 354.947 443.621 564.75 365.975 441.734 564.75 372.363 438.829 563.049 377.574 428.191 552.846 385.845 427.55 551.146 383.391 429.438 551.146 377.003 415.269 537.541 387.979 415.254 537.541 388.031 402.588 525.393 397.878 398.108 517.754 392.278 402.589 516.862 374.691 405.085 520.143 375.161 410.973 518.972 352.049 407.854 514.871 351.462 406.718 512.265 348.221 411.134 511.387 330.887 413.742 513.7 328.35 416.861 517.801 328.937 422.749 516.63 305.826 419.63 512.529 305.239 418.495 509.923 301.997 422.911 509.045 284.664 425.518 511.358 282.127 428.638 515.459 282.714 434.526 514.288 259.602 431.407 510.187 259.015 430.271 507.581 255.774 434.687 506.703 238.44 437.295 509.016 235.904 440.414 513.116 236.49 446.303 511.945 213.379 443.183 507.845 212.792 442.048 505.239 209.551 446.464 504.361 192.217 449.072 506.674 189.68 452.191 510.774 190.267 458.079 509.603 167.155 454.96 505.503 166.568 453.824 502.897 163.327 458.241 502.019 145.994 460.848 504.332 143.457 463.967 508.432 144.044 469.856 507.261 120.932 466.737 503.161 120.345 465.601 500.555 117.104 470.017 499.677 99.7701 472.625 501.99 97.2334 475.744 506.09 97.8203 481.632 504.919 74.7086 478.513 500.819 74.1217 477.378 498.213 70.8805 481.794 497.335 53.5468 484.401 499.648 51.01 487.521 503.748 51.5969 493.409 502.577 28.4853 490.914 499.297 28.0157 495.687 498.348 9.27972
element 11
  poly 0: 468.687 497.591 54.058 462.249 498.871 79.3266 464.745 502.151 79.7962 471.183 500.871 54.5275 468.687 497.591 54.058
  poly 1: 466.309 500.9 53.2843 459.871 502.181 78.553 462.366 505.461 79.0225 468.804 504.18 53.7539 466.309 500.9 53.2843
  poly 2: 455.812 500.152 104.595 449.374 501.432 129.864 451.869 504.712 130.333 458.307 503.432 105.065 455.812 500.152 104.595
  poly 3: 453.433 503.461 103.822 446.995 504.741 129.09 449.491 508.021 129.56 455.929 506.741 104.291 453.433 503.461 103.822
  poly 4: 442.936 502.712 155.133 436.498 503.992 180.401 438.994 507.273 180.871 445.431 505.992 155.602 442.936 502.712 155.133
  poly 5: 440.558 506.021 154.359 434.12 507.302 179.628 436.615 510.582 180.097 443.053 509.302 154.828 440.558 506.021 154.359
  poly 6: 430.06 505.273 205.67 423.622 506.553 230.938 426.118 509.833 231.408 432.556 508.553 206.139 430.06 505.273 205.67
  poly 7: 427.682 508.582 204.896 421.244 509.862 230.165 423.739 513.142 230.634 430.177 511.862 205.366 427.682 508.582 204.896
  poly 8: 417.185 507.833 256.207 410.747 509.114 281.476 413.242 512.394 281.945 419.68 511.113 256.677 417.185 507.833 256.207
  poly 9: 414.806 511.143 255.434 408.368 512.423 280.702 410.864 515.703 281.172 417.302 514.423 255.903 414.806 511.143 255.434
  poly 10: 404.309 510.394 306.744 397.871 511.674 332.013 400.367 514.954 332.483 406.804 513.674 307.214 404.309 510.394 306.744
  poly 11: 401.931 513.703 305.971 395.493 514.984 331.239 397.988 518.264 331.709 404.426 516.983 306.44 401.931 513.703 305.971
  poly 12: 482.711 498.578 9.27972 606.278 652.448 9.27972 525.516 652.448 282.62 525.516 652.448 282.62 505.016 632.785 298.559 506.526 632.785 293.448 492.262 619.104 304.539 490.374 619.104 310.927 487.459 617.393 316.145 476.761 607.132 324.463 476.111 605.422 322.017 477.998 605.422 315.629 463.734 591.741 326.719 461.847 591.741 333.107 458.931 590.031 338.326 448.233 579.77 346.644 447.583 578.059 344.197 449.47 578.059 337.81 435.206 564.378 348.9 433.319 564.378 355.288 430.404 562.668 360.507 419.706 552.407 368.824 419.055 550.697 366.378 420.943 550.697 359.99 406.679 537.015 371.08 405.169 537.015 376.191 392.66 525.017 385.917 388.18 517.378 380.316 393.929 516.235 357.751 388.938 509.674 356.812 472.63 493.031 28.3197 477.621 499.591 29.2589 482.711 498.578 9.27972
  poly 13: 477.52 498.671 9.27972 601.011 652.444 9.27972 521.697 652.444 277.716 521.697 652.444 277.716 501.201 632.785 293.652 501.216 632.785 293.601 486.937 619.104 304.742 485.05 619.104 311.13 482.134 617.393 316.349 471.436 607.132 324.667 470.786 605.422 322.221 472.673 605.422 315.833 458.409 591.741 326.923 456.522 591.741 333.311 453.607 590.031 338.53 442.909 579.77 346.848 442.258 578.059 344.401 444.146 578.059 338.013 429.882 564.378 349.104 427.994 564.378 355.491 425.079 562.668 360.71 414.381 552.407 369.028 413.731 550.697 366.582 415.618 550.697 360.194 401.369 537.015 371.233 401.354 537.015 371.284 388.688 524.867 381.132 384.208 517.228 375.531 389.055 516.264 356.508 386.56 512.984 356.039 470.251 496.34 27.5461 472.747 499.62 28.0157 477.52 498.671 9.27972
element 12
  poly 0: -510.182 578.464 9.27972 -625.555 427.276 9.27972 -574.099 427.276 305.319 -574.099 427.276 305.319 -555.542 447.904 321.516 -556.418 447.904 316.477 -540.02 466.133 330.789 -538.925 466.133 337.089 -536.218 468.411 342.658 -523.92 482.083 353.392 -522.527 484.361 351.402 -523.622 484.361 345.102 -507.224 502.59 359.415 -506.129 502.59 365.714 -503.422 504.868 371.283 -491.124 518.54 382.018 -489.731 520.818 380.027 -490.826 520.818 373.727 -474.428 539.047 388.04 -473.552 539.047 393.08 -462.102 551.774 403.073 -457.336 559.21 397.849 -460.3 560.29 376.056 -460.325 560.257 376.058 -463.443 561.435 352.947 -460.324 565.572 352.728 -458.846 568.197 349.707 -461.203 569.056 332.375 -463.467 566.717 329.618 -466.586 562.58 329.837 -469.729 563.725 306.727 -466.61 567.862 306.508 -465.132 570.487 303.488 -467.489 571.346 286.156 -469.753 569.007 283.399 -472.872 564.871 283.618 -476.015 566.016 260.508 -472.896 570.152 260.289 -471.418 572.777 257.269 -473.775 573.636 239.936 -476.039 571.297 237.179 -479.158 567.161 237.398 -482.301 568.306 214.289 -479.182 572.442 214.07 -477.704 575.068 211.049 -480.061 575.926 193.717 -482.325 573.588 190.96 -485.443 569.451 191.179 -488.586 570.596 168.07 -485.468 574.733 167.85 -483.99 577.358 164.83 -486.347 578.217 147.498 -488.611 575.878 144.741 -491.729 571.741 144.96 -494.872 572.886 121.85 -491.754 577.023 121.631 -490.275 579.648 118.611 -492.633 580.507 101.279 -494.897 578.168 98.5214 -498.015 574.031 98.7406 -501.158 575.176 75.6309 -498.04 579.313 75.4118 -496.561 581.938 72.3916 -498.919 582.797 55.0593 -501.183 580.458 52.3021 -504.301 576.322 52.5213 -507.469 577.434 29.4134 -507.444 577.467 29.4116 -510.182 578.464 9.27972
  poly 1: -505.106 578.46 9.27972 -620.416 427.354 9.27972 -569.793 427.354 300.528 -569.793 427.354 300.528 -551.306 447.904 316.663 -551.315 447.904 316.613 -534.908 466.133 330.976 -533.813 466.133 337.276 -531.107 468.411 342.844 -518.808 482.083 353.579 -517.415 484.361 351.588 -518.51 484.361 345.289 -502.112 502.59 359.601 -501.017 502.59 365.901 -498.31 504.868 371.47 -486.012 518.54 382.205 -484.619 520.818 380.214 -485.714 520.818 373.914 -469.325 539.047 388.176 -469.316 539.047 388.227 -457.662 552.002 398.399 -452.896 559.438 393.175 -455.316 560.319 375.38 -457.811 557.01 375.555 -460.954 558.155 352.446 -457.835 562.292 352.226 -456.357 564.917 349.206 -458.714 565.776 331.874 -460.978 563.437 329.117 -464.097 559.3 329.336 -467.239 560.445 306.226 -464.121 564.582 306.007 -462.643 567.207 302.987 -465 568.066 285.655 -467.264 565.727 282.898 -470.382 561.59 283.117 -473.525 562.736 260.007 -470.407 566.872 259.788 -468.928 569.497 256.768 -471.286 570.356 239.435 -473.55 568.017 236.678 -476.668 563.881 236.897 -479.811 565.026 213.788 -476.693 569.162 213.569 -475.214 571.787 210.548 -477.572 572.646 193.216 -479.836 570.307 190.459 -482.954 566.171 190.678 -486.097 567.316 167.568 -482.979 571.453 167.349 -481.5 574.078 164.329 -483.857 574.936 146.997 -486.122 572.598 144.24 -489.24 568.461 144.459 -492.383 569.606 121.349 -489.264 573.743 121.13 -487.786 576.368 118.11 -490.143 577.227 100.778 -492.407 574.888 98.0203 -495.526 570.751 98.2395 -498.669 571.896 75.1299 -495.55 576.033 74.9107 -494.072 578.658 71.8905 -496.429 579.517 54.5583 -498.693 577.178 51.801 -501.812 573.041 52.0202 -504.955 574.187 28.9106 -502.46 577.496 28.7352 -505.106 578.46 9.27972
element 13
  poly 0: -483.75 579.51 54.4769 -480.317 578.259 79.7174 -482.812 574.95 79.8927 -486.245 576.201 54.6522 -483.75 579.51 54.4769
  poly 1: -481.261 576.23 53.9758 -477.828 574.979 79.2163 -480.323 571.67 79.3917 -483.756 572.921 54.1511 -481.261 576.23 53.9758
  poly 2: -476.884 577.009 104.958 -473.452 575.758 130.198 -475.947 572.449 130.374 -479.379 573.699 105.133 -476.884 577.009 104.958
  poly 3: -474.395 573.729 104.457 -470.962 572.478 129.697 -473.457 569.169 129.873 -476.89 570.419 104.632 -474.395 573.729 104.457
  poly 4: -470.019 574.507 155.439 -466.586 573.257 180.68 -469.081 569.947 180.855 -472.514 571.198 155.614 -470.019 574.507 155.439
  poly 5: -467.53 571.227 154.938 -464.097 569.977 180.179 -466.592 566.667 180.354 -470.025 567.918 155.113 -467.53 571.227 154.938
  poly 6: -463.153 572.006 205.92 -459.721 570.755 231.161 -462.216 567.446 231.336 -465.648 568.697 206.095 -463.153 572.006 205.92
  poly 7: -460.664 568.726 205.419 -457.231 567.475 230.66 -459.726 564.166 230.835 -463.159 565.417 205.594 -460.664 568.726 205.419
  poly 8: -456.288 569.505 256.401 -452.855 568.254 281.642 -455.35 564.945 281.817 -458.783 566.195 256.577 -456.288 569.505 256.401
  poly 9: -453.799 566.224 255.9 -450.366 564.974 281.141 -452.861 561.664 281.316 -456.294 562.915 256.075 -453.799 566.224 255.9
  poly 10: -449.422 567.003 306.882 -445.99 565.753 332.123 -448.485 562.443 332.298 -451.917 563.694 307.058 -449.422 567.003 306.882
  poly 11: -446.933 563.723 306.381 -443.5 562.472 331.622 -445.995 559.163 331.797 -449.428 560.414 306.557 -446.933 563.723 306.381
  poly 12: -492.416 578.449 9.27972 -607.567 427.551 9.27972 -559.026 427.551 288.549 -559.026 427.551 288.549 -540.964 447.629 304.314 -541.84 447.629 299.275 -525.249 466.072 313.756 -524.154 466.072 320.055 -521.424 468.377 325.645 -508.981 482.209 336.506 -507.564 484.514 334.536 -508.659 484.514 328.236 -492.068 502.957 342.717 -490.973 502.957 349.017 -488.242 505.262 354.607 -475.799 519.094 365.468 -474.382 521.4 363.498 -475.477 521.4 357.198 -458.886 539.842 371.679 -458.01 539.842 376.719 -446.561 552.57 386.712 -441.795 560.006 381.488 -445.052 561.193 357.539 -440.062 567.811 357.188 -484.688 584.07 29.061 -489.678 577.452 29.4116 -492.416 578.449 9.27972
  poly 13: -487.339 578.445 9.27972 -602.428 427.63 9.27972 -554.719 427.63 283.758 -554.719 427.63 283.758 -536.728 447.629 299.461 -536.737 447.629 299.411 -520.138 466.072 313.942 -519.043 466.072 320.242 -516.312 468.377 325.832 -503.869 482.209 336.692 -502.452 484.514 334.723 -503.547 484.514 328.423 -486.956 502.957 342.904 -485.861 502.957 349.204 -483.13 505.262 354.794 -470.687 519.094 365.654 -469.27 521.4 363.685 -470.365 521.4 357.385 -453.783 539.842 371.815 -453.775 539.842 371.866 -442.121 552.797 382.038 -437.354 560.233 376.813 -440.068 561.222 356.862 -437.573 564.531 356.687 -482.199 580.79 28.5599 -484.693 577.481 28.7352 -487.339 578.445 9.27972
element 14
  poly 0: 433.619 480.98 382.518 448.862 464.486 370.666 443.783 464.486 370.481 428.539 480.98 382.333 433.619 480.98 382.518
  poly 1: 434.691 480.98 377.55 449.934 464.486 365.698 444.855 464.486 365.512 429.611 480.98 377.364 434.691 480.98 377.55
  poly 2: -229.502 548.635 409.205 -205.813 547.472 409.195 -205.976 544.163 406.699 -229.665 545.326 406.709 -229.502 548.635 409.205
  poly 3: -229.342 551.915 406.671 -205.653 550.752 406.661 -205.816 547.443 404.165 -229.505 548.606 404.175 -229.342 551.915 406.671
  poly 4: -182.123 546.309 409.185 -158.434 545.146 409.175 -158.598 541.837 406.679 -182.287 543 406.689 -182.123 546.309 409.185
  poly 5: -181.963 549.589 406.651 -158.274 548.426 406.641 -158.438 545.117 404.145 -182.127 546.28 404.155 -181.963 549.589 406.651
  poly 6: -134.745 543.983 409.165 -111.056 542.82 409.155 -111.22 539.51 406.659 -134.909 540.674 406.669 -134.745 543.983 409.165
  poly 7: -134.585 547.263 406.631 -110.896 546.1 406.621 -111.06 542.791 404.125 -134.749 543.954 404.135 -134.585 547.263 406.631
  poly 8: -87.3669 541.657 409.145 -63.6778 540.494 409.135 -63.8414 537.184 406.639 -87.5305 538.347 406.649 -87.3669 541.657 409.145
  poly 9: -87.207 544.937 406.61 -63.5178 543.774 406.6 -63.6814 540.464 404.105 -87.3705 541.627 404.115 -87.207 544.937 406.61
  poly 10: -39.9887 539.33 409.125 -16.2996 538.167 409.114 -16.4631 534.858 406.619 -40.1522 536.021 406.629 -39.9887 539.33 409.125
  poly 11: -39.8287 542.611 406.59 -16.1396 541.447 406.58 -16.3031 538.138 404.085 -39.9923 539.301 404.095 -39.8287 542.611 406.59
  poly 12: 7.38954 537.004 409.104 31.0787 535.841 409.094 30.9151 532.532 406.599 7.22599 533.695 406.609 7.38954 537.004 409.104
  poly 13: 7.54951 540.284 406.57 31.2386 539.121 406.56 31.0751 535.812 404.064 7.38597 536.975 404.075 7.54951 540.284 406.57
  poly 14: 54.7678 534.678 409.084 78.4569 533.515 409.074 78.2933 530.206 406.579 54.6042 531.369 406.589 54.7678 534.678 409.084
  poly 15: 54.9277 537.958 406.55 78.6169 536.795 406.54 78.4533 533.486 404.044 54.7642 534.649 404.054 54.9277 537.958 406.55
  poly 16: 102.146 532.352 409.064 125.835 531.189 409.054 125.672 527.879 406.558 101.982 529.042 406.568 102.146 532.352 409.064
  poly 17: 102.306 535.632 406.53 125.995 534.469 406.52 125.832 531.159 404.024 102.142 532.323 404.034 102.306 535.632 406.53
  poly 18: 149.524 530.026 409.044 173.213 528.862 409.034 173.05 525.553 406.538 149.361 526.716 406.548 149.524 530.026 409.044
  poly 19: 149.684 533.306 406.51 173.373 532.143 406.5 173.21 528.833 404.004 149.521 529.996 404.014 149.684 533.306 406.51
  poly 20: -539.144 466.133 335.829 -522.746 484.361 350.142 -517.634 484.361 350.328 -534.032 466.133 336.016 -539.144 466.133 335.829
  poly 21: -540.02 466.133 330.789 -523.622 484.361 345.102 -518.51 484.361 345.289 -534.908 466.133 330.976 -540.02 466.133 330.789
  poly 22: -506.348 502.59 364.454 -489.95 520.818 378.767 -484.838 520.818 378.954 -501.236 502.59 364.641 -506.348 502.59 364.454
  poly 23: -507.224 502.59 359.415 -490.826 520.818 373.727 -485.714 520.818 373.914 -502.112 502.59 359.601 -507.224 502.59 359.415
  poly 24: 476.075 435.042 349.508 464.106 447.993 358.814 469.185 447.993 359 423.455 497.473 394.556 418.375 497.473 394.37 399.639 517.745 408.938 399.639 517.745 408.938 196.902 527.699 409.024 197.066 531.009 411.52 -253.027 553.108 411.711 -253.191 549.798 409.215 -454.968 559.706 409.301 -454.968 559.706 409.301 -473.552 539.047 393.08 -478.664 539.047 392.893 -560.654 447.904 321.33 -555.542 447.904 321.516 -567.059 435.102 311.464 -562.15 427.63 306.022 471.521 427.63 343.765 476.075 435.042 349.508
  poly 25: 472.14 434.963 344.298 460.098 447.993 353.66 470.258 447.993 354.031 424.527 497.473 389.587 414.368 497.473 389.216 395.47 517.92 403.91 395.47 517.92 403.91 196.899 527.67 403.994 197.226 534.289 408.985 -252.867 556.388 409.177 -253.194 549.769 404.185 -450.936 559.478 404.269 -450.936 559.478 404.269 -469.316 539.047 388.227 -479.54 539.047 387.854 -561.53 447.904 316.29 -551.306 447.904 316.663 -562.893 435.024 306.55 -557.985 427.551 301.107 467.586 427.551 338.555 472.14 434.963 344.298
element 15
  poly 0: 420.056 480.479 364.119 435.195 464.098 352.348 430.116 464.098 352.163 414.976 480.479 363.934 420.056 480.479 364.119
  poly 1: 421.128 480.479 359.151 436.267 464.098 347.38 431.188 464.098 347.194 416.049 480.479 358.965 421.128 480.479 359.151
  poly 2: -524.373 466.072 318.795 -507.783 484.514 333.276 -502.671 484.514 333.463 -519.262 466.072 318.982 -524.373 466.072 318.795
  poly 3: -525.249 466.072 313.756 -508.659 484.514 328.236 -503.547 484.514 328.423 -520.138 466.072 313.942 -525.249 466.072 313.756
  poly 4: -491.192 502.957 347.757 -474.601 521.4 362.238 -469.489 521.4 362.425 -486.08 502.957 347.944 -491.192 502.957 347.757
  poly 5: -492.068 502.957 342.717 -475.477 521.4 357.198 -470.365 521.4 357.385 -486.956 502.957 342.904 -492.068 502.957 342.717
  poly 6: 462.304 434.767 331.271 450.335 447.717 340.577 455.414 447.717 340.763 409.996 496.859 376.076 404.917 496.859 375.89 385.046 518.359 391.34 385.046 518.359 391.34 183.204 528.269 391.425 183.04 524.96 388.93 158.278 526.176 388.94 158.482 530.312 392.06 155.51 532.946 393.933 136.938 533.858 393.941 133.72 531.528 392.07 133.515 527.391 388.951 108.753 528.607 388.961 108.957 532.744 392.081 105.984 535.378 393.954 87.4125 536.29 393.962 84.1945 533.96 392.091 83.9901 529.823 388.972 59.2274 531.039 388.982 59.4319 535.176 392.102 56.4592 537.809 393.975 37.8872 538.721 393.983 34.6693 536.391 392.112 34.4648 532.255 388.993 9.70221 533.471 389.003 9.90664 537.607 392.123 6.93397 540.241 393.996 -11.638 541.153 394.004 -14.856 538.823 392.133 -15.0604 534.686 389.014 -39.823 535.902 389.024 -39.6186 540.039 392.144 -42.5913 542.673 394.017 -61.1632 543.585 394.025 -64.3812 541.255 392.154 -64.5856 537.118 389.035 -89.3482 538.334 389.045 -89.1438 542.47 392.165 -92.1165 545.104 394.038 -110.688 546.016 394.046 -113.906 543.686 392.175 -114.111 539.55 389.056 -138.873 540.765 389.066 -138.669 544.902 392.186 -141.642 547.536 394.059 -160.214 548.448 394.067 -163.432 546.118 392.196 -163.636 541.981 389.077 -188.399 543.197 389.087 -188.194 547.334 392.207 -191.167 549.968 394.08 -209.739 550.88 394.088 -212.957 548.55 392.217 -213.161 544.413 389.098 -237.924 545.629 389.108 -237.76 548.938 391.604 -440.858 558.91 391.69 -440.858 558.91 391.69 -458.01 539.842 376.719 -463.122 539.842 376.532 -546.076 447.629 304.128 -540.964 447.629 304.314 -552.481 434.827 294.263 -547.572 427.354 288.82 457.749 427.354 325.528 462.304 434.767 331.271
  poly 7: 458.369 434.688 326.061 446.327 447.717 335.423 456.486 447.717 335.794 411.069 496.859 371.107 400.909 496.859 370.736 380.877 518.534 386.312 380.877 518.534 386.312 183.2 528.24 386.395 183.199 528.207 386.37 158.438 529.456 386.406 158.642 533.592 389.526 155.67 536.226 391.399 137.098 537.138 391.407 133.88 534.808 389.536 133.675 530.672 386.416 108.913 531.887 386.427 109.117 536.024 389.547 106.144 538.658 391.42 87.5724 539.57 391.428 84.3545 537.24 389.557 84.15 533.103 386.438 59.3874 534.319 386.448 59.5918 538.456 389.568 56.6192 541.09 391.441 38.0472 542.001 391.449 34.8292 539.671 389.578 34.6248 535.535 386.459 9.86219 536.751 386.469 10.0666 540.887 389.589 7.09395 543.521 391.462 -11.478 544.433 391.47 -14.696 542.103 389.599 -14.9004 537.966 386.48 -39.663 539.182 386.49 -39.4586 543.319 389.61 -42.4313 545.953 391.483 -61.0032 546.865 391.491 -64.2212 544.535 389.62 -64.4256 540.398 386.501 -89.1883 541.614 386.511 -88.9838 545.751 389.631 -91.9565 548.384 391.504 -110.528 549.296 391.512 -113.746 546.966 389.641 -113.951 542.83 386.522 -138.713 544.046 386.532 -138.509 548.182 389.652 -141.482 550.816 391.525 -160.054 551.728 391.533 -163.272 549.398 389.662 -163.476 545.261 386.543 -188.239 546.477 386.553 -188.034 550.614 389.673 -191.007 553.248 391.546 -209.579 554.16 391.554 -212.797 551.83 389.683 -213.001 547.693 386.564 -237.766 548.876 386.549 -237.764 548.909 386.574 -436.826 558.683 386.659 -436.826 558.683 386.659 -453.775 539.842 371.866 -463.998 539.842 371.492 -546.952 447.629 299.088 -536.728 447.629 299.461 -548.315 434.748 289.348 -543.407 427.276 283.905 453.815 427.276 320.318 458.369 434.688 326.061
element 16
  poly 0: 410.973 518.972 352.049 416.861 517.801 328.937 419.24 514.491 329.711 413.351 515.662 352.823 410.973 518.972 352.049
  poly 1: 408.477 515.691 351.579 414.366 514.52 328.468 416.744 511.211 329.241 410.856 512.382 352.353 408.477 515.691 351.579
  poly 2: 422.749 516.63 305.826 428.638 515.459 282.714 431.016 512.149 283.487 425.128 513.32 306.599 422.749 516.63 305.826
  poly 3: 420.254 513.349 305.356 426.142 512.178 282.244 428.521 508.869 283.018 422.632 510.04 306.13 420.254 513.349 305.356
  poly 4: 434.526 514.288 259.602 440.414 513.116 236.49 442.793 509.807 237.264 436.904 510.978 260.376 434.526 514.288 259.602
  poly 5: 432.031 511.007 259.133 437.919 509.836 236.021 440.297 506.527 236.795 434.409 507.698 259.906 432.031 511.007 259.133
  poly 6: 446.303 511.945 213.379 452.191 510.774 190.267 454.569 507.465 191.041 448.681 508.636 214.152 446.303 511.945 213.379
  poly 7: 443.807 508.665 212.909 449.696 507.494 189.798 452.074 504.185 190.571 446.186 505.356 213.683 443.807 508.665 212.909
  poly 8: 458.079 509.603 167.155 463.967 508.432 144.044 466.346 505.123 144.817 460.458 506.294 167.929 458.079 509.603 167.155
  poly 9: 455.584 506.323 166.686 461.472 505.152 143.574 463.85 501.843 144.348 457.962 503.014 167.459 455.584 506.323 166.686
  poly 10: 469.856 507.261 120.932 475.744 506.09 97.8203 478.122 502.781 98.594 472.234 503.952 121.706 469.856 507.261 120.932
  poly 11: 467.36 503.981 120.462 473.249 502.81 97.3508 475.627 499.501 98.1244 469.739 500.672 121.236 467.36 503.981 120.462
  poly 12: 481.632 504.919 74.7086 487.521 503.748 51.5969 489.899 500.439 52.3706 484.011 501.61 75.4823 481.632 504.919 74.7086
  poly 13: 479.137 501.639 74.2391 485.025 500.468 51.1274 487.404 497.159 51.901 481.515 498.33 75.0127 479.137 501.639 74.2391
  poly 14: 555.471 427.276 9.27972 500.878 498.256 9.27972 495.787 499.268 29.2589 491.031 505.887 27.7116 402.706 523.452 374.387 407.463 516.833 375.934 401.941 517.931 397.608 406.289 510.551 403.768 418.375 497.473 394.37 419.447 497.473 389.402 434.691 480.98 377.55 433.351 480.98 383.761 434.452 478.918 386.006 445.885 466.548 377.117 448.594 464.486 371.909 449.934 464.486 365.698 465.178 447.993 353.846 464.106 447.993 358.814 483.253 427.276 343.927 483.253 427.276 343.927 555.471 427.276 9.27972
  poly 15: 550.291 427.354 9.27972 495.687 498.348 9.27972 490.914 499.297 28.0157 488.535 502.607 27.2421 400.211 520.172 373.917 402.589 516.862 374.691 398.096 517.756 392.327 402.443 510.375 398.488 414.368 497.473 389.216 414.379 497.473 389.167 429.611 480.98 377.364 428.271 480.98 383.575 429.372 478.918 385.82 440.805 466.548 376.931 443.515 464.486 371.723 444.855 464.486 365.512 460.109 447.993 353.611 460.098 447.993 353.66 479.173 427.354 338.83 479.173 427.354 338.83 550.291 427.354 9.27972
element 17
  poly 0: 537.341 427.551 9.27972 482.711 498.578 9.27972 477.621 499.591 29.2589 477.644 499.558 29.2666 471.183 500.871 54.5275 468.21 505.008 53.5605 465.621 507.65 56.1389 460.793 508.61 75.0903 461.772 506.288 78.8291 464.745 502.151 79.7962 458.307 503.432 105.065 455.334 507.568 104.098 452.746 510.21 106.676 447.917 511.17 125.628 448.896 508.849 129.366 451.869 504.712 130.333 445.431 505.992 155.602 442.458 510.129 154.635 439.87 512.771 157.213 435.042 513.731 176.165 436.021 511.409 179.904 438.994 507.273 180.871 432.556 508.553 206.139 429.583 512.689 205.172 426.994 515.331 207.751 422.166 516.292 226.702 423.145 513.97 230.441 426.118 509.833 231.408 419.68 511.113 256.677 416.707 515.25 255.71 414.119 517.892 258.288 409.29 518.852 277.24 410.269 516.53 280.978 413.242 512.394 281.945 406.804 513.674 307.214 403.831 517.811 306.247 401.243 520.453 308.825 396.415 521.413 327.777 397.394 519.091 331.516 400.367 514.954 332.483 393.952 516.202 357.759 393.929 516.235 357.751 388.483 517.318 379.127 392.83 509.937 385.288 404.917 496.859 375.89 405.989 496.859 370.922 421.128 480.479 359.151 419.788 480.479 365.361 420.876 478.431 367.616 432.231 466.146 358.788 434.927 464.098 353.59 436.267 464.098 347.38 451.407 447.717 335.609 450.335 447.717 340.577 468.973 427.551 326.086 468.973 427.551 326.086 537.341 427.551 9.27972
  poly 1: 532.161 427.63 9.27972 477.52 498.671 9.27972 472.747 499.62 28.0157 475.125 496.311 28.7893 468.687 497.591 54.058 465.714 501.728 53.0909 463.126 504.37 55.6693 458.297 505.33 74.6208 459.276 503.008 78.3596 462.249 498.871 79.3266 455.812 500.152 104.595 452.839 504.288 103.628 450.25 506.93 106.207 445.422 507.89 125.158 446.401 505.568 128.897 449.374 501.432 129.864 442.936 502.712 155.133 439.963 506.849 154.166 437.374 509.491 156.744 432.546 510.451 175.695 433.525 508.129 179.434 436.498 503.992 180.401 430.06 505.273 205.67 427.087 509.409 204.703 424.499 512.051 207.281 419.67 513.012 226.233 420.649 510.69 229.971 423.622 506.553 230.938 417.185 507.833 256.207 414.212 511.97 255.24 411.623 514.612 257.818 406.795 515.572 276.77 407.774 513.25 280.509 410.747 509.114 281.476 404.309 510.394 306.744 401.336 514.531 305.777 398.747 517.173 308.356 393.919 518.133 327.307 394.898 515.811 331.046 397.871 511.674 332.013 391.433 512.954 357.282 389.055 516.264 356.508 384.637 517.142 373.847 388.985 509.761 380.008 400.909 496.859 370.736 400.92 496.859 370.686 416.049 480.479 358.965 414.708 480.479 365.176 415.797 478.431 367.431 427.151 466.146 358.603 429.848 464.098 353.405 431.188 464.098 347.194 446.338 447.717 335.374 446.327 447.717 335.423 464.893 427.63 320.988 464.893 427.63 320.988 532.161 427.63 9.27972
