element 0
  poly 0: -484.234 -615.943 -175.757 -554.116 -503.388 -133.984 -608.067 -507.092 -186.321 -575.836 -573.104 -218.753 -484.234 -615.943 -175.757
  poly 1: -474.549 -603.57 -188.131 -543.034 -493.267 -147.193 -595.906 -496.897 -198.484 -564.32 -561.589 -230.266 -474.549 -603.57 -188.131
element 1
  poly 0: -73.8393 -702.701 -89.0399 -156.223 -593.271 -6.32006 -299.837 -584.039 -41.8883 -363.441 -657.408 -134.348 -73.8393 -702.701 -89.0399
  poly 1: -72.3626 -688.593 -103.148 -153.099 -581.352 -22.0824 -293.84 -572.304 -56.9393 -356.173 -644.206 -147.55 -72.3626 -688.593 -103.148
element 2
  poly 0: 351.599 -659.489 -132.275 302.889 -585.057 -44.6755 152.545 -594.331 -7.12109 76.2454 -702.69 -89.0319 351.599 -659.489 -132.275
  poly 1: 344.567 -646.246 -145.518 296.831 -573.303 -59.6707 149.494 -582.391 -22.8674 74.7206 -688.583 -103.14 344.567 -646.246 -145.518
element 3
  poly 0: 576.148 -573.467 -218.422 609.676 -502.13 -184.754 550.24 -495.547 -125.552 505.935 -606.611 -185.052 576.148 -573.467 -218.422
  poly 1: 564.625 -561.944 -229.942 597.483 -492.033 -196.948 539.235 -485.582 -138.929 495.816 -594.425 -197.24 564.625 -561.944 -229.942
element 4
  poly 0: -363.228 -657.162 -134.038 -299.837 -584.039 -41.8883 -388.994 -433.531 16.5342 -526.609 -431.025 -63.8407 -554.116 -503.388 -133.984 -484.072 -616.204 -175.854 -363.228 -657.162 -134.038
  poly 1: -355.964 -643.965 -147.246 -293.84 -572.304 -56.9393 -381.214 -424.807 0.314798 -516.076 -422.35 -78.4526 -543.034 -493.267 -147.193 -474.39 -603.826 -188.226 -355.964 -643.965 -147.246
element 5
  poly 0: 76.2366 -702.702 -89.0413 152.545 -594.331 -7.12109 83.156 -489.797 71.8984 -83.2533 -489.797 71.8984 -156.223 -593.271 -6.32006 -73.838 -702.702 -89.0413 76.2366 -702.702 -89.0413
  poly 1: 74.712 -688.595 -103.149 149.494 -582.391 -22.8674 81.4929 -479.948 54.5717 -81.5883 -479.948 54.5717 -153.099 -581.352 -22.0824 -72.3613 -688.595 -103.149 74.712 -688.595 -103.149
element 6
  poly 0: 505.713 -607.167 -185.351 550.24 -495.547 -125.552 524.07 -443.979 -69.474 391.792 -448.983 7.14895 302.889 -585.057 -44.6755 351.554 -659.421 -132.195 505.713 -607.167 -185.351
  poly 1: 495.599 -594.97 -197.532 539.235 -485.582 -138.929 513.589 -435.045 -83.9731 383.956 -439.95 -8.88271 296.831 -573.303 -59.6707 344.523 -646.179 -145.44 495.599 -594.97 -197.532
element 7
  poly 0: -616.338 -300.087 -66.3463 -674.871 -298.112 -119.433 -608.176 -507.1 -186.427 -554.116 -503.388 -133.984 -526.609 -431.025 -63.8407 -616.338 -300.087 -66.3463
  poly 1: -604.011 -294.032 -80.908 -661.374 -292.096 -132.933 -596.012 -496.904 -198.587 -543.034 -493.267 -147.193 -516.076 -422.35 -78.4526 -604.011 -294.032 -80.908
element 8
  poly 0: -156.223 -593.271 -6.32006 -83.2533 -489.797 71.8984 -167.966 -348.921 126.225 -340.771 -346.323 78.6941 -388.994 -433.531 16.5342 -299.837 -584.039 -41.8883 -156.223 -593.271 -6.32006
  poly 1: -153.099 -581.352 -22.0824 -81.5883 -479.948 54.5717 -164.607 -341.889 107.812 -333.955 -339.343 61.2316 -381.214 -424.807 0.314798 -293.84 -572.304 -56.9393 -153.099 -581.352 -22.0824
element 9
  poly 0: 302.889 -585.057 -44.6755 391.792 -448.983 7.14895 339.742 -351.52 77.2229 169.254 -354.544 124.057 83.156 -489.797 71.8984 152.545 -594.331 -7.12109 302.889 -585.057 -44.6755
  poly 1: 296.831 -573.303 -59.6707 383.956 -439.95 -8.88271 332.947 -344.436 59.7898 165.869 -347.399 105.687 81.4929 -479.948 54.5717 149.494 -582.391 -22.8674 296.831 -573.303 -59.6707
element 10
  poly 0: 550.24 -495.547 -125.552 609.759 -502.139 -184.837 674.871 -298.112 -119.433 616.956 -300.066 -66.9067 524.07 -443.979 -69.474 550.24 -495.547 -125.552
  poly 1: 539.235 -485.582 -138.929 597.564 -492.042 -197.029 661.374 -292.096 -132.933 604.617 -294.011 -81.4572 513.589 -435.045 -83.9731 539.235 -485.582 -138.929
element 11
  poly 0: -388.994 -433.531 16.5342 -340.771 -346.323 78.6941 -419.754 -192.475 91.382 -571.559 -191.18 2.15213 -616.338 -300.087 -66.3463 -526.609 -431.025 -63.8407 -388.994 -433.531 16.5342
  poly 1: -381.214 -424.807 0.314798 -333.955 -339.343 61.2316 -411.359 -188.572 73.6657 -560.128 -187.302 -13.7796 -604.011 -294.032 -80.908 -516.076 -422.35 -78.4526 -381.214 -424.807 0.314798
element 12
  poly 0: 83.156 -489.797 71.8984 169.254 -354.544 124.057 93.9108 -220.147 175.884 -93.8714 -220.147 175.884 -167.966 -348.921 126.225 -83.2533 -489.797 71.8984 83.156 -489.797 71.8984
  poly 1: 81.4929 -479.948 54.5717 165.869 -347.399 105.687 92.0326 -215.691 156.478 -91.9939 -215.691 156.478 -164.607 -341.889 107.812 -81.5883 -479.948 54.5717 81.4929 -479.948 54.5717
element 13
  poly 0: 524.07 -443.979 -69.474 616.956 -300.066 -66.9067 569.391 -197.561 2.52503 422.388 -199.977 88.9403 339.742 -351.52 77.2229 391.792 -448.983 7.14895 524.07 -443.979 -69.474
  poly 1: 513.589 -435.045 -83.9731 604.617 -294.011 -81.4572 558.004 -193.556 -13.4141 413.941 -195.924 71.2728 332.947 -344.436 59.7898 383.956 -439.95 -8.88271 513.589 -435.045 -83.9731
element 14
  poly 0: -643.112 -59.2935 -30.0455 -706.438 -58.8458 -87.9062 -674.986 -298.108 -119.537 -616.338 -300.087 -66.3463 -571.559 -191.18 2.15213 -643.112 -59.2935 -30.0455
  poly 1: -630.25 -58.054 -45.3333 -692.31 -57.6152 -102.037 -661.486 -292.093 -133.035 -604.011 -294.032 -80.908 -560.128 -187.302 -13.7796 -630.25 -58.054 -45.3333
element 15
  poly 0: -167.966 -348.921 126.225 -93.8714 -220.147 175.884 -175.323 -69.8587 187.083 -360.034 -69.3078 135.775 -419.754 -192.475 91.382 -340.771 -346.323 78.6941 -167.966 -348.921 126.225
  poly 1: -164.607 -341.889 107.812 -91.9939 -215.691 156.478 -171.816 -68.4077 167.452 -352.834 -67.8679 117.171 -411.359 -188.572 73.6657 -333.955 -339.343 61.2316 -164.607 -341.889 107.812
element 16
  poly 0: 339.742 -351.52 77.2229 422.388 -199.977 88.9403 359.186 -70.4572 136.265 176.698 -71.0998 186.99 93.9108 -220.147 175.884 169.254 -354.544 124.057 339.742 -351.52 77.2229
  poly 1: 332.947 -344.436 59.7898 413.941 -195.924 71.2728 352.002 -68.9943 117.651 173.164 -69.6241 167.362 92.0326 -215.691 156.478 165.869 -347.399 105.687 332.947 -344.436 59.7898
element 17
  poly 0: 616.956 -300.066 -66.9067 674.986 -298.108 -119.537 706.438 -58.8458 -87.9062 643.384 -59.2916 -30.2937 569.391 -197.561 2.52503 616.956 -300.066 -66.9067
  poly 1: 604.617 -294.011 -81.4572 661.486 -292.093 -133.035 692.31 -57.6152 -102.037 630.516 -58.0521 -45.5765 558.004 -193.556 -13.4141 604.617 -294.011 -81.4572
element 18
  poly 0: -419.754 -192.475 91.382 -360.034 -69.3078 135.775 -426.194 68.3152 107.182 -581.012 67.8675 16.0483 -643.112 -59.2935 -30.0455 -571.559 -191.18 2.15213 -419.754 -192.475 91.382
  poly 1: -411.359 -188.572 73.6657 -352.834 -67.8679 117.171 -417.67 67.0026 89.1499 -569.391 66.5639 -0.161255 -630.25 -58.054 -45.3333 -560.128 -187.302 -13.7796 -411.359 -188.572 73.6657
element 19
  poly 0: 93.9108 -220.147 175.884 176.698 -71.0998 186.99 96.2056 77.8003 198.085 -96.1339 77.8003 198.085 -175.323 -69.8587 187.083 -93.8714 -220.147 175.884 93.9108 -220.147 175.884
  poly 1: 92.0326 -215.691 156.478 173.164 -69.6241 167.362 94.2815 76.298 178.235 -94.2112 76.298 178.235 -171.816 -68.4077 167.452 -91.9939 -215.691 156.478 92.0326 -215.691 156.478
element 20
  poly 0: 569.391 -197.561 2.52503 643.384 -59.2916 -30.2937 578.966 70.0549 17.7337 428.855 70.8796 106.233 359.186 -70.4572 136.265 422.388 -199.977 88.9403 569.391 -197.561 2.52503
  poly 1: 558.004 -193.556 -13.4141 630.516 -58.0521 -45.5765 567.387 68.7075 1.49041 420.278 69.5158 88.2194 352.002 -68.9943 117.651 413.941 -195.924 71.2728 558.004 -193.556 -13.4141
element 21
  poly 0: -634.05 187.177 -42.3361 -695.824 185.886 -98.6347 -706.465 -58.8456 -87.9306 -643.112 -59.2935 -30.0455 -581.012 67.8675 16.0483 -634.05 187.177 -42.3361
  poly 1: -621.369 183.487 -57.378 -681.908 182.222 -112.551 -692.336 -57.615 -102.061 -630.25 -58.054 -45.3333 -569.391 66.5639 -0.161255 -621.369 183.487 -57.378
element 22
  poly 0: -175.323 -69.8587 187.083 -96.1339 77.8003 198.085 -172.819 218.05 166.376 -353.483 216.429 116.353 -426.194 68.3152 107.182 -360.034 -69.3078 135.775 -175.323 -69.8587 187.083
  poly 1: -171.816 -68.4077 167.452 -94.2112 76.298 178.235 -169.363 213.743 147.159 -346.414 212.155 98.1371 -417.67 67.0026 89.1499 -352.834 -67.8679 117.171 -171.816 -68.4077 167.452
element 23
  poly 0: 359.186 -70.4572 136.265 428.855 70.8796 106.233 352.564 219.764 116.162 174.162 221.653 165.561 96.2056 77.8003 198.085 176.698 -71.0998 186.99 359.186 -70.4572 136.265
  poly 1: 352.002 -68.9943 117.651 420.278 69.5158 88.2194 345.513 215.422 97.9502 170.679 217.274 146.361 94.2815 76.298 178.235 173.164 -69.6241 167.362 352.002 -68.9943 117.651
element 24
  poly 0: 643.384 -59.2916 -30.2937 706.465 -58.8456 -87.9306 695.824 185.886 -98.6347 634.436 187.169 -42.6876 578.966 70.0549 17.7337 643.384 -59.2916 -30.2937
  poly 1: 630.516 -58.0521 -45.5765 692.336 -57.615 -102.061 681.908 182.222 -112.551 621.747 183.479 -57.7225 567.387 68.7075 1.49041 630.516 -58.0521 -45.5765
element 25
  poly 0: -426.194 68.3152 107.182 -353.483 216.429 116.353 -407.172 322.341 60.6313 -553.128 320.335 -24.926 -634.05 187.177 -42.3361 -581.012 67.8675 16.0483 -426.194 68.3152 107.182
  poly 1: -417.67 67.0026 89.1499 -346.414 212.155 98.1371 -399.029 315.948 43.53 -542.066 313.982 -40.316 -621.369 183.487 -57.378 -569.391 66.5639 -0.161255 -417.67 67.0026 89.1499
element 26
  poly 0: 96.2056 77.8003 198.085 174.162 221.653 165.561 89.4697 365.975 132.931 -89.4898 365.975 132.931 -172.819 218.05 166.376 -96.1339 77.8003 198.085 96.2056 77.8003 198.085
  poly 1: 94.2815 76.298 178.235 170.679 217.274 146.361 87.6803 358.709 114.384 -87.7 358.709 114.384 -169.363 213.743 147.159 -94.2112 76.298 178.235 94.2815 76.298 178.235
element 27
  poly 0: 578.966 70.0549 17.7337 634.436 187.169 -42.6876 550.767 330.392 -27.0626 409.812 334.232 55.3143 352.564 219.764 116.162 428.855 70.8796 106.233 578.966 70.0549 17.7337
  poly 1: 567.387 68.7075 1.49041 621.747 183.479 -57.7225 539.751 323.838 -42.41 401.616 327.601 38.3194 345.513 215.422 97.9502 420.278 69.5158 88.2194 567.387 68.7075 1.49041
element 28
  poly 0: -590.756 417.043 -100.997 -644.844 414.612 -149.733 -695.748 185.888 -98.5653 -634.05 187.177 -42.3361 -553.128 320.335 -24.926 -590.756 417.043 -100.997
  poly 1: -578.941 408.756 -114.866 -631.947 406.373 -162.627 -681.833 182.224 -112.483 -621.369 183.487 -57.378 -542.066 313.982 -40.316 -578.941 408.756 -114.866
element 29
  poly 0: -172.819 218.05 166.376 -89.4898 365.975 132.931 -161.048 480.285 68.975 -322.615 476.856 25.0001 -407.172 322.341 60.6313 -353.483 216.429 116.353 -172.819 218.05 166.376
  poly 1: -169.363 213.743 147.159 -87.7 358.709 114.384 -157.827 470.733 51.7069 -316.163 467.372 8.61139 -399.029 315.948 43.53 -346.414 212.155 98.1371 -169.363 213.743 147.159
element 30
  poly 0: 352.564 219.764 116.162 409.812 334.232 55.3143 321.498 483.435 21.7937 162.274 487.418 64.9837 89.4697 365.975 132.931 174.162 221.653 165.561 352.564 219.764 116.162
  poly 1: 345.513 215.422 97.9502 401.616 327.601 38.3194 315.068 473.82 5.46915 159.029 477.724 47.7954 87.6803 358.709 114.384 170.679 217.274 146.361 345.513 215.422 97.9502
element 31
  poly 0: 634.436 187.169 -42.6876 695.748 185.888 -98.5653 644.844 414.612 -149.733 591.734 416.999 -101.878 550.767 330.392 -27.0626 634.436 187.169 -42.6876
  poly 1: 621.747 183.479 -57.7225 681.833 182.224 -112.483 631.947 406.373 -162.627 579.899 408.713 -115.729 539.751 323.838 -42.41 621.747 183.479 -57.7225
element 32
  poly 0: -407.172 322.341 60.6313 -322.615 476.856 25.0001 -372.066 554.933 -47.7417 -495.42 539.642 -112.497 -590.756 417.043 -100.997 -553.128 320.335 -24.926 -407.172 322.341 60.6313
  poly 1: -399.029 315.948 43.53 -316.163 467.372 8.61139 -364.624 543.888 -62.6755 -485.512 528.903 -126.135 -578.941 408.756 -114.866 -542.066 313.982 -40.316 -399.029 315.948 43.53
element 33
  poly 0: 89.4697 365.975 132.931 162.274 487.418 64.9837 75.8335 609.468 -3.30241 -75.9761 609.468 -3.30241 -161.048 480.285 68.975 -89.4898 365.975 132.931 89.4697 365.975 132.931
  poly 1: 87.6803 358.709 114.384 159.029 477.724 47.7954 74.3168 597.333 -19.1251 -74.4565 597.333 -19.1251 -157.827 470.733 51.7069 -87.7 358.709 114.384 87.6803 358.709 114.384
element 34
  poly 0: 550.767 330.392 -27.0626 591.734 416.999 -101.878 495.925 550.03 -121.523 370.386 565.208 -54.9736 321.498 483.435 21.7937 409.812 334.232 55.3143 550.767 330.392 -27.0626
  poly 1: 539.751 323.838 -42.41 579.899 408.713 -115.729 486.007 539.083 -134.981 362.978 553.958 -69.7627 315.068 473.82 5.46915 401.616 327.601 38.3194 539.751 323.838 -42.41
element 35
  poly 0: -528.936 601.967 -195.245 -575.324 578.258 -219.241 -644.707 414.618 -149.61 -590.756 417.043 -100.997 -495.42 539.642 -112.497 -528.936 601.967 -195.245
  poly 1: -518.357 589.981 -207.228 -563.818 566.747 -230.745 -631.813 406.379 -162.507 -578.941 408.756 -114.866 -485.512 528.903 -126.135 -518.357 589.981 -207.228
element 36
  poly 0: -161.048 480.285 68.975 -75.9761 609.468 -3.30241 -149.641 702.527 -94.2443 -291.892 679.391 -117.89 -372.066 554.933 -47.7417 -322.615 476.856 25.0001 -161.048 480.285 68.975
  poly 1: -157.827 470.733 51.7069 -74.4565 597.333 -19.1251 -146.648 688.531 -108.248 -286.054 665.857 -131.42 -364.624 543.888 -62.6755 -316.163 467.372 8.61139 -157.827 470.733 51.7069
element 37
  poly 0: 321.498 483.435 21.7937 370.386 565.208 -54.9736 292.279 678.514 -118.99 143.885 702.652 -94.3655 75.8335 609.468 -3.30241 162.274 487.418 64.9837 321.498 483.435 21.7937
  poly 1: 315.068 473.82 5.46915 362.978 553.958 -69.7627 286.434 664.998 -132.499 141.007 688.652 -108.367 74.3168 597.333 -19.1251 159.029 477.724 47.7954 315.068 473.82 5.46915
element 38
  poly 0: 591.734 416.999 -101.878 644.707 414.618 -149.61 575.324 578.258 -219.241 530.353 601.242 -195.978 495.925 550.03 -121.523 591.734 416.999 -101.878
  poly 1: 579.899 408.713 -115.729 631.813 406.379 -162.507 563.818 566.747 -230.745 519.746 589.271 -207.947 486.007 539.083 -134.981 579.899 408.713 -115.729
element 39
  poly 0: -372.066 554.933 -47.7417 -291.972 679.266 -117.82 -528.92 601.937 -195.206 -495.42 539.642 -112.497 -372.066 554.933 -47.7417
  poly 1: -364.624 543.888 -62.6755 -286.133 665.735 -131.352 -518.341 589.952 -207.19 -485.512 528.903 -126.135 -364.624 543.888 -62.6755
element 40
  poly 0: 75.8335 609.468 -3.30241 143.922 702.702 -94.4153 -149.779 702.702 -94.4153 -75.9761 609.468 -3.30241 75.8335 609.468 -3.30241
  poly 1: 74.3168 597.333 -19.1251 141.044 688.702 -108.416 -146.783 688.702 -108.416 -74.4565 597.333 -19.1251 74.3168 597.333 -19.1251
element 41
  poly 0: 495.925 550.03 -121.523 530.319 601.191 -195.904 292.444 678.276 -118.855 370.386 565.208 -54.9736 495.925 550.03 -121.523
  poly 1: 486.007 539.083 -134.981 519.713 589.221 -207.875 286.595 664.764 -132.367 362.978 553.958 -69.7627 486.007 539.083 -134.981
element 42
  poly 0: -561.467 -436.144 -198.201 -531.542 -505.659 -224.128 -590.377 -554.906 -159.994 -620.302 -485.391 -134.067 -561.467 -436.144 -198.201
  poly 1: -548.563 -435.258 -185.683 -518.638 -504.773 -211.609 -577.473 -554.02 -147.475 -607.398 -484.505 -121.549 -548.563 -435.258 -185.683
element 43
  poly 0: -460.171 -505.978 -171.271 -516.895 -521.018 -225.642 -566.309 -576.53 -158.734 -509.585 -561.49 -104.363 -460.171 -505.978 -171.271
  poly 1: -451.115 -520.563 -176.684 -507.84 -535.602 -231.055 -557.253 -591.114 -164.147 -500.529 -576.075 -109.776 -451.115 -520.563 -176.684
element 44
  poly 0: -345.502 -559.582 -139.5 -280.121 -604.774 -148.616 -312.841 -666.536 -77.0977 -378.221 -621.345 -67.9822 -345.502 -559.582 -139.5
  poly 1: -336.963 -549.733 -127.088 -271.582 -594.925 -136.203 -304.302 -656.687 -64.6851 -369.683 -611.495 -55.5696 -336.963 -549.733 -127.088
element 45
  poly 0: -224.348 -514.681 -57.3417 -217.003 -579.396 -103.796 -240.029 -637.855 -25.9988 -247.374 -573.14 20.4556 -224.348 -514.681 -57.3417
  poly 1: -206.91 -515.802 -53.0228 -199.565 -580.517 -99.4772 -222.591 -638.976 -21.6799 -229.936 -574.261 24.7744 -206.91 -515.802 -53.0228
element 46
  poly 0: -77.9064 -583.072 -79.1842 -145.933 -609.536 -111.926 -156.821 -674.566 -36.742 -88.7942 -648.102 -4.00059 -77.9064 -583.072 -79.1842
  poly 1: -68.639 -595.381 -88.4894 -136.666 -621.846 -121.231 -147.554 -686.875 -46.0472 -79.5268 -660.411 -13.3058 -68.639 -595.381 -88.4894
element 47
  poly 0: 67.6391 -596.903 -89.7414 136.839 -621.869 -121.175 147.76 -686.589 -45.7294 78.5599 -661.624 -14.2961 67.6391 -596.903 -89.7414
  poly 1: 76.4544 -584.384 -80.2779 145.655 -609.35 -111.711 156.575 -674.07 -36.2658 87.3752 -649.105 -4.83255 76.4544 -584.384 -80.2779
element 48
  poly 0: 206.724 -516.791 -54.7956 199.13 -581.524 -101.185 222.168 -639.978 -23.3881 229.763 -575.245 23.0012 206.724 -516.791 -54.7956
  poly 1: 224.157 -515.716 -59.15 216.562 -580.449 -105.539 239.601 -638.903 -27.7425 247.195 -574.17 18.6468 224.157 -515.716 -59.15
element 49
  poly 0: 335.239 -553.004 -129.92 266.394 -593.572 -133.731 299.136 -655.814 -62.6392 367.981 -615.245 -58.8284 335.239 -553.004 -129.92
  poly 1: 342.262 -563.735 -142.55 273.417 -604.304 -146.361 306.159 -666.545 -75.2691 375.004 -625.976 -71.4583 342.262 -563.735 -142.55
element 50
  poly 0: 457.643 -519.697 -181.603 521.843 -519.735 -229.335 571.437 -575.278 -162.586 507.237 -575.24 -114.854 457.643 -519.697 -181.603
  poly 1: 463.614 -504.728 -173.584 527.814 -504.767 -221.316 577.408 -560.31 -154.567 513.208 -560.271 -106.835 463.614 -504.728 -173.584
element 51
  poly 0: 548.207 -429.032 -182.107 516.895 -498.735 -205.792 575.878 -547.184 -141.188 607.19 -477.481 -117.503 548.207 -429.032 -182.107
  poly 1: 560.921 -430.44 -194.77 529.609 -500.144 -218.455 588.592 -548.592 -153.851 619.904 -478.889 -130.166 560.921 -430.44 -194.77
element 52
  poly 0: -537.686 -418.542 -163.548 -473.187 -461.76 -144.256 -526.164 -509.544 -74.1836 -590.663 -466.326 -93.4752 -537.686 -418.542 -163.548
  poly 1: -532.946 -406.073 -151.462 -468.448 -449.291 -132.17 -521.424 -497.075 -62.0977 -585.923 -453.857 -81.3893 -532.946 -406.073 -151.462
element 53
  poly 0: -441.529 -365.843 -67.2998 -425.177 -438.076 -97.5502 -471.303 -481.031 -19.9149 -487.655 -408.799 10.3355 -441.529 -365.843 -67.2998
  poly 1: -425.988 -366.126 -58.2229 -409.636 -438.359 -88.4733 -455.761 -481.314 -10.8379 -472.114 -409.082 19.4125 -425.988 -366.126 -58.2229
element 54
  poly 0: -292.646 -454.789 -44.1612 -357.215 -476.821 -85.94 -391.109 -527.633 -6.7614 -326.54 -505.602 35.0174 -292.646 -454.789 -44.1612
  poly 1: -283.945 -469.478 -49.8631 -348.514 -491.51 -91.6419 -382.408 -542.322 -12.4633 -317.839 -520.291 29.3156 -283.945 -469.478 -49.8631
element 55
  poly 0: -150.209 -490.922 -22.7756 -81.1639 -528.627 -37.3085 -93.3038 -582.893 45.8048 -162.348 -545.188 60.3377 -150.209 -490.922 -22.7756
  poly 1: -141.383 -478.407 -13.3154 -72.3386 -516.112 -27.8483 -84.4784 -570.378 55.2649 -153.523 -532.673 69.7979 -141.383 -478.407 -13.3154
element 56
  poly 0: -9.04771 -420.685 30.3234 -9.04771 -490.596 -8.56795 -9.04771 -539.21 78.82 -9.04771 -469.299 117.711 -9.04771 -420.685 30.3234
  poly 1: 8.95229 -420.685 30.3234 8.95229 -490.596 -8.56795 8.95229 -539.21 78.82 8.95229 -469.299 117.711 8.95229 -420.685 30.3234
element 57
  poly 0: 140.228 -479.419 -13.9996 70.198 -515.626 -27.596 82.3357 -570.23 55.2964 152.365 -534.022 68.8929 140.228 -479.419 -13.9996
  poly 1: 148.651 -492.109 -23.5921 78.6214 -528.316 -37.1885 90.7591 -582.919 45.704 160.789 -546.712 59.3004 148.651 -492.109 -23.5921
element 58
  poly 0: 287.414 -475.581 -54.5327 350.066 -500.011 -97.8667 383.994 -552.028 -19.4886 321.341 -527.598 23.8454 287.414 -475.581 -54.5327
  poly 1: 296.794 -461.224 -49.0649 359.446 -485.654 -92.3988 393.374 -537.671 -14.0207 330.721 -513.241 29.3132 296.794 -461.224 -49.0649
element 59
  poly 0: 425.786 -379.787 -64.3757 410.019 -451.437 -96.276 456.192 -495.797 -19.4627 471.959 -424.147 12.4375 425.786 -379.787 -64.3757
  poly 1: 441.354 -379.198 -73.3931 425.586 -450.848 -105.293 471.759 -495.208 -28.4801 487.527 -423.558 3.42014 441.354 -379.198 -73.3931
element 60
  poly 0: 528.31 -406.448 -147.171 465.653 -454.025 -132.66 518.667 -502.656 -63.2006 581.323 -455.079 -77.7118 528.31 -406.448 -147.171
  poly 1: 534.157 -417.971 -159.702 471.501 -465.548 -145.191 524.514 -514.179 -75.7315 587.171 -466.602 -90.2427 534.157 -417.971 -159.702
element 61
  poly 0: -614.384 -239.706 -138.524 -599.685 -316.003 -157.569 -664.33 -345.972 -87.4065 -679.029 -269.675 -68.361 -614.384 -239.706 -138.524
  poly 1: -601.055 -240.156 -126.435 -586.356 -316.453 -145.48 -651.001 -346.422 -75.3177 -665.701 -270.125 -56.2722 -601.055 -240.156 -126.435
element 62
  poly 0: -512.97 -315.229 -90.6047 -561.81 -349.716 -143.759 -617.292 -386.307 -69.0399 -568.452 -351.82 -15.8859 -512.97 -315.229 -90.6047
  poly 1: -502.796 -330.076 -90.3206 -551.636 -364.562 -143.475 -607.118 -401.153 -68.7559 -558.278 -366.666 -15.6018 -502.796 -330.076 -90.3206
element 63
  poly 0: -376.417 -347.312 -20.3923 -309.589 -390.431 -11.743 -346.142 -430.202 72.4123 -412.97 -387.084 63.763 -376.417 -347.312 -20.3923
  poly 1: -369.027 -333.947 -10.8659 -302.199 -377.066 -2.21663 -338.752 -416.837 81.9387 -405.58 -373.719 73.2894 -369.027 -333.947 -10.8659
element 64
  poly 0: -248.411 -285.686 50.42 -242.133 -360.757 23.495 -267.505 -395.285 113.85 -273.782 -320.214 140.775 -248.411 -285.686 50.42
  poly 1: -231.057 -285.946 55.1932 -224.78 -361.017 28.2682 -250.151 -395.546 118.623 -256.429 -320.475 145.548 -231.057 -285.946 55.1932
element 65
  poly 0: -86.8865 -366.522 51.2127 -155.976 -398.682 26.8754 -168.116 -440.668 116.819 -99.0262 -408.507 141.156 -86.8865 -366.522 51.2127
  poly 1: -78.079 -381.169 45.5644 -147.169 -413.329 21.2271 -159.309 -455.314 111.171 -90.2187 -423.154 135.508 -78.079 -381.169 45.5644
element 66
  poly 0: 78.966 -382.884 45.0064 147.059 -416.552 19.9117 159.204 -458.902 109.684 91.1104 -425.234 134.778 78.966 -382.884 45.0064
  poly 1: 88.1578 -368.444 50.5748 156.251 -402.113 25.4801 168.395 -444.463 115.252 100.302 -410.794 140.347 88.1578 -368.444 50.5748
element 67
  poly 0: 231.137 -291.083 53.7484 224.94 -365.99 26.3523 250.324 -401.059 116.496 256.521 -326.152 143.892 231.137 -291.083 53.7484
  poly 1: 248.491 -290.776 48.9811 242.294 -365.682 21.585 267.679 -400.751 111.728 273.876 -325.844 139.124 248.491 -290.776 48.9811
element 68
  poly 0: 370.253 -343.998 -16.0078 302.934 -386.306 -7.1674 339.489 -426.978 76.5552 406.809 -384.671 67.7149 370.253 -343.998 -16.0078
  poly 1: 377.414 -357.407 -25.6481 310.095 -399.715 -16.8078 346.65 -440.387 66.9149 413.969 -398.079 58.0745 377.414 -357.407 -25.6481
element 69
  poly 0: 501.244 -337.707 -93.3922 551.737 -369.344 -146.774 607.201 -406.471 -72.3078 556.709 -374.834 -18.926 501.244 -337.707 -93.3922
  poly 1: 511.004 -322.585 -93.1225 561.497 -354.222 -146.504 616.962 -391.349 -72.0381 566.469 -359.712 -18.6562 511.004 -322.585 -93.1225
element 70
  poly 0: 601.414 -240.144 -126.76 586.714 -316.441 -145.806 651.36 -346.41 -75.6432 666.059 -270.113 -56.5978 601.414 -240.144 -126.76
  poly 1: 614.743 -239.694 -138.849 600.043 -315.991 -157.895 664.689 -345.96 -87.732 679.388 -269.663 -68.6865 614.743 -239.694 -138.849
element 71
  poly 0: -586.036 -213.479 -105.877 -526.259 -257.14 -75.5368 -584.02 -282.245 2.13821 -643.797 -238.584 -28.2016 -586.036 -213.479 -105.877
  poly 1: -580.119 -199.089 -96.8258 -520.342 -242.75 -66.486 -578.103 -267.855 11.189 -637.88 -224.194 -19.1508 -580.119 -199.089 -96.8258
element 72
  poly 0: -472.207 -139.037 -10.1383 -464.941 -217.554 -23.6395 -514.798 -236.705 60.9034 -522.064 -158.188 74.4046 -472.207 -139.037 -10.1383
  poly 1: -456.689 -139.169 -1.01724 -449.423 -217.686 -14.5185 -499.28 -236.837 70.0244 -506.546 -158.32 83.5256 -456.689 -139.169 -1.01724
element 73
  poly 0: -325.678 -227.59 41.9274 -390.231 -257.729 5.53442 -427.836 -284.355 94.2869 -363.282 -254.215 130.68 -325.678 -227.59 41.9274
  poly 1: -317.479 -243.56 40.6104 -382.032 -273.7 4.21736 -419.637 -300.325 92.9699 -355.083 -270.185 129.363 -317.479 -243.56 40.6104
element 74
  poly 0: -160.77 -252.105 83.0054 -91.0874 -291.34 80.7769 -104.345 -320.271 175.578 -174.027 -281.036 177.807 -160.77 -252.105 83.0054
  poly 1: -152.256 -237.308 88.7116 -82.5734 -276.543 86.4831 -95.8309 -305.474 181.284 -165.513 -266.239 183.513 -152.256 -237.308 88.7116
element 75
  poly 0: -8.98065 -165.694 116.473 -8.98065 -243.745 98.9197 -8.98065 -265.687 196.483 -8.98065 -187.636 214.036 -8.98065 -165.694 116.473
  poly 1: 9.01935 -165.694 116.473 9.01935 -243.745 98.9197 9.01935 -265.687 196.483 9.01935 -187.636 214.036 9.01935 -165.694 116.473
element 76
  poly 0: 153.195 -240.295 87.5887 83.1042 -278.808 85.5673 96.364 -307.913 180.315 166.454 -269.4 182.336 153.195 -240.295 87.5887
  poly 1: 161.537 -255.177 81.8498 91.4469 -293.69 79.8284 104.707 -322.794 174.576 174.797 -284.281 176.597 161.537 -255.177 81.8498
element 77
  poly 0: 318.576 -248.486 39.0751 382.086 -280.275 2.25096 419.713 -307.64 90.7685 356.203 -275.851 127.593 318.576 -248.486 39.0751
  poly 1: 327.175 -232.719 40.2942 390.684 -264.508 3.47003 428.311 -291.873 91.9876 364.802 -260.084 128.812 327.175 -232.719 40.2942
element 78
  poly 0: 456.8 -145.748 -1.56419 449.716 -224.15 -15.8084 499.628 -243.986 68.5439 506.713 -165.584 82.7881 456.8 -145.748 -1.56419
  poly 1: 472.316 -145.493 -10.6852 465.232 -223.895 -24.9294 515.144 -243.731 59.4229 522.229 -165.329 73.6672 472.316 -145.493 -10.6852
element 79
  poly 0: 578.516 -200.781 -95.6438 519.865 -247.209 -67.2796 577.649 -272.874 10.1955 636.3 -226.446 -18.1687 578.516 -200.781 -95.6438
  poly 1: 584.972 -214.693 -105.067 526.32 -261.121 -76.7026 584.104 -286.786 0.772433 642.755 -240.358 -27.5918 584.972 -214.693 -105.067
element 80
  poly 0: -635.748 -14.7996 -114.638 -632.75 -94.6481 -118.538 -700.099 -100.776 -44.8735 -703.098 -20.9271 -40.9735 -635.748 -14.7996 -114.638
  poly 1: -622.46 -14.8935 -102.496 -619.461 -94.7421 -106.397 -686.811 -100.87 -32.7322 -689.81 -21.021 -28.8321 -622.46 -14.8935 -102.496
element 81
  poly 0: -543.53 -88.8721 -48.7795 -596.322 -128.539 -93.9409 -655.24 -141.015 -14.1099 -602.448 -101.348 31.0515 -543.53 -88.8721 -48.7795
  poly 1: -535.138 -104.341 -45.003 -587.929 -144.008 -90.1644 -646.848 -156.484 -10.3333 -594.056 -116.817 34.8281 -535.138 -104.341 -45.003
element 82
  poly 0: -399.321 -109.013 36.1275 -333.502 -148.838 58.0761 -372.342 -162.833 149.156 -438.161 -123.008 127.207 -399.321 -109.013 36.1275
  poly 1: -391.851 -93.6064 41.6804 -326.031 -133.431 63.6291 -364.872 -147.427 154.709 -430.691 -107.602 132.76 -391.851 -93.6064 41.6804
element 83
  poly 0: -258.289 -24.658 94.6228 -256.988 -104.455 89.0804 -283.704 -111.566 185.183 -285.005 -31.7687 190.725 -258.289 -24.658 94.6228
  poly 1: -240.946 -24.7098 99.4403 -239.645 -104.507 93.8979 -266.36 -111.618 190 -267.662 -31.8204 195.543 -240.946 -24.7098 99.4403
element 84
  poly 0: -94.7678 -108.606 120.936 -164.343 -145.209 106.119 -177.601 -159.701 204.171 -108.026 -123.098 218.988 -94.7678 -108.606 120.936
  poly 1: -86.2094 -124.398 119.759 -155.784 -161.001 104.942 -169.042 -175.492 202.994 -99.4673 -138.889 217.812 -86.2094 -124.398 119.759
element 85
  poly 0: 87.0192 -124.519 119.794 156.192 -161.827 104.851 169.455 -176.498 202.875 100.283 -139.19 217.819 87.0192 -124.519 119.794
  poly 1: 95.7409 -108.817 120.964 164.913 -146.124 106.021 178.177 -160.796 204.045 109.005 -123.488 218.989 95.7409 -108.817 120.964
element 86
  poly 0: 241.189 -25.8298 99.695 239.901 -105.62 94.0501 266.635 -112.85 190.139 267.923 -33.0594 195.783 241.189 -25.8298 99.695
  poly 1: 258.531 -25.7687 94.8744 257.243 -105.559 89.2295 283.977 -112.789 185.318 285.266 -32.9983 190.963 258.531 -25.7687 94.8744
element 87
  poly 0: 392.661 -97.6071 40.8667 326.917 -137.648 62.6498 365.782 -151.941 153.673 431.526 -111.901 131.89 392.661 -97.6071 40.8667
  poly 1: 400.161 -112.976 35.2509 334.417 -153.017 57.0341 373.282 -167.311 148.057 439.026 -127.27 126.274 400.161 -112.976 35.2509
element 88
  poly 0: 534.122 -107.704 -44.8841 587.154 -146.844 -90.2227 646.085 -159.438 -10.4194 593.053 -120.298 34.9192 534.122 -107.704 -44.8841
  poly 1: 542.435 -92.1696 -48.5712 595.467 -131.31 -93.9098 654.398 -143.904 -14.1065 601.365 -104.764 31.2321 542.435 -92.1696 -48.5712
element 89
  poly 0: 622.606 -14.8925 -102.63 619.607 -94.7411 -106.53 686.957 -100.869 -32.8656 689.956 -21.02 -28.9656 622.606 -14.8925 -102.63
  poly 1: 635.895 -14.7985 -114.771 632.896 -94.6471 -118.671 700.246 -100.775 -45.007 703.244 -20.926 -41.107 635.895 -14.7985 -114.771
element 90
  poly 0: -601.393 17.4287 -86.0322 -546.365 -24.1415 -45.4877 -605.759 -24.2978 34.963 -660.787 17.2724 -5.58147 -601.393 17.4287 -86.0322
  poly 1: -593.882 32.8078 -80.4575 -538.854 -8.76246 -39.913 -598.249 -8.91875 40.5377 -653.276 32.6515 -0.00681494 -593.882 32.8078 -80.4575
element 91
  poly 0: -474.748 103.46 -5.33553 -477.188 23.6262 -0.797922 -527.825 30.0616 85.1931 -525.385 109.895 80.6554 -474.748 103.46 -5.33553
  poly 1: -459.236 103.505 3.7956 -461.676 23.671 8.33321 -512.313 30.1064 94.3242 -509.873 109.94 89.7866 -459.236 103.505 3.7956
element 92
  poly 0: -336.908 25.9241 69.2607 -402.197 -11.1895 41.6936 -441.261 -10.8437 133.747 -375.972 26.2699 161.314 -336.908 25.9241 69.2607
  poly 1: -329.242 9.97843 72.5736 -394.531 -27.1352 45.0066 -433.596 -26.7894 137.06 -368.307 10.3242 164.627 -329.242 9.97843 72.5736
element 93
  poly 0: -165.366 15.1484 117.991 -95.6528 -22.942 127.432 -109.15 -23.0868 226.517 -178.863 15.0036 217.076 -165.366 15.1484 117.991
  poly 1: -156.878 30.9771 119.171 -87.1639 -7.11331 128.611 -100.661 -7.25811 227.696 -170.374 30.8323 218.256 -156.878 30.9771 119.171
element 94
  poly 0: -8.96485 112.492 125.415 -8.96485 32.7114 131.329 -8.96485 40.1036 231.055 -8.96485 119.885 225.141 -8.96485 112.492 125.415
  poly 1: 9.03515 112.492 125.415 9.03515 32.7114 131.329 9.03515 40.1036 231.055 9.03515 119.885 225.141 9.03515 112.492 125.415
element 95
  poly 0: 157.493 30.4395 119.12 87.9074 -7.88134 128.57 101.411 -7.96492 227.654 170.996 30.3559 218.204 157.493 30.4395 119.12
  poly 1: 166.035 14.6389 117.942 96.4489 -23.6819 127.393 109.952 -23.7655 226.477 179.538 14.5553 217.026 166.035 14.6389 117.942
element 96
  poly 0: 330.224 11.1049 72.328 395.144 -26.7302 44.8714 434.238 -26.443 136.913 369.318 11.3921 164.369 330.224 11.1049 72.328
  poly 1: 338.042 26.9645 68.958 402.962 -10.8706 41.5014 442.056 -10.5834 133.543 377.136 27.2517 160.999 338.042 26.9645 68.958
element 97
  poly 0: 459.537 105.73 4.06361 461.921 25.909 8.85177 512.622 32.5785 94.7876 510.237 112.399 89.9995 459.537 105.73 4.06361
  poly 1: 475.042 105.645 -5.07785 477.427 25.8239 -0.289691 528.127 32.4933 85.6462 525.743 112.314 80.858 475.042 105.645 -5.07785
element 98
  poly 0: 592.801 34.2175 -79.563 538.072 -7.99636 -39.2804 597.487 -8.27208 41.1543 652.216 33.9418 0.871688 592.801 34.2175 -79.563
  poly 1: 600.416 18.9275 -85.2403 545.686 -23.2863 -44.9577 605.102 -23.5621 35.477 659.831 18.6518 -4.8056 600.416 18.9275 -85.2403
element 99
  poly 0: -620.566 212.917 -133.036 -629.502 134.269 -121.428 -695.938 152.516 -48.9479 -687.002 231.163 -60.5563 -620.566 212.917 -133.036
  poly 1: -607.263 213.194 -120.913 -616.2 134.547 -109.304 -682.636 152.794 -36.8248 -673.7 231.441 -48.4331 -607.263 213.194 -120.913
element 100
  poly 0: -540.529 147.601 -54.5123 -597.904 104.683 -90.095 -656.906 117.465 -10.3747 -599.531 160.383 25.208 -540.529 147.601 -54.5123
  poly 1: -533.854 132.586 -47.1646 -591.229 89.6675 -82.7473 -650.231 102.45 -3.02691 -592.856 145.368 32.5558 -533.854 132.586 -47.1646
element 101
  poly 0: -399.102 141.772 31.3127 -334.255 107.932 63.7116 -372.901 121.252 154.975 -437.748 155.092 122.576 -399.102 141.772 31.3127
  poly 1: -391.183 157.905 32.3116 -326.335 124.065 64.7105 -364.981 137.386 155.974 -429.828 171.226 123.575 -391.183 157.905 32.3116
element 102
  poly 0: -251.503 241.405 64.9381 -255.361 163.213 81.4049 -281.62 184.337 175.555 -277.762 262.528 159.089 -251.503 241.405 64.9381
  poly 1: -234.157 241.561 69.7411 -238.015 163.369 86.2079 -264.273 184.492 180.358 -260.415 262.684 163.892 -234.157 241.561 69.7411
element 103
  poly 0: -94.3948 164.873 113.823 -164.153 125.887 110.091 -177.65 140.66 208.069 -107.891 179.645 211.8 -94.3948 164.873 113.823
  poly 1: -85.9244 149.381 117.325 -155.683 110.396 113.594 -169.179 125.168 211.572 -99.4211 164.154 215.303 -85.9244 149.381 117.325
element 104
  poly 0: 86.5746 150.974 116.953 156.472 112.243 113.184 169.974 127.076 211.152 100.076 165.807 214.921 86.5746 150.974 116.953
  poly 1: 94.9862 166.496 113.444 164.884 127.765 109.675 178.386 142.598 207.643 108.488 181.329 211.412 94.9862 166.496 113.444
element 105
  poly 0: 234.378 244.771 69.1404 238.193 166.64 85.9063 264.467 188.109 179.974 260.652 266.239 163.208 234.378 244.771 69.1404
  poly 1: 251.724 244.587 64.3373 255.539 166.457 81.1032 281.814 187.925 175.171 277.999 266.056 158.405 251.724 244.587 64.3373
element 106
  poly 0: 391.541 161.119 31.7786 327.381 126.075 64.267 366.055 139.811 155.457 430.215 174.854 122.969 391.541 161.119 31.7786
  poly 1: 399.735 145.127 30.7121 335.576 110.084 63.2005 374.249 123.819 154.391 438.409 158.863 121.903 399.735 145.127 30.7121
element 107
  poly 0: 533.247 134.491 -46.8346 589.877 89.8175 -81.4366 648.903 102.951 -1.79092 592.273 147.625 32.8111 533.247 134.491 -46.8346
  poly 1: 540.23 149.235 -54.4411 596.86 104.561 -89.0431 655.886 117.695 -9.39748 599.256 162.369 25.2045 540.23 149.235 -54.4411
element 108
  poly 0: 607.49 213.19 -121.119 616.426 134.542 -109.511 682.862 152.789 -37.031 673.926 231.437 -48.6393 607.49 213.19 -121.119
  poly 1: 620.792 212.912 -133.242 629.729 134.265 -121.634 696.165 152.511 -49.1542 687.228 231.159 -60.7625 620.792 212.912 -133.242
element 109
  poly 0: -582.923 247.321 -113.481 -532.207 210.044 -64.1022 -589.802 234.861 13.7882 -640.518 272.138 -35.5905 -582.923 247.321 -113.481
  poly 1: -573.633 262.608 -111.482 -522.916 225.331 -62.1034 -580.512 250.148 15.787 -631.228 287.425 -33.5918 -573.633 262.608 -111.482
element 110
  poly 0: -448.179 337.124 -54.87 -460.112 261.179 -32.7326 -508.443 292.593 48.9819 -496.51 368.537 26.8446 -448.179 337.124 -54.87
  poly 1: -432.651 337.337 -45.7679 -444.584 261.393 -23.6306 -492.915 292.806 58.084 -480.983 368.751 35.9466 -432.651 337.337 -45.7679
element 111
  poly 0: -324.229 278.621 30.6183 -390.594 236.765 15.0034 -428.581 264.016 103.402 -362.216 305.872 119.017 -324.229 278.621 30.6183
  poly 1: -316.862 264.087 38.2649 -383.226 222.23 22.65 -421.213 249.482 111.049 -354.849 291.338 126.664 -316.862 264.087 38.2649
element 112
  poly 0: -161.149 281.494 75.1413 -91.7865 246.897 94.9383 -104.582 275.571 189.881 -173.944 310.168 170.084 -161.149 281.494 75.1413
  poly 1: -152.481 296.881 71.6624 -83.1185 262.284 91.4593 -95.9142 290.958 186.402 -165.276 325.555 166.605 -152.481 296.881 71.6624
element 113
  poly 0: -9.00986 378.151 53.3755 -9.00986 303.457 82.0233 -9.00986 339.266 175.392 -9.00986 413.961 146.744 -9.00986 378.151 53.3755
  poly 1: 8.99014 378.151 53.3755 8.99014 303.457 82.0233 8.99014 339.266 175.392 8.99014 413.961 146.744 8.99014 378.151 53.3755
element 114
  poly 0: 152.644 298.999 71.1336 83.9726 263.263 91.3105 96.7731 292.221 186.166 165.445 327.957 165.989 152.644 298.999 71.1336
  poly 1: 161.586 283.762 74.5787 92.9143 248.025 94.7556 105.715 276.983 189.611 174.386 312.72 169.434 161.586 283.762 74.5787
element 115
  poly 0: 317.644 271.081 35.6736 384.213 229.525 20.1273 422.213 257.403 108.325 355.645 298.959 123.871 317.644 271.081 35.6736
  poly 1: 324.916 285.621 27.9449 391.484 244.064 12.3986 429.485 271.942 100.596 362.916 313.499 116.142 324.916 285.621 27.9449
element 116
  poly 0: 432.934 347.5 -49.8114 444.52 271.866 -26.4621 492.897 304.363 54.8006 481.311 379.997 31.4513 432.934 347.5 -49.8114
  poly 1: 448.471 347.077 -58.8912 460.056 271.442 -35.5419 508.433 303.939 45.7208 496.848 379.574 22.3715 448.471 347.077 -58.8912
element 117
  poly 0: 573.235 266.601 -112.971 521.63 231.031 -63.2548 579.224 256.19 14.5269 630.828 291.76 -35.1895 573.235 266.601 -112.971
  poly 1: 582.274 251.127 -114.659 530.67 215.557 -64.9429 588.263 240.716 12.8387 639.868 276.287 -36.8777 582.274 251.127 -114.659
element 118
  poly 0: -570.939 423.186 -191.137 -591.131 350.29 -165.092 -653.179 391.348 -98.2778 -632.988 464.245 -124.323 -570.939 423.186 -191.137
  poly 1: -557.574 423.787 -179.095 -577.766 350.89 -153.05 -639.814 391.949 -86.2354 -619.623 464.846 -112.28 -557.574 423.787 -179.095
element 119
  poly 0: -504.187 371.591 -107.674 -566.359 327.826 -132.56 -622.083 364.676 -58.1497 -559.911 408.441 -33.2644 -504.187 371.591 -107.674
  poly 1: -498.923 358.062 -97.0324 -561.095 314.297 -121.918 -616.819 351.147 -47.5076 -554.647 394.912 -22.6223 -498.923 358.062 -97.0324
element 120
  poly 0: -376.059 377.391 -34.2327 -311.608 351.234 5.28907 -347.602 390.453 89.943 -412.053 416.609 50.4213 -376.059 377.391 -34.2327
  poly 1: -367.589 392.867 -37.8016 -303.139 366.711 1.72011 -339.133 405.93 86.3741 -403.583 432.086 46.8524 -367.589 392.867 -37.8016
element 121
  poly 0: -229.383 480.679 -32.9905 -237.861 410.077 3.66208 -261.971 457.057 88.5826 -253.494 527.66 51.9299 -229.383 480.679 -32.9905
  poly 1: -212.019 481.048 -28.2643 -220.496 410.445 8.38833 -244.607 457.426 93.3088 -236.129 528.028 56.6562 -212.019 481.048 -28.2643
element 122
  poly 0: -85.9529 419.916 30.1399 -155.409 381.107 38.4878 -168.204 423.311 128.238 -98.7481 462.121 119.89 -85.9529 419.916 30.1399
  poly 1: -77.3231 406.13 37.8528 -146.779 367.321 46.2007 -159.575 409.526 135.951 -90.1184 448.335 127.603 -77.3231 406.13 37.8528
element 123
  poly 0: 77.7142 408.853 36.2534 147.856 371.188 44.0899 160.651 413.661 133.713 90.5088 451.326 125.877 77.7142 408.853 36.2534
  poly 1: 86.0584 422.772 28.466 156.201 385.106 36.3025 168.995 427.58 125.926 98.853 465.245 118.089 86.0584 422.772 28.466
element 124
  poly 0: 212.129 487.305 -31.9086 220.477 417.005 5.35074 244.6 464.673 89.8841 236.252 534.973 52.6247 212.129 487.305 -31.9086
  poly 1: 229.497 486.871 -36.6195 237.845 416.571 0.639814 261.967 464.239 85.1731 253.619 534.538 47.9138 229.497 486.871 -36.6195
element 125
  poly 0: 367.334 402.304 -42.1183 304.333 374.098 -1.68018 340.348 414.326 82.49 403.349 442.532 42.0519 367.334 402.304 -42.1183
  poly 1: 376.336 387.096 -38.7015 313.335 358.889 1.73659 349.35 399.117 85.9068 412.351 427.324 45.4687 376.336 387.096 -38.7015
element 126
  poly 0: 498.57 364.778 -99.7221 559.266 317.37 -121.366 615.014 354.949 -47.3387 554.318 402.356 -25.6952 498.57 364.778 -99.7221
  poly 1: 504.636 377.602 -110.801 565.332 330.195 -132.444 621.081 367.773 -58.4172 560.384 415.181 -36.7737 504.636 377.602 -110.801
element 127
  poly 0: 558.12 423.763 -179.587 578.312 350.866 -153.542 640.36 391.924 -86.7274 620.169 464.821 -112.772 558.12 423.763 -179.587
  poly 1: 571.485 423.162 -191.629 591.677 350.265 -165.584 653.725 391.324 -98.7698 633.534 464.22 -124.815 571.485 423.162 -191.629
element 128
  poly 0: -534.997 453.661 -183.296 -487.812 422.265 -126.835 -540.475 469.826 -56.3762 -587.66 501.223 -112.837 -534.997 453.661 -183.296
  poly 1: -523.977 467.832 -184.625 -476.792 436.436 -128.164 -529.456 483.997 -57.7054 -576.641 515.393 -114.166 -523.977 467.832 -184.625
element 129
  poly 0: -404.028 542.001 -155.29 -417.624 475.096 -113.59 -461.951 528.826 -41.8378 -448.354 595.73 -83.5378 -404.028 542.001 -155.29
  poly 1: -388.185 543.965 -146.973 -401.782 477.06 -105.273 -446.109 530.79 -33.5214 -432.512 597.694 -75.2214 -388.185 543.965 -146.973
element 130
  poly 0: -293.323 507.744 -71.3142 -360.419 464.191 -72.4495 -395.032 515.466 6.11737 -327.936 559.019 7.25273 -293.323 507.744 -71.3142
  poly 1: -285.755 495.794 -60.1815 -352.851 452.241 -61.3168 -387.464 503.517 17.2501 -320.368 547.07 18.3854 -285.755 495.794 -60.1815
element 131
  poly 0: -149.345 514.87 -35.7799 -80.5781 485.485 -7.36001 -91.9081 539.576 75.9817 -160.675 568.961 47.5618 -149.345 514.87 -35.7799
  poly 1: -140.376 528.49 -43.4 -71.6091 499.105 -14.9801 -82.9391 553.195 68.3616 -151.706 582.58 39.9418 -140.376 528.49 -43.4
element 132
  poly 0: -9.06984 599.429 -83.122 -9.06984 535.357 -35.2183 -9.06984 595.236 44.8718 -9.06984 659.308 -3.03189 -9.06984 599.429 -83.122
  poly 1: 8.93016 599.429 -83.122 8.93016 535.357 -35.2183 8.93016 595.236 44.8718 8.93016 659.308 -3.03189 8.93016 599.429 -83.122
element 133
  poly 0: 139.994 532.542 -45.767 72.5505 501.37 -16.108 83.8882 555.876 66.9612 151.332 587.049 37.3022 139.994 532.542 -45.767
  poly 1: 149.458 519.18 -38.2909 82.0142 488.008 -8.6319 93.3519 542.514 74.4373 160.795 573.687 44.7782 149.458 519.18 -38.2909
element 134
  poly 0: 284.166 502.812 -64.5361 352.074 460.557 -66.3001 386.687 512.935 11.5362 318.779 555.19 13.3002 284.166 502.812 -64.5361
  poly 1: 291.358 514.842 -75.8298 359.266 472.588 -77.5938 393.879 524.965 0.242489 325.972 567.22 2.00647 291.358 514.842 -75.8298
element 135
  poly 0: 387.239 553.069 -154.815 401.734 486.828 -112.365 445.932 541.884 -41.5455 431.437 608.125 -83.9956 387.239 553.069 -154.815
  poly 1: 403.053 551.157 -163.198 417.547 484.916 -120.748 461.745 539.972 -49.9284 447.251 606.213 -92.3785 403.053 551.157 -163.198
element 136
  poly 0: 526.27 470.77 -189.593 476.553 443.281 -133.268 529.19 491.529 -63.2584 578.908 519.018 -119.583 526.27 470.77 -189.593
  poly 1: 536.715 456.267 -187.452 486.997 428.778 -131.127 539.635 477.026 -61.1168 589.353 504.515 -117.442 536.715 456.267 -187.452
element 137
  poly 0: -447.178 558.92 -201.062 -511.657 512.413 -209.975 -562.216 570.238 -145.944 -497.737 616.746 -137.03 -447.178 558.92 -201.062
  poly 1: -441.637 548.617 -187.382 -506.117 502.109 -196.295 -556.676 559.934 -132.264 -492.196 606.442 -123.351 -441.637 548.617 -187.382
element 138
  poly 0: -345.912 575.846 -151.041 -281.149 558.791 -107.282 -313.575 620.224 -35.3475 -378.338 637.279 -79.1066 -345.912 575.846 -151.041
  poly 1: -337.103 589.521 -158.748 -272.34 572.466 -114.989 -304.766 633.898 -43.055 -369.529 650.954 -86.814 -337.103 589.521 -158.748
element 139
  poly 0: -74.809 633.792 -116.789 -143.834 598.564 -96.9257 -155.163 663.274 -21.5318 -86.1383 698.502 -41.3953 -74.809 633.792 -116.789
  poly 1: -65.941 622.589 -105.841 -134.966 587.361 -85.9778 -146.295 652.071 -10.5839 -77.2703 687.299 -30.4474 -65.941 622.589 -105.841
element 140
  poly 0: 62.6846 621.478 -104.909 133.013 588.059 -86.549 144.343 653.146 -11.4801 74.014 686.564 -29.8405 62.6846 621.478 -104.909
  poly 1: 71.0179 632.888 -116.061 141.347 599.47 -97.7002 152.676 664.557 -22.6313 82.3473 697.975 -40.9917 71.0179 632.888 -116.061
element 141
  poly 0: 335.776 594.047 -162.917 272.235 575.668 -117.92 304.534 638.112 -46.8043 368.075 656.491 -91.8012 335.776 594.047 -162.917
  poly 1: 345.039 580.609 -155.325 281.498 562.23 -110.328 313.797 624.675 -39.2124 377.338 643.054 -84.2093 345.039 580.609 -155.325
element 142
  poly 0: 442.984 554.766 -193.942 505.912 505.595 -198.665 556.361 564.056 -135.127 493.433 613.227 -130.404 442.984 554.766 -193.942
  poly 1: 449.392 564.298 -207.801 512.32 515.127 -212.524 562.769 573.589 -148.985 499.841 622.759 -144.263 449.392 564.298 -207.801
