element 0
  poly 0: -640.904 1241.55 171.826 -473.365 1241.55 -128.219 -473.365 0.650809 -128.219 -640.904 0.650809 171.826 -640.904 1241.55 171.826
  poly 1: -606.83 1241.55 151.826 -455.902 1241.55 -118.468 -455.902 0.650809 -118.468 -606.83 0.650809 151.826 -606.83 1241.55 151.826
element 1
  poly 0: 640.904 1251.52 171.826 317.253 1251.52 171.826 317.253 100.426 171.826 640.904 100.426 171.826 640.904 1251.52 171.826
  poly 1: 640.904 1251.52 151.826 317.253 1251.52 151.826 317.253 100.426 151.826 640.904 100.426 151.826 640.904 1251.52 151.826
element 2
  poly 0: 317.253 1251.52 171.826 -6.39804 1251.52 171.826 -6.39804 100.426 171.826 317.253 100.426 171.826 317.253 1251.52 171.826
  poly 1: 317.253 1251.52 151.826 -6.39804 1251.52 151.826 -6.39804 100.426 151.826 317.253 100.426 151.826 317.253 1251.52 151.826
element 3
  poly 0: -317.253 -276.201 171.826 -640.904 -276.201 171.826 -640.904 -803.094 171.826 -317.253 -803.094 171.826 -317.253 -276.201 171.826
  poly 1: -317.253 -276.201 151.826 -606.83 -276.201 151.826 -606.83 -803.094 151.826 -317.253 -803.094 151.826 -317.253 -276.201 151.826
element 4
  poly 0: -317.253 1241.55 171.826 -640.904 1241.55 171.826 -640.904 0.650809 171.826 -317.253 0.650809 171.826 -317.253 1241.55 171.826
  poly 1: -317.253 1241.55 151.826 -606.83 1241.55 151.826 -606.83 0.650809 151.826 -317.253 0.650809 151.826 -317.253 1241.55 151.826
element 5
  poly 0: -640.904 -957.375 171.826 -640.904 -957.375 -171.826 -640.904 -1251.52 -171.826 -640.904 -1251.52 171.826 -640.904 -957.375 171.826
  poly 1: -620.904 -957.375 151.826 -620.904 -957.375 -171.826 -620.904 -1251.52 -171.826 -620.904 -1251.52 151.826 -620.904 -957.375 151.826
element 6
  poly 0: 317.253 -389.313 171.826 -6.39801 -389.313 171.826 -6.39801 -754.852 171.826 317.253 -754.852 171.826 317.253 -389.313 171.826
  poly 1: 317.253 -389.313 151.826 -6.39801 -389.313 151.826 -6.39801 -754.852 151.826 317.253 -754.852 151.826 317.253 -389.313 151.826
element 7
  poly 0: 371.809 -959.314 171.826 170.693 -959.314 77.8221 170.693 -1233.31 77.8221 371.809 -1233.31 171.826 371.809 -959.314 171.826
  poly 1: 376.252 -959.314 151.826 179.162 -959.314 59.7036 179.162 -1233.31 59.7036 376.252 -1233.31 151.826 376.252 -959.314 151.826
element 8
  poly 0: -640.904 -276.201 171.826 -473.365 -276.201 -128.219 -473.365 -803.094 -128.219 -640.904 -803.094 171.826 -640.904 -276.201 171.826
  poly 1: -606.83 -276.201 151.826 -455.902 -276.201 -118.468 -455.902 -803.094 -118.468 -606.83 -803.094 151.826 -606.83 -276.201 151.826
element 9
  poly 0: -317.253 -957.375 171.826 -640.904 -957.375 171.826 -640.904 -1251.52 171.826 -317.253 -1251.52 171.826 -317.253 -957.375 171.826
  poly 1: -317.253 -957.375 151.826 -620.904 -957.375 151.826 -620.904 -1251.52 151.826 -317.253 -1251.52 151.826 -317.253 -957.375 151.826
element 10
  poly 0: 593.809 -959.314 171.826 371.809 -959.314 171.826 371.809 -1233.31 171.826 593.809 -1233.31 171.826 593.809 -959.314 171.826
  poly 1: 593.809 -959.314 151.826 376.252 -959.314 151.826 376.252 -1233.31 151.826 593.809 -1233.31 151.826 593.809 -959.314 151.826
element 11
  poly 0: 640.904 -389.313 171.826 317.253 -389.313 171.826 317.253 -754.852 171.826 640.904 -754.852 171.826 640.904 -389.313 171.826
  poly 1: 640.904 -389.313 151.826 317.253 -389.313 151.826 317.253 -754.852 151.826 640.904 -754.852 151.826 640.904 -389.313 151.826
