# wood joints after construct_joint_by_index
# count=16
joint 0 type=11 v0=12 v1=0 f0_0=3 f1_0=5 name=ss_e_op_1 orient=1 div=3 shift=0.5
  jv[0] pts=5 (153.582,-426.327,985.46) (136.5,-420.459,1032.15) (160.835,-376.709,1032.8) (177.917,-382.577,986.108) (153.582,-426.327,985.46)
  jv[1] pts=5 (-174.355,-241.796,842.303) (-191.437,-235.929,888.998) (-167.103,-192.179,889.646) (-150.021,-198.047,842.952) (-174.355,-241.796,842.303)
  m[0][0] pts=8 (87.9947,-389.421,956.829) (70.9128,-383.553,1003.52) (5.32528,-346.647,974.892) (22.4071,-352.515,928.198) (-43.1804,-315.609,899.566) (-60.2623,-309.741,946.261) (-125.85,-272.835,917.629) (-108.768,-278.702,870.935)
  m[0][1] pts=2 (87.9947,-389.421,956.829) (-108.768,-278.702,870.935)
  f[0][0] pts=8 (95.2476,-339.803,1004.17) (70.9128,-383.553,1003.52) (5.32528,-346.647,974.892) (29.66,-302.897,975.54) (-35.9275,-265.991,946.909) (-60.2623,-309.741,946.261) (-125.85,-272.835,917.629) (-101.515,-229.085,918.277)
  f[0][1] pts=2 (95.2476,-339.803,1004.17) (-101.515,-229.085,918.277)
  m[1][0] pts=8 (112.329,-345.671,957.477) (95.2476,-339.803,1004.17) (29.66,-302.897,975.54) (46.7419,-308.765,928.846) (-18.8456,-271.859,900.214) (-35.9275,-265.991,946.909) (-101.515,-229.085,918.277) (-84.4332,-234.953,871.583)
  m[1][1] pts=2 (112.329,-345.671,957.477) (-84.4332,-234.953,871.583)
  f[1][0] pts=8 (112.329,-345.671,957.477) (87.9947,-389.421,956.829) (22.4071,-352.515,928.198) (46.7419,-308.765,928.846) (-18.8456,-271.859,900.214) (-43.1804,-315.609,899.566) (-108.768,-278.702,870.935) (-84.4332,-234.953,871.583)
  f[1][1] pts=2 (112.329,-345.671,957.477) (-84.4332,-234.953,871.583)
joint 1 type=11 v0=13 v1=0 f0_0=5 f1_0=3 name=ss_e_op_1 orient=1 div=3 shift=0.5
  jv[0] pts=5 (-75.5741,-27.5788,838.574) (-89.5806,-16.0938,885.335) (-113.465,-60.185,884.899) (-99.4587,-71.6701,838.138) (-75.5741,-27.5788,838.574)
  jv[1] pts=5 (254.389,-207.739,981.659) (240.383,-196.254,1028.42) (216.498,-240.346,1027.98) (230.504,-251.831,981.223) (254.389,-207.739,981.659)
  m[0][0] pts=8 (-9.58146,-63.611,867.191) (-23.588,-52.1259,913.952) (42.4046,-88.158,942.569) (56.4112,-99.6431,895.808) (122.404,-135.675,924.425) (108.397,-124.19,971.186) (174.39,-160.222,999.803) (188.396,-171.707,953.042)
  m[0][1] pts=2 (-9.58146,-63.611,867.191) (188.396,-171.707,953.042)
  f[0][0] pts=8 (-47.4727,-96.2172,913.516) (-23.588,-52.1259,913.952) (42.4046,-88.158,942.569) (18.52,-132.249,942.133) (84.5126,-168.281,970.75) (108.397,-124.19,971.186) (174.39,-160.222,999.803) (150.505,-204.314,999.367)
  f[0][1] pts=2 (-47.4727,-96.2172,913.516) (150.505,-204.314,999.367)
  m[1][0] pts=8 (-33.4661,-107.702,866.755) (-47.4727,-96.2172,913.516) (18.52,-132.249,942.133) (32.5265,-143.734,895.372) (98.5192,-179.766,923.989) (84.5126,-168.281,970.75) (150.505,-204.314,999.367) (164.512,-215.799,952.606)
  m[1][1] pts=2 (-33.4661,-107.702,866.755) (164.512,-215.799,952.606)
  f[1][0] pts=8 (-33.4661,-107.702,866.755) (-9.58146,-63.611,867.191) (56.4112,-99.6431,895.808) (32.5265,-143.734,895.372) (98.5192,-179.766,923.989) (122.404,-135.675,924.425) (188.396,-171.707,953.042) (164.512,-215.799,952.606)
  f[1][1] pts=2 (-33.4661,-107.702,866.755) (164.512,-215.799,952.606)
joint 2 type=12 v0=2 v1=15 f0_0=3 f1_0=5 name=ss_e_ip_1 orient=1 div=3 shift=0.5
  jv[0] pts=5 (137.616,-141.59,903.845) (119.992,-136.785,950.543) (143.887,-92.7027,950.946) (161.511,-97.5078,904.247) (137.616,-141.59,903.845)
  jv[1] pts=5 (-187.836,36.1086,762.736) (-205.459,40.9138,809.434) (-181.565,84.9964,809.837) (-163.941,80.1912,763.139) (-187.836,36.1086,762.736)
  jv[2] pts=5 (159.701,-100.847,904.217) (145.697,-89.3634,950.976) (121.802,-133.446,950.573) (135.806,-144.93,903.814) (159.701,-100.847,904.217)
  jv[3] pts=5 (-165.751,76.8524,763.108) (-179.754,88.3358,809.867) (-203.649,44.2529,809.464) (-189.646,32.7696,762.705) (-165.751,76.8524,763.108)
  m[0][0] pts=8 (-131.557,2.97138,814.307) (-122.745,0.568799,790.958) (-57.655,-34.971,819.179) (-75.2787,-30.1658,865.878) (-10.1883,-65.7057,894.099) (7.43536,-70.5108,847.401) (72.5257,-106.051,875.623) (63.7139,-103.648,898.972)
  m[0][1] pts=2 (-131.557,2.97138,814.307) (63.7139,-103.648,898.972)
  f[0][0] pts=8 (-107.662,47.0543,814.709) (-100.66,41.3126,791.33) (-35.57,5.77276,819.552) (-49.5738,17.2561,866.311) (15.5166,-18.2837,894.533) (29.5204,-29.7671,847.773) (94.6107,-65.3069,875.995) (87.6088,-59.5652,899.375)
  f[0][1] pts=2 (-107.662,47.0543,814.709) (87.6088,-59.5652,899.375)
  m[1][0] pts=8 (-107.662,47.054,814.709) (-98.8505,44.6514,791.36) (-33.7602,9.11159,819.582) (-51.3838,13.9168,866.28) (13.7065,-21.6231,894.502) (31.3302,-26.4282,847.804) (96.4205,-61.968,876.026) (87.6087,-59.5655,899.375)
  m[1][1] pts=2 (-107.662,47.054,814.709) (87.6087,-59.5655,899.375)
  f[1][0] pts=8 (-131.557,2.97141,814.307) (-124.555,-2.77025,790.927) (-59.4649,-38.3101,819.149) (-73.4687,-26.8268,865.908) (-8.37837,-62.3666,894.13) (5.62542,-73.8499,847.371) (70.7158,-109.39,875.592) (63.7139,-103.648,898.972)
  f[1][1] pts=2 (-131.557,2.97141,814.307) (63.7139,-103.648,898.972)
joint 3 type=11 v0=4 v1=2 f0_0=3 f1_0=5 name=ss_e_op_1 orient=1 div=3 shift=0.5
  jv[0] pts=5 (396.743,-117.945,-846.414) (420.515,-73.6308,-847.923) (409.588,-72.437,-798.828) (385.816,-116.751,-797.32) (396.743,-117.945,-846.414)
  jv[1] pts=5 (745.221,-302.095,-764.373) (768.994,-257.781,-765.882) (758.066,-256.587,-716.788) (734.294,-300.901,-715.279) (745.221,-302.095,-764.373)
  m[0][0] pts=8 (466.438,-154.775,-830.006) (490.211,-110.461,-831.515) (559.907,-147.291,-815.107) (536.134,-191.605,-813.598) (605.83,-228.435,-797.19) (629.602,-184.121,-798.698) (699.298,-220.951,-782.29) (675.525,-265.265,-780.781)
  m[0][1] pts=2 (466.438,-154.775,-830.006) (675.525,-265.265,-780.781)
  f[0][0] pts=8 (479.284,-109.267,-782.42) (490.211,-110.461,-831.515) (559.907,-147.291,-815.107) (548.979,-146.097,-766.012) (618.675,-182.927,-749.604) (629.602,-184.121,-798.698) (699.298,-220.951,-782.29) (688.371,-219.757,-733.196)
  f[0][1] pts=2 (479.284,-109.267,-782.42) (688.371,-219.757,-733.196)
  m[1][0] pts=8 (455.511,-153.581,-780.911) (479.284,-109.267,-782.42) (548.979,-146.097,-766.012) (525.207,-190.411,-764.503) (594.902,-227.241,-748.095) (618.675,-182.927,-749.604) (688.371,-219.757,-733.196) (664.598,-264.071,-731.687)
  m[1][1] pts=2 (455.511,-153.581,-780.911) (664.598,-264.071,-731.687)
  f[1][0] pts=8 (455.511,-153.581,-780.911) (466.438,-154.775,-830.006) (536.134,-191.605,-813.598) (525.207,-190.411,-764.503) (594.902,-227.241,-748.095) (605.83,-228.435,-797.19) (675.525,-265.265,-780.781) (664.598,-264.071,-731.687)
  f[1][1] pts=2 (455.511,-153.581,-780.911) (664.598,-264.071,-731.687)
joint 4 type=12 v0=3 v1=17 f0_0=5 f1_0=3 name=ss_e_ip_1 orient=1 div=3 shift=0.5
  jv[0] pts=5 (-27.5443,451.979,744.664) (-42.3942,462.059,791.383) (-64.8064,417.311,791.597) (-49.9565,407.231,744.879) (-27.5443,451.979,744.664)
  jv[1] pts=5 (303.37,286.913,885.464) (288.52,296.992,932.182) (266.108,252.245,932.397) (280.958,242.165,885.679) (303.37,286.913,885.464)
  jv[2] pts=5 (-48.9878,409.165,744.87) (-65.775,415.377,791.606) (-43.3628,460.125,791.392) (-26.5756,453.913,744.655) (-48.9878,409.165,744.87)
  jv[3] pts=5 (281.927,244.099,885.669) (265.139,250.311,932.406) (287.552,295.058,932.192) (304.339,288.846,885.455) (281.927,244.099,885.669)
  m[0][0] pts=8 (229.762,324.966,880.663) (237.187,319.926,857.304) (171.004,352.939,829.144) (156.154,363.019,875.862) (89.9716,396.032,847.703) (104.821,385.952,800.984) (38.6386,418.965,772.824) (31.2137,424.005,796.183)
  m[0][1] pts=2 (229.762,324.966,880.663) (31.2137,424.005,796.183)
  f[0][0] pts=8 (207.35,280.218,880.878) (215.744,277.112,857.509) (149.561,310.125,829.349) (132.774,316.337,876.086) (66.5907,349.351,847.926) (83.3779,343.138,801.189) (17.195,376.152,773.03) (8.80145,379.258,796.398)
  f[0][1] pts=2 (207.35,280.218,880.878) (8.80145,379.258,796.398)
  m[1][0] pts=8 (207.35,280.218,880.878) (214.775,275.178,857.519) (148.592,308.191,829.359) (133.742,318.271,876.077) (67.5593,351.284,847.917) (82.4093,341.205,801.199) (16.2264,374.218,773.039) (8.80144,379.258,796.398)
  m[1][1] pts=2 (207.35,280.218,880.878) (8.80144,379.258,796.398)
  f[1][0] pts=8 (229.762,324.966,880.663) (238.156,321.86,857.295) (171.973,354.873,829.135) (155.186,361.085,875.872) (89.0029,394.098,847.712) (105.79,387.886,800.975) (39.6072,420.899,772.815) (31.2137,424.005,796.183)
  f[1][1] pts=2 (229.762,324.966,880.663) (31.2137,424.005,796.183)
joint 5 type=11 v0=4 v1=3 f0_0=5 f1_0=3 name=ss_e_op_1 orient=1 div=3 shift=0.5
  jv[0] pts=5 (837.312,-74.6553,-777.187) (814.352,-119.046,-775.53) (806.334,-112.41,-726.623) (829.294,-68.0194,-728.279) (837.312,-74.6553,-777.187)
  jv[1] pts=5 (486.273,103.855,-858.957) (463.314,59.4647,-857.3) (455.296,66.1006,-808.393) (478.255,110.491,-810.049) (486.273,103.855,-858.957)
  m[0][0] pts=8 (767.104,-38.9532,-793.541) (744.145,-83.3436,-791.884) (673.937,-47.6415,-808.238) (696.896,-3.25109,-809.895) (626.688,32.451,-826.249) (603.729,-11.9394,-824.592) (533.521,23.7626,-840.946) (556.481,68.1531,-842.603)
  m[0][1] pts=2 (767.104,-38.9532,-793.541) (556.481,68.1531,-842.603)
  f[0][0] pts=8 (736.127,-76.7078,-742.977) (744.145,-83.3436,-791.884) (673.937,-47.6415,-808.238) (665.919,-41.0057,-759.331) (595.711,-5.30362,-775.685) (603.729,-11.9394,-824.592) (533.521,23.7626,-840.946) (525.504,30.3985,-792.039)
  f[0][1] pts=2 (736.127,-76.7078,-742.977) (525.504,30.3985,-792.039)
  m[1][0] pts=8 (759.086,-32.3174,-744.633) (736.127,-76.7078,-742.977) (665.919,-41.0057,-759.331) (688.878,3.38474,-760.987) (618.671,39.0868,-777.341) (595.711,-5.30362,-775.685) (525.504,30.3985,-792.039) (548.463,74.7889,-793.695)
  m[1][1] pts=2 (759.086,-32.3174,-744.633) (548.463,74.7889,-793.695)
  f[1][0] pts=8 (759.086,-32.3174,-744.633) (767.104,-38.9532,-793.541) (696.896,-3.25109,-809.895) (688.878,3.38474,-760.987) (618.671,39.0868,-777.341) (626.688,32.451,-826.249) (556.481,68.1531,-842.603) (548.463,74.7889,-793.695)
  f[1][1] pts=2 (759.086,-32.3174,-744.633) (548.463,74.7889,-793.695)
joint 6 type=11 v0=10 v1=7 f0_0=3 f1_0=5 name=ss_e_op_1 orient=1 div=3 shift=0.5
  jv[0] pts=5 (456.762,-469.951,-2583.01) (481.174,-425.848,-2584.57) (476.65,-429.109,-2534.45) (452.238,-473.212,-2532.89) (456.762,-469.951,-2583.01)
  jv[1] pts=5 (808.863,-664.169,-2563.87) (833.275,-620.066,-2565.43) (828.751,-623.327,-2515.3) (804.338,-667.43,-2513.74) (808.863,-664.169,-2563.87)
  m[0][0] pts=8 (527.182,-508.795,-2579.18) (551.594,-464.692,-2580.74) (622.015,-503.535,-2576.91) (597.602,-547.639,-2575.35) (668.023,-586.482,-2571.52) (692.435,-542.379,-2573.08) (762.855,-581.223,-2569.26) (738.443,-625.326,-2567.7)
  m[0][1] pts=2 (527.182,-508.795,-2579.18) (738.443,-625.326,-2567.7)
  f[0][0] pts=8 (547.07,-467.952,-2530.62) (551.594,-464.692,-2580.74) (622.015,-503.535,-2576.91) (617.49,-506.796,-2526.79) (687.91,-545.64,-2522.96) (692.435,-542.379,-2573.08) (762.855,-581.223,-2569.26) (758.33,-584.483,-2519.13)
  f[0][1] pts=2 (547.07,-467.952,-2530.62) (758.33,-584.483,-2519.13)
  m[1][0] pts=8 (522.658,-512.056,-2529.06) (547.07,-467.952,-2530.62) (617.49,-506.796,-2526.79) (593.078,-550.899,-2525.23) (663.498,-589.743,-2521.4) (687.91,-545.64,-2522.96) (758.33,-584.483,-2519.13) (733.918,-628.586,-2517.57)
  m[1][1] pts=2 (522.658,-512.056,-2529.06) (733.918,-628.586,-2517.57)
  f[1][0] pts=8 (522.658,-512.056,-2529.06) (527.182,-508.795,-2579.18) (597.602,-547.639,-2575.35) (593.078,-550.899,-2525.23) (663.498,-589.743,-2521.4) (668.023,-586.482,-2571.52) (738.443,-625.326,-2567.7) (733.918,-628.586,-2517.57)
  f[1][1] pts=2 (522.658,-512.056,-2529.06) (733.918,-628.586,-2517.57)
joint 7 type=12 v0=7 v1=18 f0_0=3 f1_0=5 name=ss_e_ip_1 orient=1 div=3 shift=0.5
  jv[0] pts=5 (436.886,-662.345,-804.687) (425.939,-661.964,-755.777) (450.52,-618.313,-754.183) (461.467,-618.694,-803.093) (436.886,-662.345,-804.687)
  jv[1] pts=5 (99.0356,-469.273,-881.809) (88.0885,-468.892,-832.9) (112.67,-425.242,-831.305) (123.617,-425.622,-880.215) (99.0356,-469.273,-881.809)
  jv[2] pts=5 (435.178,-665.378,-804.798) (427.647,-658.931,-755.667) (452.228,-615.28,-754.073) (459.76,-621.727,-803.204) (435.178,-665.378,-804.798)
  jv[3] pts=5 (97.3278,-472.306,-881.92) (89.7963,-465.86,-832.789) (114.378,-422.209,-831.195) (121.909,-428.655,-880.326) (97.3278,-472.306,-881.92)
  m[0][0] pts=8 (161.132,-507.697,-841.93) (166.606,-507.887,-866.385) (234.176,-546.502,-850.961) (223.229,-546.121,-802.051) (290.799,-584.735,-786.626) (301.746,-585.116,-835.536) (369.316,-623.731,-820.112) (363.842,-623.54,-795.657)
  m[0][1] pts=2 (161.132,-507.697,-841.93) (363.842,-623.54,-795.657)
  f[0][0] pts=8 (161.132,-507.697,-841.93) (164.898,-510.92,-866.496) (232.468,-549.534,-851.071) (224.936,-543.088,-801.94) (292.507,-581.703,-786.516) (300.038,-588.149,-835.647) (367.608,-626.763,-820.222) (363.842,-623.54,-795.657)
  f[0][1] pts=2 (161.132,-507.697,-841.93) (363.842,-623.54,-795.657)
  m[1][0] pts=8 (185.713,-464.046,-840.336) (191.187,-464.237,-864.791) (258.757,-502.851,-849.366) (247.81,-502.47,-800.457) (315.38,-541.085,-785.032) (326.327,-541.466,-833.942) (393.897,-580.08,-818.517) (388.424,-579.889,-794.063)
  m[1][1] pts=2 (185.713,-464.046,-840.336) (388.424,-579.889,-794.063)
  f[1][0] pts=8 (185.713,-464.046,-840.336) (189.479,-467.269,-864.902) (257.049,-505.884,-849.477) (249.518,-499.437,-800.346) (317.088,-538.052,-784.921) (324.619,-544.498,-834.053) (392.189,-583.112,-818.628) (388.424,-579.889,-794.063)
  f[1][1] pts=2 (185.713,-464.046,-840.336) (388.424,-579.889,-794.063)
joint 8 type=11 v0=18 v1=8 f0_0=3 f1_0=5 name=ss_e_op_1 orient=1 div=3 shift=0.5
  jv[0] pts=5 (-174.401,-241.771,842.283) (-159.853,-252.194,795.521) (-135.516,-208.441,796.169) (-150.064,-198.018,842.932) (-174.401,-241.771,842.283)
  jv[1] pts=5 (153.536,-426.3,985.44) (168.084,-436.723,938.677) (192.421,-392.97,939.326) (177.872,-382.547,986.088) (153.536,-426.3,985.44)
  m[0][0] pts=8 (-108.814,-278.676,870.915) (-94.2656,-289.1,824.152) (-28.6782,-326.006,852.784) (-43.2263,-315.582,899.546) (22.361,-352.488,928.177) (36.9091,-362.912,881.415) (102.496,-399.818,910.046) (87.9484,-389.394,956.808)
  m[0][1] pts=2 (-108.814,-278.676,870.915) (87.9484,-389.394,956.808)
  f[0][0] pts=8 (-69.9288,-245.347,824.801) (-94.2656,-289.1,824.152) (-28.6782,-326.006,852.784) (-4.34147,-282.253,853.432) (61.2459,-319.159,882.063) (36.9091,-362.912,881.415) (102.496,-399.818,910.046) (126.833,-356.065,910.694)
  f[0][1] pts=2 (-69.9288,-245.347,824.801) (126.833,-356.065,910.694)
  m[1][0] pts=8 (-84.4769,-234.923,871.563) (-69.9288,-245.347,824.801) (-4.34147,-282.253,853.432) (-18.8895,-271.829,900.194) (46.6978,-308.735,928.825) (61.2459,-319.159,882.063) (126.833,-356.065,910.694) (112.285,-345.641,957.457)
  m[1][1] pts=2 (-84.4769,-234.923,871.563) (112.285,-345.641,957.457)
  f[1][0] pts=8 (-84.4769,-234.923,871.563) (-108.814,-278.676,870.915) (-43.2263,-315.582,899.546) (-18.8895,-271.829,900.194) (46.6978,-308.735,928.825) (22.361,-352.488,928.177) (87.9484,-389.394,956.808) (112.285,-345.641,957.457)
  f[1][1] pts=2 (-84.4769,-234.923,871.563) (112.285,-345.641,957.457)
joint 9 type=11 v0=19 v1=8 f0_0=5 f1_0=3 name=ss_e_op_1 orient=1 div=3 shift=0.5
  jv[0] pts=5 (254.403,-207.749,981.665) (272.028,-212.556,934.97) (248.146,-256.642,934.533) (230.521,-251.836,981.229) (254.403,-207.749,981.665)
  jv[1] pts=5 (-75.5552,-27.5877,838.582) (-57.9302,-32.3938,791.887) (-81.8129,-76.4803,791.45) (-99.4379,-71.6742,838.146) (-75.5552,-27.5877,838.582)
  m[0][0] pts=8 (188.412,-171.717,953.049) (206.037,-176.523,906.353) (140.045,-140.491,877.737) (122.42,-135.685,924.432) (56.4282,-99.6524,895.815) (74.0532,-104.458,849.12) (8.06148,-68.4261,820.503) (-9.56347,-63.6201,867.199)
  m[0][1] pts=2 (188.412,-171.717,953.049) (-9.56347,-63.6201,867.199)
  f[0][0] pts=8 (182.154,-220.61,905.917) (206.037,-176.523,906.353) (140.045,-140.491,877.737) (116.162,-184.577,877.3) (50.1705,-148.545,848.683) (74.0532,-104.458,849.12) (8.06148,-68.4261,820.503) (-15.8212,-112.513,820.067)
  f[0][1] pts=2 (182.154,-220.61,905.917) (-15.8212,-112.513,820.067)
  m[1][0] pts=8 (164.529,-215.804,952.612) (182.154,-220.61,905.917) (116.162,-184.577,877.3) (98.5372,-179.771,923.996) (32.5455,-143.739,895.379) (50.1705,-148.545,848.683) (-15.8212,-112.513,820.067) (-33.4462,-107.707,866.762)
  m[1][1] pts=2 (164.529,-215.804,952.612) (-33.4462,-107.707,866.762)
  f[1][0] pts=8 (164.529,-215.804,952.612) (188.412,-171.717,953.049) (122.42,-135.685,924.432) (98.5372,-179.771,923.996) (32.5455,-143.739,895.379) (56.4282,-99.6524,895.815) (-9.56347,-63.6201,867.199) (-33.4462,-107.707,866.762)
  f[1][1] pts=2 (164.529,-215.804,952.612) (-33.4462,-107.707,866.762)
joint 10 type=11 v0=10 v1=9 f0_0=5 f1_0=3 name=ss_e_op_1 orient=1 div=3 shift=0.5
  jv[0] pts=5 (915.207,-434.05,-2572.57) (891.646,-478.126,-2570.99) (890.041,-476.131,-2521.05) (913.602,-432.054,-2522.63) (915.207,-434.05,-2572.57)
  jv[1] pts=5 (560.623,-245.186,-2591.51) (537.062,-289.263,-2589.93) (535.457,-287.268,-2540) (559.018,-243.191,-2541.58) (560.623,-245.186,-2591.51)
  m[0][0] pts=8 (844.29,-396.277,-2576.36) (820.729,-440.353,-2574.78) (749.812,-402.581,-2578.56) (773.373,-358.504,-2580.15) (702.457,-320.732,-2583.94) (678.896,-364.808,-2582.35) (607.979,-327.035,-2586.14) (631.54,-282.959,-2587.72)
  m[0][1] pts=2 (844.29,-396.277,-2576.36) (631.54,-282.959,-2587.72)
  f[0][0] pts=8 (819.124,-438.358,-2524.84) (820.729,-440.353,-2574.78) (749.812,-402.581,-2578.56) (748.207,-400.585,-2528.63) (677.29,-362.813,-2532.42) (678.896,-364.808,-2582.35) (607.979,-327.035,-2586.14) (606.373,-325.04,-2536.21)
  f[0][1] pts=2 (819.124,-438.358,-2524.84) (606.373,-325.04,-2536.21)
  m[1][0] pts=8 (842.685,-394.282,-2526.42) (819.124,-438.358,-2524.84) (748.207,-400.585,-2528.63) (771.768,-356.509,-2530.21) (700.851,-318.737,-2534) (677.29,-362.813,-2532.42) (606.373,-325.04,-2536.21) (629.934,-280.964,-2537.79)
  m[1][1] pts=2 (842.685,-394.282,-2526.42) (629.934,-280.964,-2537.79)
  f[1][0] pts=8 (842.685,-394.282,-2526.42) (844.29,-396.277,-2576.36) (773.373,-358.504,-2580.15) (771.768,-356.509,-2530.21) (700.851,-318.737,-2534) (702.457,-320.732,-2583.94) (631.54,-282.959,-2587.72) (629.934,-280.964,-2537.79)
  f[1][1] pts=2 (842.685,-394.282,-2526.42) (629.934,-280.964,-2537.79)
joint 11 type=12 v0=9 v1=19 f0_0=5 f1_0=3 name=ss_e_ip_1 orient=1 div=3 shift=0.5
  jv[0] pts=5 (285.793,-59.8723,-898.108) (277.241,-54.1896,-849.108) (254.131,-98.5763,-850.582) (262.683,-104.259,-899.581) (285.793,-59.8723,-898.108)
  jv[1] pts=5 (628.291,-240.874,-817.335) (619.738,-235.191,-768.335) (596.628,-279.578,-769.808) (605.181,-285.261,-818.808) (628.291,-240.874,-817.335)
  jv[2] pts=5 (286.961,-57.6287,-898.034) (276.073,-56.4328,-849.183) (252.963,-100.82,-850.656) (263.852,-102.015,-899.507) (286.961,-57.6287,-898.034)
  jv[3] pts=5 (629.459,-238.631,-817.26) (618.57,-237.435,-768.41) (595.46,-281.821,-769.883) (606.349,-283.017,-818.734) (629.459,-238.631,-817.26)
  m[0][0] pts=8 (555.515,-201.832,-808.99) (559.791,-204.673,-833.49) (491.292,-168.473,-849.644) (482.739,-162.79,-800.644) (414.24,-126.59,-816.799) (422.792,-132.273,-865.799) (354.293,-96.0726,-881.954) (350.016,-93.2312,-857.454)
  m[0][1] pts=2 (555.515,-201.832,-808.99) (350.016,-93.2312,-857.454)
  f[0][0] pts=8 (555.515,-201.832,-808.99) (560.959,-202.43,-833.415) (492.46,-166.23,-849.57) (481.571,-165.034,-800.719) (413.072,-128.834,-816.874) (423.96,-130.029,-865.724) (355.461,-93.8291,-881.879) (350.016,-93.2311,-857.454)
  f[0][1] pts=2 (555.515,-201.832,-808.99) (350.016,-93.2311,-857.454)
  m[1][0] pts=8 (532.405,-246.219,-810.463) (536.681,-249.06,-834.963) (468.182,-212.86,-851.117) (459.629,-207.177,-802.118) (391.13,-170.977,-818.272) (399.682,-176.66,-867.272) (331.183,-140.459,-883.427) (326.907,-137.618,-858.927)
  m[1][1] pts=2 (532.405,-246.219,-810.463) (326.907,-137.618,-858.927)
  f[1][0] pts=8 (532.405,-246.219,-810.463) (537.849,-246.817,-834.888) (469.35,-210.617,-851.043) (458.461,-209.421,-802.192) (389.962,-173.22,-818.347) (400.85,-174.416,-867.198) (332.351,-138.216,-883.352) (326.907,-137.618,-858.927)
  f[1][1] pts=2 (532.405,-246.219,-810.463) (326.907,-137.618,-858.927)
joint 12 type=11 v0=20 v1=11 f0_0=5 f1_0=3 name=ss_e_op_1 orient=1 div=3 shift=0.5
  jv[0] pts=5 (735.435,-296.931,-766.677) (759.064,-252.889,-768.177) (767.591,-258.556,-817.119) (743.962,-302.598,-815.619) (735.435,-296.931,-766.677)
  jv[1] pts=5 (387.387,-112.991,-848.617) (411.016,-68.9494,-850.116) (419.543,-74.617,-899.058) (395.914,-118.659,-897.559) (387.387,-112.991,-848.617)
  m[0][0] pts=8 (665.826,-260.143,-783.065) (689.454,-216.101,-784.565) (619.845,-179.313,-800.952) (596.216,-223.355,-799.453) (526.606,-186.567,-815.841) (550.235,-142.525,-817.34) (480.625,-105.737,-833.728) (456.997,-149.779,-832.229)
  m[0][1] pts=2 (665.826,-260.143,-783.065) (456.997,-149.779,-832.229)
  f[0][0] pts=8 (697.981,-221.768,-833.507) (689.454,-216.101,-784.565) (619.845,-179.313,-800.952) (628.372,-184.981,-849.895) (558.762,-148.193,-866.282) (550.235,-142.525,-817.34) (480.625,-105.737,-833.728) (489.152,-111.405,-882.67)
  f[0][1] pts=2 (697.981,-221.768,-833.507) (489.152,-111.405,-882.67)
  m[1][0] pts=8 (674.353,-265.81,-832.007) (697.981,-221.768,-833.507) (628.372,-184.981,-849.895) (604.743,-229.022,-848.395) (535.133,-192.235,-864.783) (558.762,-148.193,-866.282) (489.152,-111.405,-882.67) (465.524,-155.447,-881.171)
  m[1][1] pts=2 (674.353,-265.81,-832.007) (465.524,-155.447,-881.171)
  f[1][0] pts=8 (674.353,-265.81,-832.007) (665.826,-260.143,-783.065) (596.216,-223.355,-799.453) (604.743,-229.022,-848.395) (535.133,-192.235,-864.783) (526.606,-186.567,-815.841) (456.997,-149.779,-832.229) (465.524,-155.447,-881.171)
  f[1][1] pts=2 (674.353,-265.81,-832.007) (465.524,-155.447,-881.171)
joint 13 type=11 v0=16 v1=15 f0_0=5 f1_0=3 name=ss_e_op_1 orient=1 div=3 shift=0.5
  jv[0] pts=5 (-395.412,285.369,2604.48) (-372.736,330.252,2606.2) (-352.328,315.307,2562.71) (-375.004,270.425,2560.99) (-395.412,285.369,2604.48)
  jv[1] pts=5 (-703.686,448.812,2403.68) (-681.01,493.694,2405.4) (-660.602,478.75,2361.9) (-683.278,433.868,2360.18) (-703.686,448.812,2403.68)
  m[0][0] pts=8 (-457.067,318.058,2564.32) (-434.391,362.94,2566.04) (-496.045,395.629,2525.88) (-518.722,350.746,2524.16) (-580.376,383.435,2484) (-557.7,428.317,2485.72) (-619.355,461.006,2445.56) (-642.031,416.124,2443.84)
  m[0][1] pts=2 (-457.067,318.058,2564.32) (-642.031,416.124,2443.84)
  f[0][0] pts=8 (-413.983,347.995,2522.55) (-434.391,362.94,2566.04) (-496.045,395.629,2525.88) (-475.637,380.684,2482.39) (-537.292,413.373,2442.22) (-557.7,428.317,2485.72) (-619.355,461.006,2445.56) (-598.947,446.061,2402.06)
  f[0][1] pts=2 (-413.983,347.995,2522.55) (-598.947,446.061,2402.06)
  m[1][0] pts=8 (-436.659,303.113,2520.83) (-413.983,347.995,2522.55) (-475.637,380.684,2482.39) (-498.313,335.802,2480.67) (-559.968,368.49,2440.51) (-537.292,413.373,2442.22) (-598.947,446.061,2402.06) (-621.623,401.179,2400.34)
  m[1][1] pts=2 (-436.659,303.113,2520.83) (-621.623,401.179,2400.34)
  f[1][0] pts=8 (-436.659,303.113,2520.83) (-457.067,318.058,2564.32) (-518.722,350.746,2524.16) (-498.313,335.802,2480.67) (-559.968,368.49,2440.51) (-580.376,383.435,2484) (-642.031,416.124,2443.84) (-621.623,401.179,2400.34)
  f[1][1] pts=2 (-436.659,303.113,2520.83) (-621.623,401.179,2400.34)
joint 14 type=11 v0=17 v1=16 f0_0=5 f1_0=3 name=ss_e_op_1 orient=1 div=3 shift=0.5
  jv[0] pts=5 (-305.969,514.095,2599.41) (-282.784,504.663,2556.12) (-304.728,459.751,2554.8) (-327.913,469.184,2598.08) (-305.969,514.095,2599.41)
  jv[1] pts=5 (-616.711,671.852,2398.6) (-593.526,662.419,2355.31) (-615.47,617.508,2353.99) (-638.655,626.94,2397.27) (-616.711,671.852,2398.6)
  m[0][0] pts=8 (-368.117,545.647,2559.25) (-344.932,536.214,2515.96) (-407.081,567.765,2475.8) (-430.266,577.198,2519.09) (-492.414,608.749,2478.92) (-469.229,599.317,2435.64) (-531.378,630.868,2395.47) (-554.563,640.3,2438.76)
  m[0][1] pts=2 (-368.117,545.647,2559.25) (-554.563,640.3,2438.76)
  f[0][0] pts=8 (-366.876,491.303,2514.64) (-344.932,536.214,2515.96) (-407.081,567.765,2475.8) (-429.025,522.854,2474.47) (-491.173,554.405,2434.31) (-469.229,599.317,2435.64) (-531.378,630.868,2395.47) (-553.322,585.956,2394.15)
  f[0][1] pts=2 (-366.876,491.303,2514.64) (-553.322,585.956,2394.15)
  m[1][0] pts=8 (-390.061,500.735,2557.92) (-366.876,491.303,2514.64) (-429.025,522.854,2474.47) (-452.21,532.286,2517.76) (-514.358,563.838,2477.6) (-491.173,554.405,2434.31) (-553.322,585.956,2394.15) (-576.507,595.389,2437.44)
  m[1][1] pts=2 (-390.061,500.735,2557.92) (-576.507,595.389,2437.44)
  f[1][0] pts=8 (-390.061,500.735,2557.92) (-368.117,545.647,2559.25) (-430.266,577.198,2519.09) (-452.21,532.286,2517.76) (-514.358,563.838,2477.6) (-492.414,608.749,2478.92) (-554.563,640.3,2438.76) (-576.507,595.389,2437.44)
  f[1][1] pts=2 (-390.061,500.735,2557.92) (-576.507,595.389,2437.44)
joint 15 type=11 v0=21 v1=20 f0_0=5 f1_0=3 name=ss_e_op_1 orient=1 div=3 shift=0.5
  jv[0] pts=5 (833.11,-72.5136,-778.168) (844.658,-72.3246,-827.33) (821.471,-117.157,-825.657) (809.924,-117.346,-776.495) (833.11,-72.5136,-778.168)
  jv[1] pts=5 (482.601,105.717,-859.811) (494.148,105.906,-908.973) (470.961,61.0732,-907.3) (459.414,60.8843,-858.138) (482.601,105.717,-859.811)
  m[0][0] pts=8 (763.008,-36.8675,-794.496) (774.556,-36.6785,-843.659) (704.454,-1.03246,-859.987) (692.907,-1.22142,-810.825) (622.805,34.4247,-827.154) (634.352,34.6136,-876.316) (564.25,70.2597,-892.644) (552.703,70.0708,-843.482)
  m[0][1] pts=2 (763.008,-36.8675,-794.496) (552.703,70.0708,-843.482)
  f[0][0] pts=8 (751.369,-81.5111,-841.985) (774.556,-36.6785,-843.659) (704.454,-1.03246,-859.987) (681.267,-45.865,-858.314) (611.165,-10.219,-874.643) (634.352,34.6136,-876.316) (564.25,70.2597,-892.644) (541.063,25.4271,-890.971)
  f[0][1] pts=2 (751.369,-81.5111,-841.985) (541.063,25.4271,-890.971)
  m[1][0] pts=8 (739.822,-81.7001,-792.823) (751.369,-81.5111,-841.985) (681.267,-45.865,-858.314) (669.72,-46.054,-809.152) (599.618,-10.4079,-825.48) (611.165,-10.219,-874.643) (541.063,25.4271,-890.971) (529.516,25.2382,-841.809)
  m[1][1] pts=2 (739.822,-81.7001,-792.823) (529.516,25.2382,-841.809)
  f[1][0] pts=8 (739.822,-81.7001,-792.823) (763.008,-36.8675,-794.496) (692.907,-1.22142,-810.825) (669.72,-46.054,-809.152) (599.618,-10.4079,-825.48) (622.805,34.4247,-827.154) (552.703,70.0708,-843.482) (529.516,25.2382,-841.809)
  f[1][1] pts=2 (739.822,-81.7001,-792.823) (529.516,25.2382,-841.809)
