element 0
  poly 0: -647.361 -39 0 -507.361 -39 0 -507.361 -180 0 -647.361 -180 0 -647.361 -39 0
  poly 1: -647.361 -39 40 -507.361 -39 40 -507.361 -180 40 -647.361 -180 40 -647.361 -39 40
element 1
  poly 0: -675.138 -80.9001 40 -560.457 -0.59943 40 -479.583 -116.1 40 -594.264 -196.401 40 -675.138 -80.9001 40
  poly 1: -675.138 -80.9001 80 -560.457 -0.59943 80 -479.583 -116.1 80 -594.264 -196.401 80 -675.138 -80.9001 80
element 2
  poly 0: -597.361 231 0 -557.361 231 0 -557.361 90 0 -597.361 90 0 -597.361 231 0
  poly 1: -597.361 231 40 -557.361 231 40 -557.361 90 40 -597.361 90 40 -597.361 231 40
element 3
  poly 0: -634.181 207.779 40 -601.415 230.722 40 -520.54 115.221 40 -553.306 92.2783 40 -634.181 207.779 40
  poly 1: -634.181 207.779 80 -601.415 230.722 80 -520.54 115.221 80 -553.306 92.2783 80 -634.181 207.779 80
element 4
  poly 0: -414.181 287.779 40 -381.415 310.722 40 -300.54 195.221 40 -333.306 172.278 40 -414.181 287.779 40
  poly 1: -414.181 287.779 80 -381.415 310.722 80 -300.54 195.221 80 -333.306 172.278 80 -414.181 287.779 80
element 5
  poly 0: -377.361 231 0 -337.361 231 0 -337.361 90 0 -377.361 90 0 -377.361 231 0
  poly 1: -377.361 231 40 -337.361 231 40 -337.361 90 40 -377.361 90 40 -377.361 231 40
element 6
  poly 0: -415.138 -10.9001 40 -300.457 69.4006 40 -219.583 -46.0999 40 -334.264 -126.401 40 -415.138 -10.9001 40
  poly 1: -415.138 -10.9001 80 -300.457 69.4006 80 -219.583 -46.0999 80 -334.264 -126.401 80 -415.138 -10.9001 80
element 7
  poly 0: -427.361 -39 0 -287.361 -39 0 -287.361 -180 0 -427.361 -180 0 -427.361 -39 0
  poly 1: -427.361 -39 40 -287.361 -39 40 -287.361 -180 40 -427.361 -180 40 -427.361 -39 40
element 8
  poly 0: -207.361 7.09523 40 -67.3605 7.09523 40 -67.3605 -133.905 40 -207.361 -133.905 40 -207.361 7.09523 40
  poly 1: -207.361 7.09523 80 -67.3605 7.09523 80 -67.3605 -133.905 80 -207.361 -133.905 80 -207.361 7.09523 80
element 9
  poly 0: -207.361 -39 0 -67.3605 -39 0 -67.3605 -180 0 -207.361 -180 0 -207.361 -39 0
  poly 1: -207.361 -39 40 -67.3605 -39 40 -67.3605 -180 40 -207.361 -180 40 -207.361 -39 40
element 10
  poly 0: -157.361 231 0 -117.361 231 0 -117.361 90 0 -157.361 90 0 -157.361 231 0
  poly 1: -157.361 231 40 -117.361 231 40 -117.361 90 40 -157.361 90 40 -157.361 231 40
element 11
  poly 0: -207.861 140.5 40 -207.861 180.5 40 -66.8605 180.5 40 -66.8605 140.5 40 -207.861 140.5 40
  poly 1: -207.861 140.5 80 -207.861 180.5 80 -66.8605 180.5 80 -66.8605 140.5 80 -207.861 140.5 80
element 12
  poly 0: 62.7576 207.779 40 95.5237 230.722 40 176.398 115.221 40 143.632 92.2783 40 62.7576 207.779 40
  poly 1: 62.7576 207.779 80.4328 95.5237 230.722 80.4328 176.398 115.221 80.4328 143.632 92.2783 80.4328 62.7576 207.779 80.4328
element 13
  poly 0: 99.5778 231 21.9119 139.578 231 21.9119 139.578 90 21.9119 99.5778 90 21.9119 99.5778 231 21.9119
  poly 1: 99.5778 231 40 139.578 231 40 139.578 90 40 99.5778 90 40 99.5778 231 40
element 14
  poly 0: 21.8 -80.9001 40 136.481 -0.59943 40 217.356 -116.1 40 102.674 -196.401 40 21.8 -80.9001 40
  poly 1: 21.8 -80.9001 80 136.481 -0.59943 80 217.356 -116.1 80 102.674 -196.401 80 21.8 -80.9001 80
element 15
  poly 0: 49.5778 -39 -12.373 189.578 -39 -12.373 189.578 -180 -12.373 49.5778 -180 -12.373 49.5778 -39 -12.373
  poly 1: 49.5778 -39 40 189.578 -39 40 189.578 -180 40 49.5778 -180 40 49.5778 -39 40
element 16
  poly 0: 281.8 -10.9001 40 396.481 69.4006 40 477.356 -46.0999 40 362.674 -126.401 40 281.8 -10.9001 40
  poly 1: 281.8 -10.9001 64.9929 396.481 69.4006 64.9929 477.356 -46.0999 64.9929 362.674 -126.401 64.9929 281.8 -10.9001 64.9929
element 17
  poly 0: 269.578 -39 0 409.578 -39 0 409.578 -180 0 269.578 -180 0 269.578 -39 0
  poly 1: 269.578 -39 40 409.578 -39 40 409.578 -180 40 269.578 -180 40 269.578 -39 40
element 18
  poly 0: 319.578 231 0 359.578 231 0 359.578 90 0 319.578 90 0 319.578 231 0
  poly 1: 319.578 231 40 359.578 231 40 359.578 90 40 319.578 90 40 319.578 231 40
element 19
  poly 0: 282.758 287.779 40 315.524 310.722 40 396.398 195.221 40 363.632 172.278 40 282.758 287.779 40
  poly 1: 282.758 287.779 63.2674 315.524 310.722 63.2674 396.398 195.221 63.2674 363.632 172.278 63.2674 282.758 287.779 63.2674
element 20
  poly 0: 489.078 140.5 40 489.078 180.5 40 630.078 180.5 40 630.078 140.5 40 489.078 140.5 40
  poly 1: 489.078 140.5 65.8227 489.078 180.5 65.8227 630.078 180.5 65.8227 630.078 140.5 65.8227 489.078 140.5 65.8227
element 21
  poly 0: 539.578 231 0 579.578 231 0 579.578 90 0 539.578 90 0 539.578 231 0
  poly 1: 539.578 231 40 579.578 231 40 579.578 90 40 539.578 90 40 539.578 231 40
element 22
  poly 0: 489.578 7.09523 40 629.578 7.09523 40 629.578 -133.905 40 489.578 -133.905 40 489.578 7.09523 40
  poly 1: 489.578 7.09523 49.1788 629.578 7.09523 49.1788 629.578 -133.905 49.1788 489.578 -133.905 49.1788 489.578 7.09523 49.1788
element 23
  poly 0: 489.578 -39 0 629.578 -39 0 629.578 -180 0 489.578 -180 0 489.578 -39 0
  poly 1: 489.578 -39 40 629.578 -39 40 629.578 -180 40 489.578 -180 40 489.578 -39 40
