element 0
  poly 0: 21440.4 -853.908 -16369.6 328.699 -169.905 169.473 338.143 -132.444 179.978 417.002 -134.999 118.199 407.559 -172.46 107.694 644.137 -180.125 -77.6436 653.581 -142.664 -67.1385 732.44 -145.219 -128.918 722.997 -182.68 -139.423 880.716 -187.79 -262.981 990.204 -191.337 -348.754 917.399 -264.036 -327.299 927.339 -297.076 -350.596 854.486 -369.822 -329.127 844.546 -336.782 -305.83 625.988 -555.021 -241.421 635.928 -588.062 -264.718 563.075 -660.808 -243.249 553.135 -627.768 -219.952 407.429 -773.261 -177.013 326.663 -853.908 -153.212 237.813 -853.908 -84.9702 249.846 -893.908 -113.174 155.219 -893.908 -40.4957 143.185 -853.908 -12.2915 -140.699 -853.908 205.745 -128.665 -893.908 177.54 -223.293 -893.908 250.219 -235.327 -853.908 278.423 -424.582 -853.908 423.781 -523.113 -853.908 499.457 21440.4 -853.908 -16369.6
  poly 1: 20979.7 -853.908 -15961.9 351.108 -185.557 198.725 360.552 -148.096 209.23 439.411 -150.651 147.451 429.968 -188.112 136.946 666.546 -195.777 -48.3915 675.99 -158.316 -37.8865 754.849 -160.871 -99.6656 745.406 -198.332 -110.171 903.125 -203.442 -233.729 1014.31 -207.044 -320.836 941.414 -279.838 -299.352 951.354 -312.879 -322.649 878.501 -385.625 -301.18 868.561 -352.585 -277.883 650.003 -570.824 -213.474 659.943 -603.864 -236.771 587.09 -676.611 -215.302 577.15 -643.57 -192.005 431.444 -789.063 -149.066 366.504 -853.908 -129.929 263.843 -853.908 -51.0793 275.876 -893.908 -79.2836 181.248 -893.908 -6.60484 169.215 -853.908 21.5994 -114.669 -853.908 239.636 -102.635 -893.908 211.431 -197.263 -893.908 284.11 -209.297 -853.908 312.314 -398.553 -853.908 457.672 -489.277 -853.908 527.353 20979.7 -853.908 -15961.9
element 1
  poly 0: 28350.8 -853.908 -22485.3 22.2613 63.9129 -292.574 31.7047 101.374 -282.069 103.661 99.0423 -338.44 94.2175 61.5816 -348.945 310.086 54.5876 -518.058 319.529 92.0483 -507.553 391.485 89.717 -563.924 382.042 52.2563 -574.429 525.954 47.5936 -687.171 628.539 44.27 -767.536 529.517 -54.6072 -738.355 539.457 -87.6477 -761.652 440.387 -186.573 -732.456 430.447 -153.532 -709.159 133.238 -450.307 -621.573 143.178 -483.348 -644.87 44.1084 -582.272 -615.675 34.1684 -549.232 -592.378 -163.971 -747.082 -533.987 -270.953 -853.908 -502.459 -349.795 -853.908 -441.905 -337.762 -893.908 -470.109 -422.381 -893.908 -405.118 -434.415 -853.908 -376.914 -688.272 -853.908 -181.939 -676.238 -893.908 -210.143 -760.858 -893.908 -145.151 -772.891 -853.908 -116.947 -942.13 -853.908 13.0359 -1030.65 -853.908 81.0252 28350.8 -853.908 -22485.3
  poly 1: 27890.1 -853.908 -22077.6 44.6705 48.2609 -263.322 54.1139 85.7216 -252.817 126.07 83.3903 -309.188 116.627 45.9296 -319.693 332.495 38.9356 -488.806 341.938 76.3963 -478.301 413.895 74.065 -534.672 404.451 36.6043 -545.177 548.363 31.9417 -657.919 652.65 28.5629 -739.617 553.532 -70.4099 -710.408 563.472 -103.45 -733.705 464.402 -202.375 -704.509 454.463 -169.335 -681.212 157.253 -466.11 -593.626 167.193 -499.15 -616.923 68.1238 -598.075 -587.728 58.1838 -565.035 -564.431 -139.956 -762.885 -506.04 -231.112 -853.908 -479.176 -323.766 -853.908 -408.014 -311.732 -893.908 -436.218 -396.351 -893.908 -371.227 -408.385 -853.908 -343.023 -662.242 -853.908 -148.048 -650.209 -893.908 -176.252 -734.828 -893.908 -111.261 -746.861 -853.908 -83.0564 -916.1 -853.908 46.9268 -996.816 -853.908 108.921 27890.1 -853.908 -22077.6
element 2
  poly 0: 263.843 -853.908 -51.0793 169.215 -853.908 21.5994 143.185 -853.908 -12.2915 237.813 -853.908 -84.9702 263.843 -853.908 -51.0793
  poly 1: 275.876 -893.908 -79.2836 181.248 -893.908 -6.60484 155.219 -893.908 -40.4957 249.846 -893.908 -113.174 275.876 -893.908 -79.2836
  poly 2: -114.669 -853.908 239.636 -209.297 -853.908 312.314 -235.327 -853.908 278.423 -140.699 -853.908 205.745 -114.669 -853.908 239.636
  poly 3: -102.635 -893.908 211.431 -197.263 -893.908 284.11 -223.293 -893.908 250.219 -128.665 -893.908 177.54 -102.635 -893.908 211.431
  poly 4: -323.766 -853.908 -408.014 -408.385 -853.908 -343.023 -434.415 -853.908 -376.914 -349.795 -853.908 -441.905 -323.766 -853.908 -408.014
  poly 5: -311.732 -893.908 -436.218 -396.351 -893.908 -371.227 -422.381 -893.908 -405.118 -337.762 -893.908 -470.109 -311.732 -893.908 -436.218
  poly 6: -662.242 -853.908 -148.048 -746.861 -853.908 -83.0564 -772.891 -853.908 -116.947 -688.272 -853.908 -181.939 -662.242 -853.908 -148.048
  poly 7: -650.209 -893.908 -176.252 -734.828 -893.908 -111.261 -760.858 -893.908 -145.151 -676.238 -893.908 -210.143 -650.209 -893.908 -176.252
  poly 8: -5311.1 -853.908 -3447.93 299.164 -853.908 -169.282 339.653 -853.908 -203.815 216.387 -853.908 -275.852 206.174 -853.908 -223.626 82.9079 -853.908 -295.663 123.397 -853.908 -330.195 0.130475 -853.908 -402.232 -10.0824 -853.908 -350.006 -133.348 -853.908 -422.043 -92.8598 -853.908 -456.575 -216.126 -853.908 -528.612 -226.339 -853.908 -476.387 -330.715 -853.908 -537.384 -1081.41 -853.908 39.1819 -438.524 -853.908 569.196 -5311.1 -853.908 -3447.93
  poly 9: -5342.3 -893.908 -3430.94 283.824 -893.908 -143.032 324.312 -893.908 -177.565 201.046 -893.908 -249.601 190.833 -893.908 -197.376 67.5672 -893.908 -269.412 108.056 -893.908 -303.945 -15.2102 -893.908 -375.982 -25.423 -893.908 -323.756 -148.689 -893.908 -395.793 -108.2 -893.908 -430.325 -231.467 -893.908 -502.362 -241.679 -893.908 -450.136 -370.774 -893.908 -525.579 -1120.13 -893.908 49.9608 -477.246 -893.908 579.975 -5342.3 -893.908 -3430.94
element 3
  poly 0: 941.414 -279.838 -299.352 868.561 -352.585 -277.883 844.546 -336.782 -305.83 917.399 -264.036 -327.299 941.414 -279.838 -299.352
  poly 1: 951.354 -312.879 -322.649 878.501 -385.625 -301.18 854.486 -369.822 -329.127 927.339 -297.076 -350.596 951.354 -312.879 -322.649
  poly 2: 650.003 -570.824 -213.474 577.15 -643.57 -192.005 553.135 -627.768 -219.952 625.988 -555.021 -241.421 650.003 -570.824 -213.474
  poly 3: 659.943 -603.864 -236.771 587.09 -676.611 -215.302 563.075 -660.808 -243.249 635.928 -588.062 -264.718 659.943 -603.864 -236.771
  poly 4: 553.532 -70.4099 -710.408 454.463 -169.335 -681.212 430.447 -153.532 -709.159 529.517 -54.6072 -738.355 553.532 -70.4099 -710.408
  poly 5: 563.472 -103.45 -733.705 464.402 -202.375 -704.509 440.387 -186.573 -732.456 539.457 -87.6477 -761.652 563.472 -103.45 -733.705
  poly 6: 157.253 -466.11 -593.626 58.1838 -565.035 -564.431 34.1684 -549.232 -592.378 133.238 -450.307 -621.573 157.253 -466.11 -593.626
  poly 7: 167.193 -499.15 -616.923 68.1238 -598.075 -587.728 44.1084 -582.272 -615.675 143.178 -483.348 -644.87 167.193 -499.15 -616.923
  poly 8: 2068.68 -893.908 900.037 592.372 67.8307 -809.414 -370.774 -893.908 -525.579 -241.679 -893.908 -450.136 -226.339 -853.908 -476.387 -133.348 -853.908 -422.043 -148.689 -893.908 -395.793 -25.423 -893.908 -323.756 -10.0824 -853.908 -350.006 82.9079 -853.908 -295.663 67.5672 -893.908 -269.412 190.833 -893.908 -197.376 206.174 -853.908 -223.626 299.164 -853.908 -169.282 283.824 -893.908 -143.032 425.243 -854.93 -94.7022 2068.68 -893.908 900.037
  poly 9: 2108.28 -893.908 864.988 634.049 66.4804 -842.064 -327.745 -893.908 -558.627 -231.467 -893.908 -502.362 -216.126 -853.908 -528.612 -92.8598 -853.908 -456.575 -108.2 -893.908 -430.325 -15.2102 -893.908 -375.982 0.130475 -853.908 -402.232 123.397 -853.908 -330.195 108.056 -893.908 -303.945 201.046 -893.908 -249.601 216.387 -853.908 -275.852 339.653 -853.908 -203.815 324.312 -893.908 -177.565 429.236 -893.908 -116.247 2108.28 -893.908 864.988
element 4
  poly 0: 43785.1 -1432.24 -34194.8 1029.24 550.273 62.0509 1058.06 -155.911 -383.56 890.924 -150.919 -251.302 879.613 -187.08 -264.231 801.052 -184.733 -202.063 812.363 -148.572 -189.135 576.683 -141.532 -2.63291 565.372 -177.693 -15.5615 486.811 -175.346 46.6058 498.122 -139.185 59.5344 341.002 -134.492 183.869 232.373 -131.247 269.83 43785.1 -1432.24 -34194.8
  poly 1: 43643 -1442.98 -34035.4 1053.59 531.818 88.1243 1082.29 -171.617 -355.752 913.499 -166.575 -222.183 902.188 -202.736 -235.112 823.628 -200.389 -172.944 834.939 -164.229 -160.016 599.258 -157.188 26.4862 587.947 -193.349 13.5577 509.386 -191.003 75.725 520.697 -154.842 88.6535 363.577 -150.148 212.988 252.35 -146.826 301.005 43643 -1442.98 -34035.4
element 5
  poly 0: 45916.1 -1271.17 -36586 664.076 827.092 -329.051 694.572 79.6782 -800.677 536.243 84.4078 -675.387 524.932 48.247 -688.315 453.249 50.3883 -631.59 464.56 86.5491 -618.662 249.511 92.973 -448.486 238.2 56.8122 -461.415 166.517 58.9535 -404.69 177.828 95.1143 -391.761 34.4616 99.3969 -278.311 -67.2894 102.436 -197.792 45916.1 -1271.17 -36586
  poly 1: 45774.1 -1281.91 -36426.6 688.42 808.637 -302.977 718.804 63.9723 -772.869 558.819 68.7513 -646.268 547.508 32.5905 -659.196 475.825 34.7318 -602.471 487.136 70.8926 -589.543 272.086 77.3165 -419.367 260.775 41.1557 -432.296 189.092 43.297 -375.57 200.403 79.4579 -362.642 57.0368 83.7405 -249.191 -47.3119 86.8575 -166.617 45774.1 -1281.91 -36426.6
element 6
  poly 0: 5601.59 -4318.28 8648.47 195.883 -102.791 212.887 212.147 -148.957 206.932 125.604 -81.4696 71.8828 130.596 -51.8792 111.008 44.0539 15.6085 -24.0409 60.318 -30.5579 -29.9965 -26.2245 36.9298 -165.046 -21.2325 66.5203 -125.92 -97.2556 125.805 -244.554 -181.416 892.284 280.007 203.762 545.234 837.39 5601.59 -4318.28 8648.47
  poly 1: 5570.94 -4320.59 8682.86 159.098 -100.32 237.695 175.362 -146.487 231.739 88.8196 -78.999 96.6898 93.8116 -49.4086 135.815 7.2692 18.0791 0.766132 23.5332 -28.0872 -5.18939 -63.0092 39.4004 -140.239 -58.0172 68.9909 -101.113 -132.211 126.849 -216.893 -216.435 893.908 308.065 168.743 546.858 865.448 5570.94 -4320.59 8682.86
element 7
  poly 0: 913.499 -166.575 -222.183 834.939 -164.229 -160.016 812.363 -148.572 -189.135 890.924 -150.919 -251.302 913.499 -166.575 -222.183
  poly 1: 902.188 -202.736 -235.112 823.628 -200.389 -172.944 801.052 -184.733 -202.063 879.613 -187.08 -264.231 902.188 -202.736 -235.112
  poly 2: 599.258 -157.188 26.4862 520.697 -154.842 88.6535 498.122 -139.185 59.5344 576.683 -141.532 -2.63291 599.258 -157.188 26.4862
  poly 3: 587.947 -193.349 13.5577 509.386 -191.003 75.725 486.811 -175.346 46.6058 565.372 -177.693 -15.5615 587.947 -193.349 13.5577
  poly 4: 558.819 68.7513 -646.268 487.136 70.8926 -589.543 464.56 86.5491 -618.662 536.243 84.4078 -675.387 558.819 68.7513 -646.268
  poly 5: 547.508 32.5905 -659.196 475.825 34.7318 -602.471 453.249 50.3883 -631.59 524.932 48.247 -688.315 547.508 32.5905 -659.196
  poly 6: 272.086 77.3165 -419.367 200.403 79.4579 -362.642 177.828 95.1143 -391.761 249.511 92.973 -448.486 272.086 77.3165 -419.367
  poly 7: 260.775 41.1557 -432.296 189.092 43.297 -375.57 166.517 58.9535 -404.69 238.2 56.8122 -461.415 260.775 41.1557 -432.296
  poly 8: 360.552 -148.096 209.23 338.143 -132.444 179.978 417.002 -134.999 118.199 439.411 -150.651 147.451 360.552 -148.096 209.23
  poly 9: 351.108 -185.557 198.725 328.699 -169.905 169.473 407.559 -172.46 107.694 429.968 -188.112 136.946 351.108 -185.557 198.725
  poly 10: 675.99 -158.316 -37.8865 653.581 -142.664 -67.1385 732.44 -145.219 -128.918 754.849 -160.871 -99.6656 675.99 -158.316 -37.8865
  poly 11: 666.546 -195.777 -48.3915 644.137 -180.125 -77.6436 722.997 -182.68 -139.423 745.406 -198.332 -110.171 666.546 -195.777 -48.3915
  poly 12: 54.1139 85.7216 -252.817 31.7047 101.374 -282.069 103.661 99.0423 -338.44 126.07 83.3903 -309.188 54.1139 85.7216 -252.817
  poly 13: 44.6705 48.2609 -263.322 22.2613 63.9129 -292.574 94.2175 61.5816 -348.945 116.627 45.9296 -319.693 44.6705 48.2609 -263.322
  poly 14: 341.938 76.3963 -478.301 319.529 92.0483 -507.553 391.485 89.717 -563.924 413.895 74.065 -534.672 341.938 76.3963 -478.301
  poly 15: 332.495 38.9356 -488.806 310.086 54.5876 -518.058 382.042 52.2563 -574.429 404.451 36.6043 -545.177 332.495 38.9356 -488.806
  poly 16: -3843.53 3021.01 -6008.39 658.224 103.237 -842.389 -132.211 126.849 -216.893 -58.0172 68.9909 -101.113 -21.2325 66.5203 -125.92 44.0539 15.6085 -24.0409 7.2692 18.0791 0.766132 93.8116 -49.4086 135.815 130.596 -51.8792 111.008 195.883 -102.791 212.887 159.098 -100.32 237.695 282.25 -170.192 347.82 -3843.53 3021.01 -6008.39
  poly 17: -3827.63 2975.13 -6014.92 659.715 66.694 -865.448 -128.19 90.2301 -241.954 -63.0092 39.4004 -140.239 -26.2245 36.9298 -165.046 60.318 -30.5579 -29.9965 23.5332 -28.0872 -5.18939 88.8196 -78.999 96.6898 125.604 -81.4696 71.8828 212.147 -148.957 206.932 175.362 -146.487 231.739 251.382 -205.769 350.368 -3827.63 2975.13 -6014.92
