element 0
  poly 0: -200 -200 -20 -200 -302.778 -20 -210 -302.778 -20 -210 -330.556 -20 -190 -330.556 -20 -190 -358.333 -20 -210 -358.333 -20 -210 -386.111 -20 -190 -386.111 -20 -190 -413.889 -20 -210 -413.889 -20 -210 -441.667 -20 -190 -441.667 -20 -190 -469.444 -20 -210 -469.444 -20 -210 -497.222 -20 -200 -497.222 -20 -200 -600 -20 -600 -600 -20 -600 -200 -20 -200 -200 -20
  poly 1: -200 -200 20 -200 -302.778 20 -210 -302.778 20 -210 -330.556 20 -190 -330.556 20 -190 -358.333 20 -210 -358.333 20 -210 -386.111 20 -190 -386.111 20 -190 -413.889 20 -210 -413.889 20 -210 -441.667 20 -190 -441.667 20 -190 -469.444 20 -210 -469.444 20 -210 -497.222 20 -200 -497.222 20 -200 -600 20 -600 -600 20 -600 -200 20 -200 -200 20
element 1
  poly 0: 200 -200 -20 200 -302.778 -20 190 -302.778 -20 190 -330.556 -20 210 -330.556 -20 210 -358.333 -20 190 -358.333 -20 190 -386.111 -20 210 -386.111 -20 210 -413.889 -20 190 -413.889 -20 190 -441.667 -20 210 -441.667 -20 210 -469.444 -20 190 -469.444 -20 190 -497.222 -20 200 -497.222 -20 200 -600 -20 -200 -600 -20 -200 -497.222 -20 -210 -497.222 -20 -210 -469.444 -20 -190 -469.444 -20 -190 -441.667 -20 -210 -441.667 -20 -210 -413.889 -20 -190 -413.889 -20 -190 -386.111 -20 -210 -386.111 -20 -210 -358.333 -20 -190 -358.333 -20 -190 -330.556 -20 -210 -330.556 -20 -210 -302.778 -20 -200 -302.778 -20 -200 -200 -20 200 -200 -20
  poly 1: 200 -200 20 200 -302.778 20 190 -302.778 20 190 -330.556 20 210 -330.556 20 210 -358.333 20 190 -358.333 20 190 -386.111 20 210 -386.111 20 210 -413.889 20 190 -413.889 20 190 -441.667 20 210 -441.667 20 210 -469.444 20 190 -469.444 20 190 -497.222 20 200 -497.222 20 200 -600 20 -200 -600 20 -200 -497.222 20 -210 -497.222 20 -210 -469.444 20 -190 -469.444 20 -190 -441.667 20 -210 -441.667 20 -210 -413.889 20 -190 -413.889 20 -190 -386.111 20 -210 -386.111 20 -210 -358.333 20 -190 -358.333 20 -190 -330.556 20 -210 -330.556 20 -210 -302.778 20 -200 -302.778 20 -200 -200 20 200 -200 20
element 2
  poly 0: -200 200 -20 -200 97.2222 -20 -217.927 181.845 -20 -217.927 154.067 -20 -182.073 -15.1781 -20 -182.073 -42.9559 -20 -217.927 126.289 -20 -217.927 98.5115 -20 -182.073 -70.7337 -20 -182.073 -98.5115 -20 -217.927 70.7337 -20 -217.927 42.9559 -20 -182.073 -126.289 -20 -182.073 -154.067 -20 -217.927 15.1781 -20 -217.927 -12.5996 -20 -200 -97.2222 -20 -200 -200 -20 -600 -200 -20 -600 200 -20 -200 200 -20
  poly 1: -200 200 20 -200 97.2222 20 -217.927 181.845 20 -217.927 154.067 20 -182.073 -15.1781 20 -182.073 -42.9559 20 -217.927 126.289 20 -217.927 98.5115 20 -182.073 -70.7337 20 -182.073 -98.5115 20 -217.927 70.7337 20 -217.927 42.9559 20 -182.073 -126.289 20 -182.073 -154.067 20 -217.927 15.1781 20 -217.927 -12.5996 20 -200 -97.2222 20 -200 -200 20 -600 -200 20 -600 200 20 -200 200 20
element 3
  poly 0: 200 200 -20 200 97.2222 -20 184.86 69.9934 -20 184.86 42.2156 -20 215.14 96.6733 -20 215.14 68.8955 -20 184.86 14.4378 -20 184.86 -13.34 -20 215.14 41.1177 -20 215.14 13.34 -20 184.86 -41.1177 -20 184.86 -68.8955 -20 215.14 -14.4378 -20 215.14 -42.2156 -20 184.86 -96.6733 -20 184.86 -124.451 -20 200 -97.2222 -20 200 -200 -20 -200 -200 -20 -200 -97.2222 -20 -217.927 -12.5996 -20 -217.927 15.1781 -20 -182.073 -154.067 -20 -182.073 -126.289 -20 -217.927 42.9559 -20 -217.927 70.7337 -20 -182.073 -98.5115 -20 -182.073 -70.7337 -20 -217.927 98.5115 -20 -217.927 126.289 -20 -182.073 -42.9559 -20 -182.073 -15.1781 -20 -217.927 154.067 -20 -217.927 181.845 -20 -200 97.2222 -20 -200 200 -20 200 200 -20
  poly 1: 200 200 20 200 97.2222 20 184.86 69.9934 20 184.86 42.2156 20 215.14 96.6733 20 215.14 68.8955 20 184.86 14.4378 20 184.86 -13.34 20 215.14 41.1177 20 215.14 13.34 20 184.86 -41.1177 20 184.86 -68.8955 20 215.14 -14.4378 20 215.14 -42.2156 20 184.86 -96.6733 20 184.86 -124.451 20 200 -97.2222 20 200 -200 20 -200 -200 20 -200 -97.2222 20 -217.927 -12.5996 20 -217.927 15.1781 20 -182.073 -154.067 20 -182.073 -126.289 20 -217.927 42.9559 20 -217.927 70.7337 20 -182.073 -98.5115 20 -182.073 -70.7337 20 -217.927 98.5115 20 -217.927 126.289 20 -182.073 -42.9559 20 -182.073 -15.1781 20 -217.927 154.067 20 -217.927 181.845 20 -200 97.2222 20 -200 200 20 200 200 20
element 4
  poly 0: -200 600 -20 -200 200 -20 -600 200 -20 -600 600 -20 -200 600 -20
  poly 1: -200 600 20 -200 200 20 -600 200 20 -600 600 20 -200 600 20
element 5
  poly 0: 200 600 -20 200 200 -20 -200 200 -20 -200 600 -20 200 600 -20
  poly 1: 200 600 20 200 200 20 -200 200 20 -200 600 20 200 600 20
element 6
  poly 0: 600 -200 -20 600 -600 -20 200 -600 -20 200 -497.222 -20 190 -497.222 -20 190 -469.444 -20 210 -469.444 -20 210 -441.667 -20 190 -441.667 -20 190 -413.889 -20 210 -413.889 -20 210 -386.111 -20 190 -386.111 -20 190 -358.333 -20 210 -358.333 -20 210 -330.556 -20 190 -330.556 -20 190 -302.778 -20 200 -302.778 -20 200 -200 -20 600 -200 -20
  poly 1: 600 -200 20 600 -600 20 200 -600 20 200 -497.222 20 190 -497.222 20 190 -469.444 20 210 -469.444 20 210 -441.667 20 190 -441.667 20 190 -413.889 20 210 -413.889 20 210 -386.111 20 190 -386.111 20 190 -358.333 20 210 -358.333 20 210 -330.556 20 190 -330.556 20 190 -302.778 20 200 -302.778 20 200 -200 20 600 -200 20
element 7
  poly 0: 600 200 -20 600 -200 -20 200 -200 -20 200 -97.2222 -20 184.86 -124.451 -20 184.86 -96.6733 -20 215.14 -42.2156 -20 215.14 -14.4378 -20 184.86 -68.8955 -20 184.86 -41.1177 -20 215.14 13.34 -20 215.14 41.1177 -20 184.86 -13.34 -20 184.86 14.4378 -20 215.14 68.8955 -20 215.14 96.6733 -20 184.86 42.2156 -20 184.86 69.9934 -20 200 97.2222 -20 200 200 -20 600 200 -20
  poly 1: 600 200 20 600 -200 20 200 -200 20 200 -97.2222 20 184.86 -124.451 20 184.86 -96.6733 20 215.14 -42.2156 20 215.14 -14.4378 20 184.86 -68.8955 20 184.86 -41.1177 20 215.14 13.34 20 215.14 41.1177 20 184.86 -13.34 20 184.86 14.4378 20 215.14 68.8955 20 215.14 96.6733 20 184.86 42.2156 20 184.86 69.9934 20 200 97.2222 20 200 200 20 600 200 20
element 8
  poly 0: 600 600 -20 600 200 -20 200 200 -20 200 600 -20 600 600 -20
  poly 1: 600 600 20 600 200 20 200 200 20 200 600 20 600 600 20
