2 9 9
2 9 9
2 9 9
2 9 9
4 5 5 9 9
4 5 5 19 19
4 5 5 19 19
2 15 15
2 13 13
2 13 13
2 13 13
2 13 13
2 13 13
2 13 13
2 13 13
2 13 13
2 13 13
2 13 13
2 13 13
2 13 13
2 13 13
2 13 13
2 13 13
2 13 13
2 13 13
2 13 13
2 13 13
2 13 13
2 13 13
2 13 13
2 13 13
2 13 13
2 13 13
2 13 13
2 13 13
2 13 13
2 13 13
2 13 13
2 13 13
2 13 13
2 13 13
2 13 13
2 13 13
2 13 13
2 13 13
2 13 13
2 13 13
2 13 13
4 5 5 14 14
4 5 5 24 24
4 5 5 24 24
2 20 20
2 13 13
2 13 13
2 13 13
2 13 13
4 5 5 9 9
4 5 5 19 19
4 5 5 19 19
2 15 15
2 9 9
2 9 9
2 9 9
2 9 9
4 5 5 9 9
4 5 5 19 19
4 5 5 19 19
2 15 15
2 13 13
2 13 13
2 13 13
2 13 13
2 13 13
2 13 13
2 13 13
2 13 13
2 13 13
2 13 13
2 13 13
2 13 13
2 13 13
2 13 13
2 13 13
2 13 13
2 13 13
2 13 13
2 13 13
2 13 13
2 13 13
2 13 13
2 13 13
2 13 13
2 13 13
2 13 13
2 13 13
2 13 13
2 13 13
2 13 13
2 13 13
2 13 13
2 13 13
2 13 13
2 13 13
2 13 13
2 13 13
2 13 13
2 13 13
2 13 13
4 5 5 14 14
4 5 5 24 24
4 5 5 24 24
2 20 20
2 13 13
2 13 13
2 13 13
2 13 13
4 5 5 9 9
4 5 5 19 19
4 5 5 19 19
2 15 15
