element 0
  poly 0: -146.649 -285.973 185.284 -146.649 -295.334 85.523 -140.841 -298.823 85.8503 -140.841 -289.461 185.612 -146.649 -285.973 185.284
  poly 1: -152.457 -289.461 185.612 -152.457 -298.823 85.8503 -146.649 -302.311 86.1776 -146.649 -292.95 185.939 -152.457 -289.461 185.612
  poly 2: -42.7891 -357.577 92.8156 -93.4279 -317.909 188.581 -99.5356 -314.241 188.237 -48.8969 -353.909 92.4714 -42.7891 -357.577 92.8156
  poly 3: -47.1133 -361.956 93.2266 -97.7521 -322.289 188.992 -103.86 -318.621 188.648 -53.221 -358.288 92.8824 -47.1133 -361.956 93.2266
  poly 4: -134.661 -311.335 -7.58917 -146.649 -302.827 5.674 -146.649 -304.696 -14.2385 -152.457 -301.207 -14.5659 -152.457 -273.124 284.719 -146.649 -276.612 285.046 -146.649 -278.643 263.397 -140.504 -282.149 265.714 -150.174 -274.574 284.003 -137.959 -281.91 284.691 13.9574 -400.913 -2.60576 1.74189 -393.576 -3.2942 -6.14527 -387.398 11.6216 -11.9878 -385.012 -0.6756 -134.661 -311.335 -7.58917
  poly 5: -134.661 -318.311 -6.93452 -146.649 -309.804 6.32865 -146.649 -311.672 -13.5839 -158.265 -304.696 -14.2385 -158.265 -276.612 285.046 -146.649 -283.588 285.701 -146.649 -285.294 267.525 -140.504 -288.8 269.842 -148.391 -282.621 284.758 -142.283 -286.29 285.102 9.63321 -405.292 -2.19481 3.52546 -401.624 -2.53903 -4.3617 -395.445 12.3768 -10.2042 -393.059 0.0795661 -134.661 -318.311 -6.93452
element 1
  poly 0: -200.288 -318.237 187.791 -251.224 -358.137 91.4635 -246.359 -355.442 88.7688 -195.423 -315.542 185.097 -200.288 -318.237 187.791
  poly 1: -194.48 -321.454 191.008 -245.416 -361.354 94.6805 -240.551 -358.659 91.9859 -189.615 -318.759 188.314 -194.48 -321.454 191.008
  poly 2: -152.794 -282.149 265.714 -146.649 -278.643 263.397 -146.649 -276.612 285.046 -152.457 -280.1 285.373 -152.457 -289.461 185.612 -145.197 -285.101 185.203 -140.841 -283.655 172.487 -140.841 -290.676 97.6658 -145.197 -294.462 85.4411 -152.457 -298.823 85.8503 -152.457 -308.184 -13.9112 -146.649 -304.696 -14.2385 -146.649 -302.827 5.67399 -158.637 -311.335 -7.58917 -281.31 -385.012 -0.675601 -287.153 -387.398 11.6216 -297.295 -395.343 -7.559 -307.025 -400.732 -2.16964 -154.217 -281.031 286.814 -144.487 -275.642 281.424 -152.794 -282.149 265.714
  poly 3: -152.794 -288.8 269.842 -146.649 -285.294 267.525 -146.649 -283.588 285.701 -146.707 -283.623 285.704 -146.649 -292.95 185.939 -139.389 -288.589 185.53 -135.033 -287.143 172.814 -135.033 -294.164 97.9932 -139.389 -297.951 85.7685 -146.649 -302.311 86.1776 -146.707 -311.707 -13.5806 -146.649 -311.672 -13.5839 -146.649 -309.804 6.32864 -158.637 -318.311 -6.93452 -283.094 -393.059 0.0795656 -288.936 -395.445 12.3768 -296.352 -401.254 -1.64724 -301.217 -403.949 1.04744 -148.409 -284.248 290.031 -143.544 -281.554 287.336 -152.794 -288.8 269.842
element 2
  poly 0: -4.24549e-06 -262.937 129.275 -4.24549e-06 -128.789 263.422 -4.86488 -131.484 266.117 -4.86488 -265.632 131.969 -4.24549e-06 -262.937 129.275
  poly 1: 4.86487 -265.632 131.969 4.86487 -131.484 266.117 -4.24549e-06 -134.178 268.812 -4.24549e-06 -268.326 134.664 4.86487 -265.632 131.969
  poly 2: -52.8699 -92.3634 358.418 -103.509 -188.129 318.751 -99.4785 -188.129 314.286 -48.8398 -92.3634 353.953 -52.8699 -92.3634 358.418
  poly 3: -47.1704 -92.3634 362.883 -97.8092 -188.129 323.215 -93.779 -188.129 318.751 -43.1402 -92.3634 358.418 -47.1704 -92.3634 362.883
  poly 4: -6.14527 -11.6216 387.398 -2.97346e-06 -9.89949 382.312 -4.24549e-06 5.35881 397.57 4.86487 8.05349 394.876 4.86487 -394.39 -7.56792 -4.2455e-06 -397.085 -4.87323 -2.97346e-06 -382.312 9.89949 -6.14528 -387.398 11.6216 1.74189 -393.576 -3.2942 1.78513 -393.532 -3.29831 -48.8969 -353.909 92.4714 -54.3021 -359.383 92.9851 -63.8751 -357.709 105.264 -101.854 -327.958 177.088 -104.941 -319.715 188.751 -99.5356 -314.241 188.237 -150.131 -274.53 283.999 -150.174 -274.574 284.003 -140.504 -282.149 265.714 -140.504 -265.714 282.149 -150.117 -283.895 274.619 -158.178 -283.895 283.548 -6.26138 3.4022 402.55 1.799 3.4022 393.621 -6.14527 -11.6216 387.398
  poly 5: -6.14527 -14.7787 395.019 -2.97346e-06 -13.0565 389.934 -4.24549e-06 -0.0305479 402.96 9.72974 5.35881 397.57 9.72974 -397.085 -4.87323 -4.2455e-06 -402.474 0.516127 -2.97346e-06 -388.963 14.0277 -6.14528 -394.048 15.7498 3.52546 -401.624 -2.53903 7.84963 -397.244 -2.94998 -42.7891 -357.577 92.8156 -48.1943 -363.051 93.3293 -57.7673 -361.377 105.608 -95.7464 -331.627 177.432 -98.8331 -323.384 189.095 -93.4279 -317.909 188.581 -144.067 -278.242 284.347 -148.391 -282.621 284.758 -141.81 -287.777 272.312 -141.81 -271.341 288.748 -148.448 -283.895 283.548 -152.478 -283.895 288.013 -0.56183 3.4022 407.015 3.46836 3.4022 402.55 -6.14527 -14.7787 395.019
element 3
  poly 0: -190.067 -187.603 318.969 -240.984 -91.3111 358.854 -246.684 -88.1541 355.697 -195.767 -184.446 315.812 -190.067 -187.603 318.969
  poly 1: -194.098 -190.76 322.126 -245.015 -94.4681 362.011 -250.714 -91.3111 358.854 -199.797 -187.603 318.969 -194.098 -190.76 322.126
  poly 2: -287.153 -387.398 11.6216 -293.298 -382.312 9.89948 -293.298 -9.89948 382.312 -287.153 -11.6216 387.398 -297.601 8.13772 395.582 -286.202 1.82369 401.896 -133.451 -287.052 282.24 -144.85 -280.738 275.926 -152.794 -265.714 282.149 -152.794 -282.149 265.714 -144.487 -275.642 281.424 -144.545 -275.61 281.392 -195.423 -315.542 185.097 -188.163 -319.563 189.118 -190.174 -326.964 179.49 -228.376 -356.889 107.244 -239.099 -359.464 92.7901 -246.359 -355.442 88.7688 -297.353 -395.31 -7.59117 -297.295 -395.343 -7.559 -287.153 -387.398 11.6216 -287.153 -387.398 11.6216
  poly 3: -290.853 -396.947 8.75255 -296.998 -391.861 7.0304 -296.998 -6.05924 392.832 -290.853 -7.78139 397.918 -295.932 1.82369 401.896 -290.232 -1.33333 405.053 -137.481 -290.209 285.397 -143.181 -287.052 282.24 -151.488 -271.341 288.748 -151.488 -287.777 272.312 -143.544 -281.554 287.336 -149.352 -278.336 284.119 -200.288 -318.237 187.791 -193.028 -322.258 191.813 -195.039 -329.658 182.184 -233.241 -359.584 109.939 -243.964 -362.158 95.4848 -251.224 -358.137 91.4635 -302.16 -398.037 -4.86432 -296.352 -401.254 -1.64724 -290.853 -396.947 8.75255 -290.853 -396.947 8.75255
element 4
  poly 0: -146.649 94.9713 277.335 -146.649 -94.9713 277.335 -141.784 -94.9713 281.146 -141.784 94.9713 281.146 -146.649 94.9713 277.335
  poly 1: -151.514 94.9713 281.146 -151.514 -94.9713 281.146 -146.649 -94.9713 284.957 -146.649 94.9713 284.957 -151.514 94.9713 281.146
  poly 2: -43.1402 92.3634 358.418 -93.779 188.129 318.751 -99.4785 188.129 314.286 -48.8398 92.3634 353.953 -43.1402 92.3634 358.418
  poly 3: -47.1704 92.3634 362.883 -97.8092 188.129 323.215 -103.509 188.129 318.751 -52.8699 92.3634 358.418 -47.1704 92.3634 362.883
  poly 4: -140.504 -265.714 282.149 -146.649 -263.335 277.335 -146.649 -284.914 277.335 -151.514 -284.914 273.525 -151.514 284.914 273.525 -146.649 284.914 277.335 -146.649 263.335 277.335 -140.504 265.714 282.149 -150.117 283.895 274.619 -138.718 283.895 283.548 13.1981 -3.4022 402.55 1.799 -3.4022 393.621 -6.14527 11.6216 387.398 -6.14527 -11.6216 387.398 1.799 3.4022 393.621 1.74201 3.4022 393.576 -48.8398 -92.3634 353.953 -41.7153 -92.3634 359.534 -43.7705 -104.334 357.924 -81.7496 -176.158 328.174 -92.3541 -188.129 319.867 -99.4785 -188.129 314.286 -150.174 -283.895 274.574 -150.117 -283.895 274.619 -140.504 -265.714 282.149 -140.504 -265.714 282.149
  poly 5: -140.504 -268.871 289.771 -146.649 -266.492 284.957 -146.649 -284.914 284.957 -156.379 -284.914 277.335 -156.379 284.914 277.335 -146.649 284.914 284.957 -146.649 266.492 284.957 -140.504 268.871 289.771 -148.448 283.895 283.548 -142.748 283.895 288.013 9.16791 -3.4022 407.015 3.46836 -3.4022 402.55 -4.47591 11.6216 396.327 -4.47591 -11.6216 396.327 3.46836 3.4022 402.55 -2.23119 3.4022 398.085 -52.8699 -92.3634 358.418 -45.7455 -92.3634 363.999 -47.8007 -104.334 362.389 -85.7798 -176.158 332.638 -96.3843 -188.129 324.332 -103.509 -188.129 318.751 -154.147 -283.895 279.083 -148.448 -283.895 283.548 -140.504 -268.871 289.771 -140.504 -268.871 289.771
element 5
  poly 0: -199.797 187.603 318.969 -250.714 91.3111 358.854 -246.684 88.1541 355.697 -195.767 184.446 315.812 -199.797 187.603 318.969
  poly 1: -194.098 190.76 322.126 -245.015 94.4681 362.011 -240.984 91.3111 358.854 -190.067 187.603 318.969 -194.098 190.76 322.126
  poly 2: -152.794 265.714 282.149 -146.649 263.335 277.335 -146.649 284.914 277.335 -151.514 284.914 281.146 -151.514 94.9713 281.146 -145.433 94.9713 276.383 -141.784 71.2285 273.525 -141.784 -71.2285 273.525 -145.433 -94.9713 276.383 -151.514 -94.9713 281.146 -151.514 -284.914 281.146 -146.649 -284.914 277.335 -146.649 -263.335 277.335 -152.794 -265.714 282.149 -144.85 -280.738 275.926 -144.81 -280.706 275.895 -195.767 -184.446 315.812 -200.805 -188.392 319.758 -210.192 -178.723 327.111 -248.38 -106.505 357.025 -251.722 -92.1003 359.643 -246.684 -88.1541 355.697 -297.561 8.16929 395.551 -297.601 8.13772 395.582 -287.153 -11.6217 387.398 -287.153 11.6216 387.398 -297.601 -8.13772 395.582 -305.661 -1.82369 401.896 -152.91 287.052 282.24 -144.85 280.738 275.926 -152.794 265.714 282.149
  poly 3: -152.794 268.871 289.771 -146.649 266.492 284.957 -146.649 284.914 284.957 -146.698 284.914 284.995 -146.649 94.9713 284.957 -140.568 94.9713 280.194 -136.919 71.2285 277.335 -136.919 -71.2285 277.335 -140.568 -94.9713 280.194 -146.649 -94.9713 284.957 -146.698 -284.914 284.995 -146.649 -284.914 284.957 -146.649 -266.492 284.957 -152.794 -268.871 289.771 -143.181 -287.052 282.24 -139.15 -283.895 279.083 -190.067 -187.603 318.969 -195.105 -191.549 322.915 -204.492 -181.88 330.268 -242.68 -109.662 360.182 -246.022 -95.2574 362.8 -240.984 -91.3111 358.854 -291.901 4.9807 398.739 -295.932 1.82369 401.896 -288.822 -11.6217 396.327 -288.822 11.6216 396.327 -295.932 -1.82369 401.896 -299.962 1.33333 405.053 -147.211 290.209 285.397 -143.181 287.052 282.24 -152.794 268.871 289.771
element 6
  poly 0: -4.24549e-06 128.789 263.422 -4.24549e-06 262.937 129.275 -4.86488 265.632 131.969 -4.86488 131.484 266.117 -4.24549e-06 128.789 263.422
  poly 1: 4.86487 131.484 266.117 4.86487 265.632 131.969 -4.24549e-06 268.326 134.664 -4.24549e-06 134.178 268.812 4.86487 131.484 266.117
  poly 2: -53.221 358.288 92.8824 -103.86 318.621 188.648 -99.5356 314.241 188.237 -48.8969 353.909 92.4714 -53.221 358.288 92.8824
  poly 3: -47.1133 361.956 93.2266 -97.7521 322.289 188.992 -93.4279 317.909 188.581 -42.7891 357.577 92.8156 -47.1133 361.956 93.2266
  poly 4: -6.14527 387.398 11.6216 -2.97346e-06 382.312 9.89949 -4.24549e-06 397.085 -4.87323 4.86487 394.39 -7.56792 4.86487 -8.05349 394.876 -4.24549e-06 -5.35881 397.57 -2.97346e-06 9.89949 382.312 -6.14527 11.6216 387.398 1.799 -3.4022 393.621 1.8393 -3.4022 393.576 -48.8398 92.3634 353.953 -53.8775 92.3634 359.534 -63.23 104.334 357.924 -101.209 176.158 328.174 -104.516 188.129 319.867 -99.4785 188.129 314.286 -150.077 283.895 274.574 -150.117 283.895 274.619 -140.504 265.714 282.149 -140.504 282.149 265.714 -150.174 274.574 284.003 -158.823 283.333 284.825 -6.90646 402.335 -2.4723 1.74189 393.576 -3.2942 -6.14527 387.398 11.6216
  poly 5: -6.14527 394.048 15.7498 -2.97346e-06 388.963 14.0277 -4.24549e-06 402.474 0.516127 9.72974 397.085 -4.87323 9.72974 -5.35881 397.57 -4.24549e-06 0.030548 402.96 -2.97346e-06 13.0565 389.934 -6.14527 14.7787 395.019 3.46836 -3.4022 402.55 7.49855 -3.4022 398.085 -43.1402 92.3634 358.418 -48.1779 92.3634 363.999 -57.5304 104.334 362.389 -95.5095 176.158 332.638 -98.8167 188.129 324.332 -93.779 188.129 318.751 -144.418 283.895 279.083 -148.448 283.895 283.548 -141.81 271.341 288.748 -141.81 287.777 272.312 -148.391 282.621 284.758 -152.715 287.001 285.169 -0.798712 406.003 -2.12808 3.52546 401.624 -2.53903 -6.14527 394.048 15.7498
element 7
  poly 0: -189.615 318.759 188.314 -240.551 358.659 91.9859 -246.359 355.442 88.7688 -195.423 315.542 185.097 -189.615 318.759 188.314
  poly 1: -194.48 321.454 191.008 -245.416 361.354 94.6805 -251.224 358.137 91.4635 -200.288 318.237 187.791 -194.48 321.454 191.008
  poly 2: -287.153 11.6216 387.398 -293.298 9.89948 382.312 -293.298 382.312 9.89948 -287.153 387.398 11.6216 -297.295 395.343 -7.559 -285.679 401.777 -1.12484 -132.871 282.076 287.859 -144.487 275.642 281.424 -152.794 282.149 265.714 -152.794 265.714 282.149 -144.85 280.738 275.926 -144.907 280.706 275.895 -195.767 184.446 315.812 -188.642 188.392 319.758 -190.732 178.723 327.111 -228.92 106.505 357.025 -239.559 92.1003 359.643 -246.684 88.1541 355.697 -297.658 -8.16929 395.551 -297.601 -8.13772 395.582 -287.153 11.6216 387.398 -287.153 11.6216 387.398
  poly 3: -290.853 7.78139 397.918 -296.998 6.05924 392.832 -296.998 391.861 7.0304 -290.853 396.947 8.75255 -296.352 401.254 -1.64724 -290.544 404.471 1.56984 -137.736 284.771 290.553 -143.544 281.554 287.336 -151.488 287.777 272.312 -151.488 271.341 288.748 -143.181 287.052 282.24 -148.88 283.895 279.083 -199.797 187.603 318.969 -192.673 191.549 322.915 -194.763 181.88 330.268 -232.95 109.662 360.182 -243.59 95.2574 362.8 -250.714 91.3111 358.854 -301.631 -4.9807 398.739 -295.932 -1.82369 401.896 -290.853 7.78139 397.918 -290.853 7.78139 397.918
element 8
  poly 0: -146.649 295.334 85.523 -146.649 285.973 185.284 -140.841 289.461 185.612 -140.841 298.823 85.8503 -146.649 295.334 85.523
  poly 1: -152.457 298.823 85.8503 -152.457 289.461 185.612 -146.649 292.95 185.939 -146.649 302.311 86.1776 -152.457 298.823 85.8503
  poly 2: -140.504 282.149 265.714 -146.649 278.643 263.397 -146.649 276.612 285.046 -152.457 273.124 284.719 -152.457 301.207 -14.5659 -146.649 304.696 -14.2385 -146.649 302.827 5.674 -134.661 311.335 -7.58917 -11.9878 385.012 -0.6756 -6.14527 387.398 11.6216 1.74189 393.576 -3.2942 1.68081 393.539 -3.29764 -48.8969 353.909 92.4714 -41.2622 358.494 92.9017 -43.0112 356.287 105.131 -80.9903 326.536 176.955 -91.9009 318.827 188.667 -99.5356 314.241 188.237 -150.235 274.537 283.999 -150.174 274.574 284.003 -140.504 282.149 265.714 -140.504 282.149 265.714
  poly 3: -140.504 288.8 269.842 -146.649 285.294 267.525 -146.649 283.588 285.701 -158.265 276.612 285.046 -158.265 304.696 -14.2385 -146.649 311.672 -13.5839 -146.649 309.804 6.32865 -134.661 318.311 -6.93452 -10.2042 393.059 0.0795661 -4.3617 395.445 12.3768 3.52546 401.624 -2.53903 -2.58228 397.955 -2.88325 -53.221 358.288 92.8824 -45.5864 362.873 93.3126 -47.3354 360.666 105.542 -85.3145 330.916 177.366 -96.2251 323.206 189.078 -103.86 318.621 188.648 -154.499 278.953 284.414 -148.391 282.621 284.758 -140.504 288.8 269.842 -140.504 288.8 269.842
element 9
  poly 0: -158.637 311.335 -7.58917 -146.649 302.827 5.67399 -146.649 304.696 -14.2385 -152.457 308.184 -13.9112 -152.457 298.823 85.8503 -145.197 294.462 85.4411 -140.841 290.676 97.6658 -140.841 283.655 172.487 -145.197 285.101 185.203 -152.457 289.461 185.612 -152.457 280.1 285.373 -146.649 276.612 285.046 -146.649 278.643 263.397 -152.794 282.149 265.714 -144.487 275.642 281.424 -144.438 275.615 281.397 -195.423 315.542 185.097 -201.504 318.91 188.465 -211.52 325.919 178.445 -249.722 355.844 106.199 -252.44 358.811 92.1371 -246.359 355.442 88.7688 -297.246 395.316 -7.58595 -297.295 395.343 -7.559 -287.153 387.398 11.6216 -281.31 385.012 -0.675601 -158.637 311.335 -7.58917
  poly 1: -158.637 318.311 -6.93452 -146.649 309.804 6.32864 -146.649 311.672 -13.5839 -146.707 311.707 -13.5806 -146.649 302.311 86.1776 -139.389 297.951 85.7685 -135.033 294.164 97.9932 -135.033 287.143 172.814 -139.389 288.589 185.53 -146.649 292.95 185.939 -146.707 283.623 285.704 -146.649 283.588 285.701 -146.649 285.294 267.525 -152.794 288.8 269.842 -143.544 281.554 287.336 -138.679 278.859 284.641 -189.615 318.759 188.314 -195.696 322.127 191.682 -205.712 329.136 181.662 -243.914 359.061 109.416 -246.632 362.028 95.3542 -240.551 358.659 91.9859 -291.487 398.56 -4.34192 -296.352 401.254 -1.64724 -288.936 395.445 12.3768 -283.094 393.059 0.0795656 -158.637 318.311 -6.93452
element 10
  poly 0: 146.649 -285.973 185.284 146.649 -295.334 85.523 152.457 -298.823 85.8503 152.457 -289.461 185.612 146.649 -285.973 185.284
  poly 1: 140.841 -289.461 185.612 140.841 -298.823 85.8503 146.649 -302.311 86.1776 146.649 -292.95 185.939 140.841 -289.461 185.612
  poly 2: 251.103 -358.043 91.6913 200.167 -318.142 188.019 194.059 -314.474 187.675 244.995 -354.374 91.3471 251.103 -358.043 91.6913
  poly 3: 246.779 -362.422 92.1023 195.843 -322.522 188.43 189.735 -318.853 188.086 240.671 -358.754 91.758 246.779 -362.422 92.1023
  poly 4: 158.637 -311.335 -7.58917 146.649 -302.827 5.674 146.649 -304.696 -14.2385 140.841 -301.207 -14.5659 140.841 -273.124 284.719 146.649 -276.612 285.046 146.649 -278.643 263.397 152.794 -282.149 265.714 143.123 -274.574 284.003 155.339 -281.91 284.691 308.147 -401.611 -4.29226 295.931 -394.275 -4.9807 287.153 -387.398 11.6216 281.31 -385.012 -0.6756 158.637 -311.335 -7.58917
  poly 5: 158.637 -318.311 -6.93452 146.649 -309.804 6.32865 146.649 -311.672 -13.5839 135.033 -304.696 -14.2385 135.033 -276.612 285.046 146.649 -283.588 285.701 146.649 -285.294 267.525 152.794 -288.8 269.842 144.907 -282.621 284.758 151.015 -286.29 285.102 303.823 -405.991 -3.88132 297.715 -402.322 -4.22553 288.936 -395.445 12.3768 283.094 -393.059 0.0795665 158.637 -318.311 -6.93452
element 11
  poly 0: 93.3074 -318.004 188.353 42.6686 -357.671 92.5878 47.5335 -354.977 89.8931 98.1723 -315.309 185.659 93.3074 -318.004 188.353
  poly 1: 99.1154 -321.221 191.571 48.4766 -360.888 95.8049 53.3415 -358.194 93.1102 103.98 -318.526 188.876 99.1154 -321.221 191.571
  poly 2: 140.504 -282.149 265.714 146.649 -278.643 263.397 146.649 -276.612 285.046 140.841 -280.1 285.373 140.841 -289.461 185.612 148.101 -285.101 185.203 152.457 -283.655 172.487 152.457 -290.676 97.6658 148.101 -294.462 85.4411 140.841 -298.823 85.8503 140.841 -308.184 -13.9112 146.649 -304.696 -14.2385 146.649 -302.827 5.67399 134.661 -311.335 -7.58917 11.9878 -385.012 -0.675601 6.14527 -387.398 11.6216 -3.10525 -394.644 -5.8725 -12.835 -400.033 -0.483134 139.081 -281.031 286.814 148.811 -275.642 281.424 140.504 -282.149 265.714
  poly 3: 140.504 -288.8 269.842 146.649 -285.294 267.525 146.649 -283.588 285.701 146.591 -283.623 285.704 146.649 -292.95 185.939 153.909 -288.589 185.53 158.265 -287.143 172.814 158.265 -294.164 97.9932 153.909 -297.951 85.7685 146.649 -302.311 86.1776 146.591 -311.707 -13.5806 146.649 -311.672 -13.5839 146.649 -309.804 6.32864 134.661 -318.311 -6.93452 10.2042 -393.059 0.0795656 4.36169 -395.445 12.3768 -2.16212 -400.556 0.0392669 -7.027 -403.25 2.73395 144.889 -284.248 290.031 149.754 -281.554 287.336 140.504 -288.8 269.842
element 12
  poly 0: 240.984 -91.3111 358.854 190.067 -187.603 318.969 194.098 -187.603 314.504 245.014 -91.3111 354.389 240.984 -91.3111 358.854
  poly 1: 246.684 -91.3111 363.319 195.767 -187.603 323.433 199.797 -187.603 318.969 250.714 -91.3111 358.854 246.684 -91.3111 363.319
  poly 2: 287.153 -11.6217 387.398 293.298 -9.89952 382.312 293.298 -382.312 9.89952 287.153 -387.398 11.6217 295.931 -394.275 -4.9807 295.975 -394.231 -4.98481 244.995 -354.374 91.3471 239.59 -359.849 91.8608 229.98 -358.146 104.21 191.778 -328.22 176.456 188.654 -319.948 188.189 194.059 -314.474 187.675 143.167 -274.53 283.999 143.123 -274.574 284.003 152.794 -282.149 265.714 152.794 -265.714 282.149 143.181 -283.895 274.619 135.12 -283.895 283.548 287.871 4.9807 403.204 295.931 4.9807 394.275 287.153 -11.6217 387.398
  poly 3: 290.853 -7.78143 397.918 296.998 -6.05928 392.832 296.998 -391.861 7.03044 290.852 -396.947 8.75259 297.715 -402.322 -4.22553 302.039 -397.943 -4.63648 251.103 -358.043 91.6913 245.698 -363.517 92.205 236.088 -361.814 104.554 197.886 -331.889 176.8 194.762 -323.617 188.533 200.167 -318.142 188.019 149.231 -278.242 284.347 144.907 -282.621 284.758 151.488 -287.777 272.312 151.488 -271.341 288.748 144.85 -283.895 283.548 140.82 -283.895 288.013 293.571 4.9807 407.669 297.601 4.9807 403.204 290.853 -7.78143 397.918
element 13
  poly 0: 103.509 -188.129 318.751 52.8699 -92.3634 358.418 47.1704 -89.2064 355.261 97.8091 -184.972 315.594 103.509 -188.129 318.751
  poly 1: 99.4785 -191.286 321.908 48.8397 -95.5204 361.575 43.1402 -92.3634 358.418 93.779 -188.129 318.751 99.4785 -191.286 321.908
  poly 2: 6.14527 -387.398 11.6216 -4.2455e-06 -382.312 9.8995 -4.2455e-06 -397.085 -4.87323 4.86487 -399.779 -2.17855 4.86487 -265.632 131.969 -1.21622 -262.263 128.601 -4.86488 -243.474 143.348 -4.86488 -142.863 243.959 -1.21622 -128.115 262.749 4.86487 -131.484 266.117 4.86487 2.66413 400.265 -4.24549e-06 5.35881 397.57 -4.24549e-06 -9.8995 382.312 6.14527 -11.6216 387.398 -3.46837 6.55921 394.928 7.93073 0.245182 401.242 159.847 -287.052 282.24 148.448 -280.738 275.926 140.504 -265.714 282.149 140.504 -282.149 265.714 148.811 -275.642 281.424 148.753 -275.61 281.392 98.1723 -315.309 185.659 105.432 -319.331 189.68 103.458 -326.702 180.122 65.4793 -356.452 108.298 54.7935 -358.998 93.9145 47.5335 -354.977 89.8931 -3.16333 -394.612 -5.90467 -3.10525 -394.644 -5.8725 6.14527 -387.398 11.6216 6.14527 -387.398 11.6216
  poly 3: 6.14527 -394.048 15.7498 -4.2455e-06 -388.963 14.0277 -4.2455e-06 -402.474 0.516127 0.0486445 -402.501 0.543074 -4.24549e-06 -268.326 134.664 -6.08109 -264.958 131.296 -9.72975 -246.168 146.043 -9.72975 -145.558 246.654 -6.08109 -130.81 265.444 -4.24549e-06 -134.178 268.812 0.0486445 -0.0574948 402.987 -4.24549e-06 -0.0305479 402.96 -4.24549e-06 -13.0565 389.934 6.14527 -14.7787 395.019 -1.79901 0.245182 401.242 3.90054 -2.91183 404.4 155.817 -290.209 285.397 150.117 -287.052 282.24 141.81 -271.341 288.748 141.81 -287.777 272.312 149.754 -281.554 287.336 143.946 -278.336 284.119 93.3074 -318.004 188.353 100.567 -322.025 192.375 98.5935 -329.396 182.817 60.6145 -359.147 110.993 49.9286 -361.693 96.6092 42.6686 -357.671 92.5878 -7.97012 -397.339 -3.17781 -2.16212 -400.556 0.0392669 6.14527 -394.048 15.7498 6.14527 -394.048 15.7498
element 14
  poly 0: 146.649 94.9713 277.335 146.649 -94.9713 277.335 151.514 -94.9713 281.146 151.514 94.9713 281.146 146.649 94.9713 277.335
  poly 1: 141.784 94.9713 281.146 141.784 -94.9713 281.146 146.649 -94.9713 284.957 146.649 94.9713 284.957 141.784 94.9713 281.146
  poly 2: 250.714 91.3111 358.854 199.797 187.603 318.969 194.098 187.603 314.504 245.014 91.3111 354.389 250.714 91.3111 358.854
  poly 3: 246.684 91.3111 363.319 195.767 187.603 323.433 190.067 187.603 318.969 240.984 91.3111 358.854 246.684 91.3111 363.319
  poly 4: 152.794 -265.714 282.149 146.649 -263.335 277.335 146.649 -284.914 277.335 141.784 -284.914 273.525 141.784 284.914 273.525 146.649 284.914 277.335 146.649 263.335 277.335 152.794 265.714 282.149 143.181 283.895 274.619 154.58 283.895 283.548 307.331 -4.9807 403.204 295.931 -4.9807 394.275 287.153 11.6216 387.398 287.153 -11.6216 387.398 295.931 4.9807 394.275 295.874 4.9807 394.23 245.014 -91.3111 354.389 252.139 -91.3111 359.97 250.049 -103.348 358.333 211.861 -175.566 328.419 201.222 -187.603 320.085 194.098 -187.603 314.504 143.124 -283.895 274.574 143.181 -283.895 274.619 152.794 -265.714 282.149 152.794 -265.714 282.149
  poly 5: 152.794 -268.871 289.771 146.649 -266.492 284.957 146.649 -284.914 284.957 136.919 -284.914 277.335 136.919 284.914 277.335 146.649 284.914 284.957 146.649 266.492 284.957 152.794 268.871 289.771 144.85 283.895 283.548 150.549 283.895 288.013 303.3 -4.9807 407.669 297.601 -4.9807 403.204 288.822 11.6216 396.327 288.822 -11.6216 396.327 297.601 4.9807 403.204 291.901 4.9807 398.739 240.984 -91.3111 358.854 248.109 -91.3111 364.435 246.019 -103.348 362.798 207.831 -175.566 332.884 197.192 -187.603 324.549 190.067 -187.603 318.969 139.15 -283.895 279.083 144.85 -283.895 283.548 152.794 -268.871 289.771 152.794 -268.871 289.771
element 15
  poly 0: 93.779 188.129 318.751 43.1402 92.3634 358.418 47.1704 89.2064 355.261 97.8091 184.972 315.594 93.779 188.129 318.751
  poly 1: 99.4785 191.286 321.908 48.8397 95.5204 361.575 52.8699 92.3634 358.418 103.509 188.129 318.751 99.4785 191.286 321.908
  poly 2: 140.504 265.714 282.149 146.649 263.335 277.335 146.649 284.914 277.335 141.784 284.914 281.146 141.784 94.9713 281.146 147.865 94.9713 276.383 151.514 71.2285 273.525 151.514 -71.2285 273.525 147.865 -94.9713 276.383 141.784 -94.9713 281.146 141.784 -284.914 281.146 146.649 -284.914 277.335 146.649 -263.335 277.335 140.504 -265.714 282.149 148.448 -280.738 275.926 148.488 -280.706 275.895 97.8091 -184.972 315.594 92.7714 -188.918 319.54 83.4189 -179.315 326.866 45.4398 -107.491 356.617 42.1326 -93.1527 359.207 47.1704 -89.2064 355.261 -3.42807 6.59078 394.897 -3.46837 6.55921 394.928 6.14527 -11.6216 387.398 6.14527 11.6216 387.398 -3.46837 -6.55921 394.928 -11.5288 -0.245182 401.242 140.388 287.052 282.24 148.448 280.738 275.926 140.504 265.714 282.149
  poly 3: 140.504 268.871 289.771 146.649 266.492 284.957 146.649 284.914 284.957 146.6 284.914 284.995 146.649 94.9713 284.957 152.73 94.9713 280.194 156.379 71.2285 277.335 156.379 -71.2285 277.335 152.73 -94.9713 280.194 146.649 -94.9713 284.957 146.6 -284.914 284.995 146.649 -284.914 284.957 146.649 -266.492 284.957 140.504 -268.871 289.771 150.117 -287.052 282.24 154.147 -283.895 279.083 103.509 -188.129 318.751 98.471 -192.075 322.697 89.1185 -182.472 330.023 51.1394 -110.648 359.774 47.8322 -96.3097 362.364 52.8699 -92.3634 358.418 2.23118 3.4022 398.085 -1.79901 0.245182 401.242 4.47591 -11.6216 396.327 4.47591 11.6216 396.327 -1.79901 -0.245182 401.242 -5.8292 2.91183 404.4 146.087 290.209 285.397 150.117 287.052 282.24 140.504 268.871 289.771
element 16
  poly 0: 240.671 358.754 91.758 189.735 318.853 188.086 194.059 314.474 187.675 244.995 354.374 91.3471 240.671 358.754 91.758
  poly 1: 246.779 362.422 92.1023 195.843 322.522 188.43 200.167 318.142 188.019 251.103 358.043 91.6913 246.779 362.422 92.1023
  poly 2: 287.153 387.398 11.6217 293.298 382.312 9.89952 293.298 9.89952 382.312 287.153 11.6217 387.398 295.931 -4.9807 394.275 295.972 -4.9807 394.23 245.014 91.3111 354.389 239.977 91.3111 359.97 230.589 103.348 358.333 192.402 175.566 328.419 189.06 187.603 320.085 194.098 187.603 314.504 143.221 283.895 274.574 143.181 283.895 274.619 152.794 265.714 282.149 152.794 282.149 265.714 143.123 274.574 284.003 134.475 283.333 284.825 287.283 403.033 -4.1588 295.931 394.275 -4.9807 287.153 387.398 11.6217
  poly 3: 290.853 396.947 8.75258 296.998 391.861 7.03044 296.998 6.05928 392.832 290.853 7.78143 397.918 297.601 -4.9807 403.204 301.631 -4.9807 398.739 250.714 91.3111 358.854 245.676 91.3111 364.435 236.289 103.348 362.798 198.101 175.566 332.884 194.759 187.603 324.549 199.797 187.603 318.969 148.88 283.895 279.083 144.85 283.895 283.548 151.488 271.341 288.748 151.488 287.777 272.312 144.907 282.621 284.758 140.583 287.001 285.169 293.391 406.702 -3.81458 297.715 402.322 -4.22553 290.853 396.947 8.75258
element 17
  poly 0: 103.98 318.526 188.876 53.3415 358.194 93.1102 47.5335 354.977 89.8931 98.1723 315.309 185.659 103.98 318.526 188.876
  poly 1: 99.1154 321.221 191.571 48.4766 360.888 95.8049 42.6686 357.671 92.5878 93.3074 318.004 188.353 99.1154 321.221 191.571
  poly 2: 6.14526 11.6216 387.398 -4.24549e-06 9.8995 382.312 -4.24549e-06 -5.35881 397.57 4.86487 -2.66413 400.265 4.86487 131.484 266.117 -1.21622 128.115 262.749 -4.86488 142.863 243.959 -4.86488 243.474 143.348 -1.21622 262.263 128.601 4.86487 265.632 131.969 4.86487 399.779 -2.17855 -4.24549e-06 397.085 -4.87323 -4.24549e-06 382.312 9.8995 6.14527 387.398 11.6216 -3.10525 394.644 -5.8725 8.51074 401.078 0.561668 160.427 282.076 287.859 148.811 275.642 281.424 140.504 282.149 265.714 140.504 265.714 282.149 148.448 280.738 275.926 148.391 280.706 275.895 97.8091 184.972 315.594 104.934 188.918 319.54 102.878 179.315 326.866 64.8993 107.491 356.617 54.2948 93.1527 359.207 47.1704 89.2064 355.261 -3.52537 -6.59078 394.897 -3.46837 -6.55921 394.928 6.14527 11.6216 387.398 6.14526 11.6216 387.398
  poly 3: 6.14526 14.7787 395.019 -4.24549e-06 13.0565 389.934 -4.24549e-06 0.030548 402.96 0.0486445 0.0574948 402.987 -4.24549e-06 134.178 268.812 -6.08109 130.81 265.444 -9.72975 145.558 246.654 -9.72975 246.168 146.043 -6.08109 264.958 131.296 -4.24549e-06 268.326 134.664 0.0486445 402.501 0.543074 -4.24549e-06 402.474 0.516127 -4.24549e-06 388.963 14.0277 6.14527 394.048 15.7498 -2.16212 400.556 0.039267 3.64587 403.773 3.25635 155.562 284.771 290.553 149.754 281.554 287.336 141.81 287.777 272.312 141.81 271.341 288.748 150.117 287.052 282.24 144.418 283.895 279.083 93.779 188.129 318.751 100.903 192.075 322.697 98.8482 182.472 330.023 60.8691 110.648 359.774 50.2646 96.3097 362.364 43.1402 92.3634 358.418 -7.49857 -3.4022 398.085 -1.79901 -0.245182 401.242 6.14527 14.7787 395.019 6.14526 14.7787 395.019
element 18
  poly 0: 146.649 295.334 85.523 146.649 285.973 185.284 152.457 289.461 185.612 152.457 298.823 85.8503 146.649 295.334 85.523
  poly 1: 140.841 298.823 85.8503 140.841 289.461 185.612 146.649 292.95 185.939 146.649 302.311 86.1776 140.841 298.823 85.8503
  poly 2: 152.794 282.149 265.714 146.649 278.643 263.397 146.649 276.612 285.046 140.841 273.124 284.719 140.841 301.207 -14.5659 146.649 304.696 -14.2385 146.649 302.827 5.674 158.637 311.335 -7.58917 281.31 385.012 -0.6756 287.153 387.398 11.6216 295.931 394.275 -4.9807 295.87 394.238 -4.98414 244.995 354.374 91.3471 252.63 358.96 91.7774 250.844 356.723 104.076 212.642 326.798 176.322 201.694 319.059 188.105 194.059 314.474 187.675 143.062 274.537 283.999 143.123 274.574 284.003 152.794 282.149 265.714 152.794 282.149 265.714
  poly 3: 152.794 288.8 269.842 146.649 285.294 267.525 146.649 283.588 285.701 135.033 276.612 285.046 135.033 304.696 -14.2385 146.649 311.672 -13.5839 146.649 309.804 6.32865 158.637 318.311 -6.93452 283.094 393.059 0.0795665 288.936 395.445 12.3768 297.715 402.322 -4.22553 291.607 398.654 -4.56975 240.671 358.754 91.758 248.306 363.339 92.1883 246.52 361.103 104.487 208.318 331.178 176.733 197.37 323.439 188.516 189.735 318.853 188.086 138.799 278.953 284.414 144.907 282.621 284.758 152.794 288.8 269.842 152.794 288.8 269.842
element 19
  poly 0: 134.661 311.335 -7.58917 146.649 302.827 5.67399 146.649 304.696 -14.2385 140.841 308.184 -13.9112 140.841 298.823 85.8503 148.101 294.462 85.4411 152.457 290.676 97.6658 152.457 283.655 172.487 148.101 285.101 185.203 140.841 289.461 185.612 140.841 280.1 285.373 146.649 276.612 285.046 146.649 278.643 263.397 140.504 282.149 265.714 148.811 275.642 281.424 148.86 275.615 281.397 98.1723 315.309 185.659 92.0912 318.678 189.027 82.1127 325.657 179.077 44.1336 355.408 107.253 41.4524 358.345 93.2615 47.5335 354.977 89.8931 -3.0566 394.617 -5.89944 -3.10525 394.644 -5.8725 6.14527 387.398 11.6216 11.9878 385.012 -0.675601 134.661 311.335 -7.58917
  poly 1: 134.661 318.311 -6.93452 146.649 309.804 6.32864 146.649 311.672 -13.5839 146.591 311.707 -13.5806 146.649 302.311 86.1776 153.909 297.951 85.7685 158.265 294.164 97.9932 158.265 287.143 172.814 153.909 288.589 185.53 146.649 292.95 185.939 146.591 283.623 285.704 146.649 283.588 285.701 146.649 285.294 267.525 140.504 288.8 269.842 149.754 281.554 287.336 154.619 278.859 284.641 103.98 318.526 188.876 97.8992 321.895 192.244 87.9207 328.874 182.294 49.9416 358.625 110.47 47.2604 361.562 96.4786 53.3415 358.194 93.1102 2.70275 397.861 -2.65541 -2.16212 400.556 0.039267 4.3617 395.445 12.3768 10.2042 393.059 0.0795656 134.661 318.311 -6.93452
