element 0
  poly 0: -410.914 -410.914 -303.875 -409.014 -410.914 -303.875 -409.014 -410.914 -260.075 -292.153 -410.914 -260.075 -175.292 -410.914 -260.075 -175.292 -410.914 -303.875 -58.4306 -410.914 -303.875 -58.4306 -410.914 -260.075 58.4306 -410.914 -260.075 58.4306 -410.914 -303.875 175.292 -410.914 -303.875 175.292 -410.914 -260.075 292.153 -410.914 -260.075 409.014 -410.914 -260.075 409.014 -410.914 -303.875 410.914 -410.914 -303.875 410.914 -410.914 -301.975 367.114 -410.914 -301.975 367.114 -410.914 -215.696 367.114 -410.914 -129.418 410.914 -410.914 -129.418 410.914 -410.914 -43.1393 367.114 -410.914 -43.1393 367.114 -410.914 43.1393 410.914 -410.914 43.1393 410.914 -410.914 129.418 367.114 -410.914 129.418 367.114 -410.914 215.696 367.114 -410.914 301.975 410.914 -410.914 301.975 410.914 -410.914 303.875 409.014 -410.914 303.875 409.014 -410.914 260.075 292.153 -410.914 260.075 175.292 -410.914 260.075 175.292 -410.914 303.875 58.4306 -410.914 303.875 58.4306 -410.914 260.075 -58.4306 -410.914 260.075 -58.4306 -410.914 303.875 -175.292 -410.914 303.875 -175.292 -410.914 260.075 -292.153 -410.914 260.075 -409.014 -410.914 260.075 -409.014 -410.914 303.875 -410.914 -410.914 303.875 -410.914 -410.914 301.975 -367.114 -410.914 301.975 -367.114 -410.914 215.696 -367.114 -410.914 129.418 -410.914 -410.914 129.418 -410.914 -410.914 43.1393 -367.114 -410.914 43.1393 -367.114 -410.914 -43.1393 -410.914 -410.914 -43.1393 -410.914 -410.914 -129.418 -367.114 -410.914 -129.418 -367.114 -410.914 -215.696 -367.114 -410.914 -301.975 -410.914 -410.914 -301.975 -410.914 -410.914 -303.875
  poly 1: -367.114 -367.114 -260.075 -409.014 -367.114 -260.075 -409.014 -367.114 -303.875 -292.153 -367.114 -303.875 -175.292 -367.114 -303.875 -175.292 -367.114 -260.075 -58.4306 -367.114 -260.075 -58.4306 -367.114 -303.875 58.4306 -367.114 -303.875 58.4306 -367.114 -260.075 175.292 -367.114 -260.075 175.292 -367.114 -303.875 292.153 -367.114 -303.875 409.014 -367.114 -303.875 409.014 -367.114 -260.075 367.114 -367.114 -260.075 367.114 -367.114 -301.975 410.914 -367.114 -301.975 410.914 -367.114 -215.696 410.914 -367.114 -129.418 367.114 -367.114 -129.418 367.114 -367.114 -43.1393 410.914 -367.114 -43.1393 410.914 -367.114 43.1393 367.114 -367.114 43.1393 367.114 -367.114 129.418 410.914 -367.114 129.418 410.914 -367.114 215.696 410.914 -367.114 301.975 367.114 -367.114 301.975 367.114 -367.114 260.075 409.014 -367.114 260.075 409.014 -367.114 303.875 292.153 -367.114 303.875 175.292 -367.114 303.875 175.292 -367.114 260.075 58.4306 -367.114 260.075 58.4306 -367.114 303.875 -58.4306 -367.114 303.875 -58.4306 -367.114 260.075 -175.292 -367.114 260.075 -175.292 -367.114 303.875 -292.153 -367.114 303.875 -409.014 -367.114 303.875 -409.014 -367.114 260.075 -367.114 -367.114 260.075 -367.114 -367.114 301.975 -410.914 -367.114 301.975 -410.914 -367.114 215.696 -410.914 -367.114 129.418 -367.114 -367.114 129.418 -367.114 -367.114 43.1393 -410.914 -367.114 43.1393 -410.914 -367.114 -43.1393 -367.114 -367.114 -43.1393 -367.114 -367.114 -129.418 -410.914 -367.114 -129.418 -410.914 -367.114 -215.696 -410.914 -367.114 -301.975 -367.114 -367.114 -301.975 -367.114 -367.114 -260.075
element 1
  poly 0: 410.914 -410.914 303.875 410.914 -410.914 301.975 410.914 -367.114 301.975 410.914 -367.114 215.696 410.914 -367.114 129.418 410.914 -410.914 129.418 410.914 -410.914 43.1393 410.914 -367.114 43.1393 410.914 -367.114 -43.1393 410.914 -410.914 -43.1393 410.914 -410.914 -129.418 410.914 -367.114 -129.418 410.914 -367.114 -215.696 410.914 -367.114 -301.975 410.914 -410.914 -301.975 410.914 -410.914 -303.875 410.914 -409.014 -303.875 410.914 -409.014 -260.075 410.914 -292.153 -260.075 410.914 -175.292 -260.075 410.914 -175.292 -303.875 410.914 -58.4306 -303.875 410.914 -58.4306 -260.075 410.914 58.4306 -260.075 410.914 58.4306 -303.875 410.914 175.292 -303.875 410.914 175.292 -260.075 410.914 292.153 -260.075 410.914 409.014 -260.075 410.914 409.014 -303.875 410.914 410.914 -303.875 410.914 410.914 -301.975 410.914 367.114 -301.975 410.914 367.114 -215.696 410.914 367.114 -129.418 410.914 410.914 -129.418 410.914 410.914 -43.1393 410.914 367.114 -43.1393 410.914 367.114 43.1393 410.914 410.914 43.1393 410.914 410.914 129.418 410.914 367.114 129.418 410.914 367.114 215.696 410.914 367.114 301.975 410.914 410.914 301.975 410.914 410.914 303.875 410.914 409.014 303.875 410.914 409.014 260.075 410.914 292.153 260.075 410.914 175.292 260.075 410.914 175.292 303.875 410.914 58.4306 303.875 410.914 58.4306 260.075 410.914 -58.4306 260.075 410.914 -58.4306 303.875 410.914 -175.292 303.875 410.914 -175.292 260.075 410.914 -292.153 260.075 410.914 -409.014 260.075 410.914 -409.014 303.875 410.914 -410.914 303.875
  poly 1: 367.114 -367.114 260.075 367.114 -367.114 301.975 367.114 -410.914 301.975 367.114 -410.914 215.696 367.114 -410.914 129.418 367.114 -367.114 129.418 367.114 -367.114 43.1393 367.114 -410.914 43.1393 367.114 -410.914 -43.1393 367.114 -367.114 -43.1393 367.114 -367.114 -129.418 367.114 -410.914 -129.418 367.114 -410.914 -215.696 367.114 -410.914 -301.975 367.114 -367.114 -301.975 367.114 -367.114 -260.075 367.114 -409.014 -260.075 367.114 -409.014 -303.875 367.114 -292.153 -303.875 367.114 -175.292 -303.875 367.114 -175.292 -260.075 367.114 -58.4306 -260.075 367.114 -58.4306 -303.875 367.114 58.4306 -303.875 367.114 58.4306 -260.075 367.114 175.292 -260.075 367.114 175.292 -303.875 367.114 292.153 -303.875 367.114 409.014 -303.875 367.114 409.014 -260.075 367.114 367.114 -260.075 367.114 367.114 -301.975 367.114 410.914 -301.975 367.114 410.914 -215.696 367.114 410.914 -129.418 367.114 367.114 -129.418 367.114 367.114 -43.1393 367.114 410.914 -43.1393 367.114 410.914 43.1393 367.114 367.114 43.1393 367.114 367.114 129.418 367.114 410.914 129.418 367.114 410.914 215.696 367.114 410.914 301.975 367.114 367.114 301.975 367.114 367.114 260.075 367.114 409.014 260.075 367.114 409.014 303.875 367.114 292.153 303.875 367.114 175.292 303.875 367.114 175.292 260.075 367.114 58.4306 260.075 367.114 58.4306 303.875 367.114 -58.4306 303.875 367.114 -58.4306 260.075 367.114 -175.292 260.075 367.114 -175.292 303.875 367.114 -292.153 303.875 367.114 -409.014 303.875 367.114 -409.014 260.075 367.114 -367.114 260.075
element 2
  poly 0: 410.914 410.914 303.875 410.914 410.914 301.975 367.114 410.914 301.975 367.114 410.914 215.696 367.114 410.914 129.418 410.914 410.914 129.418 410.914 410.914 43.1393 367.114 410.914 43.1393 367.114 410.914 -43.1393 410.914 410.914 -43.1393 410.914 410.914 -129.418 367.114 410.914 -129.418 367.114 410.914 -215.696 367.114 410.914 -301.975 410.914 410.914 -301.975 410.914 410.914 -303.875 409.014 410.914 -303.875 409.014 410.914 -260.075 292.153 410.914 -260.075 175.292 410.914 -260.075 175.292 410.914 -303.875 58.4306 410.914 -303.875 58.4306 410.914 -260.075 -58.4306 410.914 -260.075 -58.4306 410.914 -303.875 -175.292 410.914 -303.875 -175.292 410.914 -260.075 -292.153 410.914 -260.075 -409.014 410.914 -260.075 -409.014 410.914 -303.875 -410.914 410.914 -303.875 -410.914 410.914 -301.975 -367.114 410.914 -301.975 -367.114 410.914 -215.696 -367.114 410.914 -129.418 -410.914 410.914 -129.418 -410.914 410.914 -43.1393 -367.114 410.914 -43.1393 -367.114 410.914 43.1393 -410.914 410.914 43.1393 -410.914 410.914 129.418 -367.114 410.914 129.418 -367.114 410.914 215.696 -367.114 410.914 301.975 -410.914 410.914 301.975 -410.914 410.914 303.875 -409.014 410.914 303.875 -409.014 410.914 260.075 -292.153 410.914 260.075 -175.292 410.914 260.075 -175.292 410.914 303.875 -58.4306 410.914 303.875 -58.4306 410.914 260.075 58.4306 410.914 260.075 58.4306 410.914 303.875 175.292 410.914 303.875 175.292 410.914 260.075 292.153 410.914 260.075 409.014 410.914 260.075 409.014 410.914 303.875 410.914 410.914 303.875
  poly 1: 367.114 367.114 260.075 367.114 367.114 301.975 410.914 367.114 301.975 410.914 367.114 215.696 410.914 367.114 129.418 367.114 367.114 129.418 367.114 367.114 43.1393 410.914 367.114 43.1393 410.914 367.114 -43.1393 367.114 367.114 -43.1393 367.114 367.114 -129.418 410.914 367.114 -129.418 410.914 367.114 -215.696 410.914 367.114 -301.975 367.114 367.114 -301.975 367.114 367.114 -260.075 409.014 367.114 -260.075 409.014 367.114 -303.875 292.153 367.114 -303.875 175.292 367.114 -303.875 175.292 367.114 -260.075 58.4306 367.114 -260.075 58.4306 367.114 -303.875 -58.4306 367.114 -303.875 -58.4306 367.114 -260.075 -175.292 367.114 -260.075 -175.292 367.114 -303.875 -292.153 367.114 -303.875 -409.014 367.114 -303.875 -409.014 367.114 -260.075 -367.114 367.114 -260.075 -367.114 367.114 -301.975 -410.914 367.114 -301.975 -410.914 367.114 -215.696 -410.914 367.114 -129.418 -367.114 367.114 -129.418 -367.114 367.114 -43.1393 -410.914 367.114 -43.1393 -410.914 367.114 43.1393 -367.114 367.114 43.1393 -367.114 367.114 129.418 -410.914 367.114 129.418 -410.914 367.114 215.696 -410.914 367.114 301.975 -367.114 367.114 301.975 -367.114 367.114 260.075 -409.014 367.114 260.075 -409.014 367.114 303.875 -292.153 367.114 303.875 -175.292 367.114 303.875 -175.292 367.114 260.075 -58.4306 367.114 260.075 -58.4306 367.114 303.875 58.4306 367.114 303.875 58.4306 367.114 260.075 175.292 367.114 260.075 175.292 367.114 303.875 292.153 367.114 303.875 409.014 367.114 303.875 409.014 367.114 260.075 367.114 367.114 260.075
element 3
  poly 0: -410.914 -410.914 -303.875 -410.914 -410.914 -301.975 -410.914 -367.114 -301.975 -410.914 -367.114 -215.696 -410.914 -367.114 -129.418 -410.914 -410.914 -129.418 -410.914 -410.914 -43.1393 -410.914 -367.114 -43.1393 -410.914 -367.114 43.1393 -410.914 -410.914 43.1393 -410.914 -410.914 129.418 -410.914 -367.114 129.418 -410.914 -367.114 215.696 -410.914 -367.114 301.975 -410.914 -410.914 301.975 -410.914 -410.914 303.875 -410.914 -409.014 303.875 -410.914 -409.014 260.075 -410.914 -292.153 260.075 -410.914 -175.292 260.075 -410.914 -175.292 303.875 -410.914 -58.4306 303.875 -410.914 -58.4306 260.075 -410.914 58.4306 260.075 -410.914 58.4306 303.875 -410.914 175.292 303.875 -410.914 175.292 260.075 -410.914 292.153 260.075 -410.914 409.014 260.075 -410.914 409.014 303.875 -410.914 410.914 303.875 -410.914 410.914 301.975 -410.914 367.114 301.975 -410.914 367.114 215.696 -410.914 367.114 129.418 -410.914 410.914 129.418 -410.914 410.914 43.1393 -410.914 367.114 43.1393 -410.914 367.114 -43.1393 -410.914 410.914 -43.1393 -410.914 410.914 -129.418 -410.914 367.114 -129.418 -410.914 367.114 -215.696 -410.914 367.114 -301.975 -410.914 410.914 -301.975 -410.914 410.914 -303.875 -410.914 409.014 -303.875 -410.914 409.014 -260.075 -410.914 292.153 -260.075 -410.914 175.292 -260.075 -410.914 175.292 -303.875 -410.914 58.4306 -303.875 -410.914 58.4306 -260.075 -410.914 -58.4306 -260.075 -410.914 -58.4306 -303.875 -410.914 -175.292 -303.875 -410.914 -175.292 -260.075 -410.914 -292.153 -260.075 -410.914 -409.014 -260.075 -410.914 -409.014 -303.875 -410.914 -410.914 -303.875
  poly 1: -367.114 -367.114 -260.075 -367.114 -367.114 -301.975 -367.114 -410.914 -301.975 -367.114 -410.914 -215.696 -367.114 -410.914 -129.418 -367.114 -367.114 -129.418 -367.114 -367.114 -43.1393 -367.114 -410.914 -43.1393 -367.114 -410.914 43.1393 -367.114 -367.114 43.1393 -367.114 -367.114 129.418 -367.114 -410.914 129.418 -367.114 -410.914 215.696 -367.114 -410.914 301.975 -367.114 -367.114 301.975 -367.114 -367.114 260.075 -367.114 -409.014 260.075 -367.114 -409.014 303.875 -367.114 -292.153 303.875 -367.114 -175.292 303.875 -367.114 -175.292 260.075 -367.114 -58.4306 260.075 -367.114 -58.4306 303.875 -367.114 58.4306 303.875 -367.114 58.4306 260.075 -367.114 175.292 260.075 -367.114 175.292 303.875 -367.114 292.153 303.875 -367.114 409.014 303.875 -367.114 409.014 260.075 -367.114 367.114 260.075 -367.114 367.114 301.975 -367.114 410.914 301.975 -367.114 410.914 215.696 -367.114 410.914 129.418 -367.114 367.114 129.418 -367.114 367.114 43.1393 -367.114 410.914 43.1393 -367.114 410.914 -43.1393 -367.114 367.114 -43.1393 -367.114 367.114 -129.418 -367.114 410.914 -129.418 -367.114 410.914 -215.696 -367.114 410.914 -301.975 -367.114 367.114 -301.975 -367.114 367.114 -260.075 -367.114 409.014 -260.075 -367.114 409.014 -303.875 -367.114 292.153 -303.875 -367.114 175.292 -303.875 -367.114 175.292 -260.075 -367.114 58.4306 -260.075 -367.114 58.4306 -303.875 -367.114 -58.4306 -303.875 -367.114 -58.4306 -260.075 -367.114 -175.292 -260.075 -367.114 -175.292 -303.875 -367.114 -292.153 -303.875 -367.114 -409.014 -303.875 -367.114 -409.014 -260.075 -367.114 -367.114 -260.075
element 4
  poly 0: 410.914 410.914 -303.875 410.914 409.014 -303.875 367.114 409.014 -303.875 367.114 292.153 -303.875 367.114 175.292 -303.875 410.914 175.292 -303.875 410.914 58.4306 -303.875 367.114 58.4306 -303.875 367.114 -58.4306 -303.875 410.914 -58.4306 -303.875 410.914 -175.292 -303.875 367.114 -175.292 -303.875 367.114 -292.153 -303.875 367.114 -409.014 -303.875 410.914 -409.014 -303.875 410.914 -410.914 -303.875 409.014 -410.914 -303.875 409.014 -367.114 -303.875 292.153 -367.114 -303.875 175.292 -367.114 -303.875 175.292 -410.914 -303.875 58.4306 -410.914 -303.875 58.4306 -367.114 -303.875 -58.4306 -367.114 -303.875 -58.4306 -410.914 -303.875 -175.292 -410.914 -303.875 -175.292 -367.114 -303.875 -292.153 -367.114 -303.875 -409.014 -367.114 -303.875 -409.014 -410.914 -303.875 -410.914 -410.914 -303.875 -410.914 -409.014 -303.875 -367.114 -409.014 -303.875 -367.114 -292.153 -303.875 -367.114 -175.292 -303.875 -410.914 -175.292 -303.875 -410.914 -58.4306 -303.875 -367.114 -58.4306 -303.875 -367.114 58.4306 -303.875 -410.914 58.4306 -303.875 -410.914 175.292 -303.875 -367.114 175.292 -303.875 -367.114 292.153 -303.875 -367.114 409.014 -303.875 -410.914 409.014 -303.875 -410.914 410.914 -303.875 -409.014 410.914 -303.875 -409.014 367.114 -303.875 -292.153 367.114 -303.875 -175.292 367.114 -303.875 -175.292 410.914 -303.875 -58.4306 410.914 -303.875 -58.4306 367.114 -303.875 58.4306 367.114 -303.875 58.4306 410.914 -303.875 175.292 410.914 -303.875 175.292 367.114 -303.875 292.153 367.114 -303.875 409.014 367.114 -303.875 409.014 410.914 -303.875 410.914 410.914 -303.875
  poly 1: 367.114 367.114 -260.075 367.114 409.014 -260.075 410.914 409.014 -260.075 410.914 292.153 -260.075 410.914 175.292 -260.075 367.114 175.292 -260.075 367.114 58.4306 -260.075 410.914 58.4306 -260.075 410.914 -58.4306 -260.075 367.114 -58.4306 -260.075 367.114 -175.292 -260.075 410.914 -175.292 -260.075 410.914 -292.153 -260.075 410.914 -409.014 -260.075 367.114 -409.014 -260.075 367.114 -367.114 -260.075 409.014 -367.114 -260.075 409.014 -410.914 -260.075 292.153 -410.914 -260.075 175.292 -410.914 -260.075 175.292 -367.114 -260.075 58.4306 -367.114 -260.075 58.4306 -410.914 -260.075 -58.4306 -410.914 -260.075 -58.4306 -367.114 -260.075 -175.292 -367.114 -260.075 -175.292 -410.914 -260.075 -292.153 -410.914 -260.075 -409.014 -410.914 -260.075 -409.014 -367.114 -260.075 -367.114 -367.114 -260.075 -367.114 -409.014 -260.075 -410.914 -409.014 -260.075 -410.914 -292.153 -260.075 -410.914 -175.292 -260.075 -367.114 -175.292 -260.075 -367.114 -58.4306 -260.075 -410.914 -58.4306 -260.075 -410.914 58.4306 -260.075 -367.114 58.4306 -260.075 -367.114 175.292 -260.075 -410.914 175.292 -260.075 -410.914 292.153 -260.075 -410.914 409.014 -260.075 -367.114 409.014 -260.075 -367.114 367.114 -260.075 -409.014 367.114 -260.075 -409.014 410.914 -260.075 -292.153 410.914 -260.075 -175.292 410.914 -260.075 -175.292 367.114 -260.075 -58.4306 367.114 -260.075 -58.4306 410.914 -260.075 58.4306 410.914 -260.075 58.4306 367.114 -260.075 175.292 367.114 -260.075 175.292 410.914 -260.075 292.153 410.914 -260.075 409.014 410.914 -260.075 409.014 367.114 -260.075 367.114 367.114 -260.075
element 5
  poly 0: 410.914 -410.914 303.875 410.914 -409.014 303.875 367.114 -409.014 303.875 367.114 -292.153 303.875 367.114 -175.292 303.875 410.914 -175.292 303.875 410.914 -58.4306 303.875 367.114 -58.4306 303.875 367.114 58.4306 303.875 410.914 58.4306 303.875 410.914 175.292 303.875 367.114 175.292 303.875 367.114 292.153 303.875 367.114 409.014 303.875 410.914 409.014 303.875 410.914 410.914 303.875 409.014 410.914 303.875 409.014 367.114 303.875 292.153 367.114 303.875 175.292 367.114 303.875 175.292 410.914 303.875 58.4306 410.914 303.875 58.4306 367.114 303.875 -58.4306 367.114 303.875 -58.4306 410.914 303.875 -175.292 410.914 303.875 -175.292 367.114 303.875 -292.153 367.114 303.875 -409.014 367.114 303.875 -409.014 410.914 303.875 -410.914 410.914 303.875 -410.914 409.014 303.875 -367.114 409.014 303.875 -367.114 292.153 303.875 -367.114 175.292 303.875 -410.914 175.292 303.875 -410.914 58.4306 303.875 -367.114 58.4306 303.875 -367.114 -58.4306 303.875 -410.914 -58.4306 303.875 -410.914 -175.292 303.875 -367.114 -175.292 303.875 -367.114 -292.153 303.875 -367.114 -409.014 303.875 -410.914 -409.014 303.875 -410.914 -410.914 303.875 -409.014 -410.914 303.875 -409.014 -367.114 303.875 -292.153 -367.114 303.875 -175.292 -367.114 303.875 -175.292 -410.914 303.875 -58.4306 -410.914 303.875 -58.4306 -367.114 303.875 58.4306 -367.114 303.875 58.4306 -410.914 303.875 175.292 -410.914 303.875 175.292 -367.114 303.875 292.153 -367.114 303.875 409.014 -367.114 303.875 409.014 -410.914 303.875 410.914 -410.914 303.875
  poly 1: 367.114 -367.114 260.075 367.114 -409.014 260.075 410.914 -409.014 260.075 410.914 -292.153 260.075 410.914 -175.292 260.075 367.114 -175.292 260.075 367.114 -58.4306 260.075 410.914 -58.4306 260.075 410.914 58.4306 260.075 367.114 58.4306 260.075 367.114 175.292 260.075 410.914 175.292 260.075 410.914 292.153 260.075 410.914 409.014 260.075 367.114 409.014 260.075 367.114 367.114 260.075 409.014 367.114 260.075 409.014 410.914 260.075 292.153 410.914 260.075 175.292 410.914 260.075 175.292 367.114 260.075 58.4306 367.114 260.075 58.4306 410.914 260.075 -58.4306 410.914 260.075 -58.4306 367.114 260.075 -175.292 367.114 260.075 -175.292 410.914 260.075 -292.153 410.914 260.075 -409.014 410.914 260.075 -409.014 367.114 260.075 -367.114 367.114 260.075 -367.114 409.014 260.075 -410.914 409.014 260.075 -410.914 292.153 260.075 -410.914 175.292 260.075 -367.114 175.292 260.075 -367.114 58.4306 260.075 -410.914 58.4306 260.075 -410.914 -58.4306 260.075 -367.114 -58.4306 260.075 -367.114 -175.292 260.075 -410.914 -175.292 260.075 -410.914 -292.153 260.075 -410.914 -409.014 260.075 -367.114 -409.014 260.075 -367.114 -367.114 260.075 -409.014 -367.114 260.075 -409.014 -410.914 260.075 -292.153 -410.914 260.075 -175.292 -410.914 260.075 -175.292 -367.114 260.075 -58.4306 -367.114 260.075 -58.4306 -410.914 260.075 58.4306 -410.914 260.075 58.4306 -367.114 260.075 175.292 -367.114 260.075 175.292 -410.914 260.075 292.153 -410.914 260.075 409.014 -410.914 260.075 409.014 -367.114 260.075 367.114 -367.114 260.075
