element 0
  poly 0: -664.561 -262.546 -45.2995 -664.561 -131.041 -45.2995 -487.708 -131.041 -45.2995 -487.708 -262.546 -45.2995 -664.561 -262.546 -45.2995
  poly 1: -664.561 -262.546 -30.2995 -664.561 -131.041 -30.2995 -487.708 -131.041 -30.2995 -487.708 -262.546 -30.2995 -664.561 -262.546 -30.2995
element 1
  poly 0: -583.635 -304.546 50.6273 -583.635 -173.041 50.6273 -583.635 -173.041 -126.226 -583.635 -304.546 -126.226 -583.635 -304.546 50.6273
  poly 1: -568.635 -304.546 50.6273 -568.635 -173.041 50.6273 -568.635 -173.041 -126.226 -568.635 -304.546 -126.226 -568.635 -304.546 50.6273
element 2
  poly 0: -351.808 -173.591 53.8808 -444.442 -80.6028 45.7764 -429.028 -80.6028 -130.404 -336.394 -173.591 -122.3 -351.808 -173.591 53.8808
  poly 1: -341.241 -162.984 54.8052 -433.875 -69.9962 46.7008 -418.462 -69.9962 -129.48 -325.828 -162.984 -121.375 -341.241 -162.984 54.8052
element 3
  poly 0: -377.561 -262.546 -45.2995 -377.561 -131.041 -45.2995 -200.708 -131.041 -45.2995 -200.708 -262.546 -45.2995 -377.561 -262.546 -45.2995
  poly 1: -377.561 -262.546 -30.2995 -377.561 -131.041 -30.2995 -200.708 -131.041 -30.2995 -200.708 -262.546 -30.2995 -377.561 -262.546 -30.2995
element 4
  poly 0: -103.561 -262.546 -45.2995 -103.561 -131.041 -45.2995 73.2922 -131.041 -45.2995 73.2922 -262.546 -45.2995 -103.561 -262.546 -45.2995
  poly 1: -103.561 -262.546 -30.2995 -103.561 -131.041 -30.2995 73.2922 -131.041 -30.2995 73.2922 -262.546 -30.2995 -103.561 -262.546 -30.2995
element 5
  poly 0: -50.7599 -173.591 51.8606 -131.66 -107.838 -28.2967 -66.2925 -196.265 -166.806 14.6081 -262.017 -86.6491 -50.7599 -173.591 51.8606
  poly 1: -40.3144 -162.984 50.0188 -121.215 -97.2317 -30.1385 -55.847 -185.658 -168.648 25.0535 -251.411 -88.4909 -40.3144 -162.984 50.0188
element 6
  poly 0: 157.84 -100.591 51.2194 70.2609 -34.8383 -21.582 123.308 -123.265 -165.262 210.887 -189.017 -92.4604 157.84 -100.591 51.2194
  poly 1: 168.085 -89.984 48.4742 80.5061 -24.2317 -24.3272 133.553 -112.658 -168.007 221.132 -178.411 -95.2056 168.085 -89.984 48.4742
element 7
  poly 0: 170.439 -262.546 -45.2995 170.439 -133.041 -45.2995 347.292 -133.041 -45.2995 347.292 -262.546 -45.2995 170.439 -262.546 -45.2995
  poly 1: 170.439 -262.546 -30.2995 170.439 -131.041 -30.2995 347.292 -131.041 -30.2995 347.292 -262.546 -30.2995 170.439 -262.546 -30.2995
element 8
  poly 0: 402.626 -29.0559 -132.788 500.433 -187.667 -132.788 500.433 -187.667 53.5545 402.626 -29.0559 53.5545 402.626 -29.0559 -132.788
  poly 1: 420.386 -22.3539 -132.788 516.294 -177.886 -132.788 516.294 -177.886 53.5545 420.386 -22.3539 53.5545 420.386 -22.3539 -132.788
element 9
  poly 0: 665.129 -131.041 -48.9337 665.129 -305.804 -48.9337 478.787 -305.804 -48.9337 478.787 -131.041 -48.9337 665.129 -131.041 -48.9337
  poly 1: 665.129 -131.041 -30.2995 665.129 -317.383 -30.2995 478.787 -317.383 -30.2995 478.787 -131.041 -30.2995 665.129 -131.041 -30.2995
element 10
  poly 0: -665.129 317.383 -73.0167 -585.911 317.383 -73.0167 -585.911 30.5092 -73.0167 -665.129 30.5092 -73.0167 -665.129 317.383 -73.0167
  poly 1: -665.129 317.383 -6.76224 -585.911 317.383 -6.76224 -585.911 30.5092 -6.76224 -665.129 30.5092 -6.76224 -665.129 317.383 -6.76224
element 11
  poly 0: -643.89 207.074 103.548 -564.673 207.074 103.548 -564.673 207.074 -183.327 -643.89 207.074 -183.327 -643.89 207.074 103.548
  poly 1: -643.89 140.819 103.548 -564.673 140.819 103.548 -564.673 140.819 -183.327 -643.89 140.819 -183.327 -643.89 140.819 103.548
element 12
  poly 0: -367.387 100.029 103.351 -288.169 100.029 103.351 -288.169 227.338 -153.727 -367.387 227.338 -153.727 -367.387 100.029 103.351
  poly 1: -367.387 40.6556 73.9482 -288.169 40.6556 73.9482 -288.169 167.965 -183.13 -367.387 167.965 -183.13 -367.387 40.6556 73.9482
element 13
  poly 0: -339.815 317.383 -83.1616 -260.597 317.383 -83.1616 -260.597 30.5092 -83.1616 -339.815 30.5092 -83.1616 -339.815 317.383 -83.1616
  poly 1: -339.815 317.383 -16.9071 -260.597 317.383 -16.9071 -260.597 30.5092 -16.9071 -339.815 30.5092 -16.9071 -339.815 317.383 -16.9071
element 14
  poly 0: -265.929 314.188 97.6653 -186.711 314.188 97.6653 -186.711 274.933 -186.51 -265.929 274.933 -186.51 -265.929 314.188 97.6653
  poly 1: -265.929 248.557 106.731 -186.711 248.557 106.731 -186.711 209.302 -177.444 -265.929 209.302 -177.444 -265.929 248.557 106.731
element 15
  poly 0: -10.2908 207.074 103.548 38.7866 207.074 103.548 38.7866 207.074 -183.327 -10.2908 207.074 -183.327 -10.2908 207.074 103.548
  poly 1: -10.2908 140.819 103.548 38.7866 140.819 103.548 38.7866 140.819 -183.327 -10.2908 140.819 -183.327 -10.2908 140.819 103.548
element 16
  poly 0: -22.061 317.383 -73.0167 27.0163 317.383 -73.0167 27.0163 30.5092 -73.0167 -22.061 30.5092 -73.0167 -22.061 317.383 -73.0167
  poly 1: -22.061 317.383 -6.76224 27.0163 317.383 -6.76224 27.0163 30.5092 -6.76224 -22.061 30.5092 -6.76224 -22.061 317.383 -6.76224
element 17
  poly 0: 505.023 250.118 132.759 478.528 228.058 126.425 481.322 224.379 131.452 465.109 208.816 129.075 461.354 213.759 122.32 276.798 60.0939 78.203 283.142 49.4571 91.2732 512.584 240.495 146.12 505.023 250.118 132.759
  poly 1: 515.17 241.386 120.727 500.897 229.501 117.315 503.008 226.722 121.112 486.795 211.159 118.735 483.723 215.202 113.209 286.945 51.3611 66.171 293.289 40.7243 79.2412 522.731 231.763 134.088 515.17 241.386 120.727
element 18
  poly 0: 619.783 239.283 42.2984 592.097 237.547 58.3736 596.152 233.273 63.8316 580.467 231.582 74.1586 575.779 236.524 67.8482 395.849 225.24 172.321 401.634 215.431 186.51 483.889 220.589 138.751 480.424 225.152 132.517 503.906 225.949 120.047 506.882 222.031 125.401 629.463 229.718 54.2265 619.783 239.283 42.2984
  poly 1: 615.633 224.13 33.5148 593.836 222.763 46.1709 597.662 218.73 51.3213 581.977 217.039 61.6482 577.518 221.739 55.6454 391.699 210.087 163.537 397.484 200.278 177.727 467.928 204.695 136.825 464.211 209.588 130.139 487.693 210.386 117.67 490.92 206.137 123.475 625.313 214.565 45.4429 615.633 224.13 33.5148
element 19
  poly 0: 591.012 121.422 -49.0198 592.532 297.822 111.535 601.649 289.341 124.816 601.139 230.087 70.8845 596.592 234.88 64.7633 597.222 217.122 50.3896 600.993 213.147 55.466 600.102 109.719 -38.6721 591.012 121.422 -49.0198
  poly 1: 575.482 115.37 -42.2232 577.002 291.769 118.332 586.119 283.288 131.612 585.645 228.195 81.468 580.907 233.19 75.0903 581.537 215.431 60.7165 585.499 211.255 66.0496 584.572 103.667 -31.8755 575.482 115.37 -42.2232
