element 0
  poly 0: -590 -1585.75 0 -590 -390.151 0 -454.525 -423.227 0 -462.402 -431.598 0 -446.858 -435.393 0 -449.991 -424.334 0 -314.516 -457.41 0 -330.149 -521.438 0 -338.519 -513.562 0 -342.314 -529.105 0 -331.255 -525.972 0 -346.888 -590 0 -590 -1585.75 0
  poly 1: -590 -1585.75 20 -590 -390.151 20 -454.525 -423.227 20 -462.402 -431.598 20 -446.858 -435.393 20 -449.991 -424.334 20 -314.516 -457.41 20 -330.149 -521.438 20 -338.519 -513.562 20 -342.314 -529.105 20 -331.255 -525.972 20 -346.888 -590 20 -590 -1585.75 20
element 1
  poly 0: -590 104.55 20 -112.523 1.98426 20 -115.963 12.9513 20 -100.32 9.59105 20 -107.96 1.00417 20 -22.6037 -17.3311 20 -84.4891 90.333 20 -90.3349 80.4367 20 -98.3084 94.3083 20 -86.8146 94.3789 20 -148.7 202.043 20 -194.865 282.357 20 -200.711 272.461 20 -208.684 286.333 20 -197.19 286.403 20 -243.355 366.718 20 -327.993 318.067 20 -318.097 312.222 20 -331.969 304.248 20 -332.039 315.742 20 -501.316 218.442 20 -491.42 212.596 20 -505.291 204.622 20 -505.362 216.116 20 -590 167.466 20 -590 104.55 20 -590 104.55 20
  poly 1: -590 104.55 -0 -112.523 1.98426 0 -115.963 12.9513 0 -100.32 9.59105 0 -107.96 1.00417 0 -22.6037 -17.3311 -0 -84.4891 90.333 0 -90.3349 80.4367 0 -98.3084 94.3083 0 -86.8146 94.3789 0 -148.7 202.043 -0 -194.865 282.357 0 -200.711 272.461 0 -208.684 286.333 0 -197.19 286.403 0 -243.355 366.718 -0 -327.993 318.067 0 -318.097 312.222 0 -331.969 304.248 0 -332.039 315.742 0 -501.316 218.442 0 -491.42 212.596 0 -505.291 204.622 0 -505.362 216.116 0 -590 167.466 -0 -590 104.55 0 -590 104.55 -0
element 2
  poly 0: -148.7 202.043 20 415.775 526.503 20 415.704 537.997 20 401.832 530.024 20 411.729 524.178 20 190.794 397.184 20 190.723 408.678 20 176.852 400.705 20 186.748 394.859 20 -34.1867 267.865 20 -34.2572 279.359 20 -48.1289 271.385 20 -38.2326 265.54 20 -148.7 202.043 20 -194.865 282.357 20 -183.371 282.428 20 -191.344 296.3 20 -197.19 286.403 20 -243.355 366.718 20 -306.364 476.336 20 -294.87 476.406 20 -302.844 490.278 20 -308.689 480.382 20 -371.698 590 20 -148.7 202.043 20
  poly 1: -148.7 202.043 0 415.775 526.503 0 415.704 537.997 0 401.832 530.024 0 411.729 524.178 0 190.794 397.184 0 190.723 408.678 0 176.852 400.705 0 186.748 394.859 0 -34.1867 267.865 0 -34.2572 279.359 0 -48.1289 271.385 0 -38.2326 265.54 0 -148.7 202.043 -0 -194.865 282.357 0 -183.371 282.428 0 -191.344 296.3 0 -197.19 286.403 0 -243.355 366.718 -0 -306.364 476.336 0 -294.87 476.406 0 -302.844 490.278 0 -308.689 480.382 0 -371.698 590 0 -148.7 202.043 0
element 3
  poly 0: -57.4894 -358.435 0 590 -516.519 0 590 -590 0 -114.026 -590 0 -57.4894 -358.435 0
  poly 1: -57.4894 -358.435 20 590 -516.519 20 590 -590 20 -114.026 -590 20 -57.4894 -358.435 20
element 4
  poly 0: -590 -1585.75 0 -213.304 -42.8586 0 -221.675 -34.9818 0 -225.469 -50.5253 0 -214.411 -47.3921 0 -260.72 -237.069 0 -269.091 -229.192 0 -272.886 -244.736 0 -261.827 -241.603 0 -277.252 -304.781 0 -295.331 -378.829 0 -303.701 -370.952 0 -307.496 -386.495 0 -296.437 -383.362 0 -314.516 -457.41 0 -449.991 -424.334 0 -442.115 -415.964 0 -457.658 -412.169 0 -454.525 -423.227 0 -590 -390.151 0 -590 104.55 0 -590 -1585.75 0
  poly 1: -590 -1585.75 20 -213.304 -42.8586 20 -221.675 -34.9818 20 -225.469 -50.5253 20 -214.411 -47.3921 20 -260.72 -237.069 20 -269.091 -229.192 20 -272.886 -244.736 20 -261.827 -241.603 20 -277.252 -304.781 20 -295.331 -378.829 20 -303.701 -370.952 20 -307.496 -386.495 20 -296.437 -383.362 20 -314.516 -457.41 20 -449.991 -424.334 20 -442.115 -415.964 20 -457.658 -412.169 20 -454.525 -423.227 20 -590 -390.151 20 -590 104.55 20 -590 -1585.75 20
element 5
  poly 0: -590 969.787 20 -590 167.466 20 -505.362 216.116 20 -515.258 221.962 20 -501.386 229.935 20 -501.316 218.442 20 -332.039 315.742 20 -341.936 321.588 20 -328.064 329.561 20 -327.993 318.067 20 -243.355 366.718 20 -306.364 476.336 20 -312.21 466.44 20 -320.183 480.311 20 -308.689 480.382 20 -371.698 590 20 -590 969.787 20
  poly 1: -590 969.787 -0 -590 167.466 -0 -505.362 216.116 0 -515.258 221.962 0 -501.386 229.935 0 -501.316 218.442 0 -332.039 315.742 0 -341.936 321.588 0 -328.064 329.561 0 -327.993 318.067 0 -243.355 366.718 -0 -306.364 476.336 0 -312.21 466.44 0 -320.183 480.311 0 -308.689 480.382 0 -371.698 590 0 -590 969.787 -0
element 6
  poly 0: -3.2147e+09 -1.3167e+10 -0 -57.4894 -358.435 -0 -165.104 -332.161 0 -161.971 -343.22 0 -177.514 -339.425 0 -169.637 -331.055 0 -277.252 -304.781 -0 -295.331 -378.829 0 -284.272 -375.696 0 -288.067 -391.239 0 -296.437 -383.362 0 -314.516 -457.41 -0 -330.149 -521.438 0 -319.09 -518.305 0 -322.885 -533.849 0 -331.255 -525.972 0 -346.888 -590 0 -3.2147e+09 -1.3167e+10 -0
  poly 1: -3.2147e+09 -1.3167e+10 20 -57.4894 -358.435 20 -165.104 -332.161 20 -161.971 -343.22 20 -177.514 -339.425 20 -169.637 -331.055 20 -277.252 -304.781 20 -295.331 -378.829 20 -284.272 -375.696 20 -288.067 -391.239 20 -296.437 -383.362 20 -314.516 -457.41 20 -330.149 -521.438 20 -319.09 -518.305 20 -322.885 -533.849 20 -331.255 -525.972 20 -346.888 -590 20 -3.2147e+09 -1.3167e+10 20
element 7
  poly 0: 590 -516.519 -0 -165.104 -332.161 0 -157.227 -323.791 0 -172.771 -319.996 0 -169.637 -331.055 0 -277.252 -304.781 -0 -261.827 -241.603 0 -253.456 -249.479 0 -249.661 -233.936 0 -260.72 -237.069 0 -214.411 -47.3921 0 -206.04 -55.2689 0 -202.245 -39.7255 0 -213.304 -42.8586 0 -197.879 20.3195 -0 -112.523 1.98426 0 -120.163 -6.60262 0 -104.52 -9.9629 0 -107.96 1.00417 0 -22.6037 -17.3311 -0 590 -148.923 0 590 -516.519 0 590 -516.519 -0
  poly 1: 590 -516.519 20 -165.104 -332.161 20 -157.227 -323.791 20 -172.771 -319.996 20 -169.637 -331.055 20 -277.252 -304.781 20 -261.827 -241.603 20 -253.456 -249.479 20 -249.661 -233.936 20 -260.72 -237.069 20 -214.411 -47.3921 20 -206.04 -55.2689 20 -202.245 -39.7255 20 -213.304 -42.8586 20 -197.879 20.3195 20 -112.523 1.98426 20 -120.163 -6.60262 20 -104.52 -9.9629 20 -107.96 1.00417 20 -22.6037 -17.3311 20 590 -148.923 20 590 -516.519 20 590 -516.519 20
element 8
  poly 0: 590 -1083.1 20 -84.4891 90.333 20 -72.9953 90.4035 20 -80.9688 104.275 20 -86.8146 94.3789 20 -148.7 202.043 20 -38.2326 265.54 20 -38.1621 254.046 20 -24.2904 262.019 20 -34.1867 267.865 20 186.748 394.859 20 186.819 383.365 20 200.69 391.338 20 190.794 397.184 20 411.729 524.178 20 411.799 512.684 20 425.671 520.657 20 415.775 526.503 20 526.242 590 20 590 590 20 590 -148.923 20 590 -1083.1 20
  poly 1: 590 -1083.1 -0 -84.4891 90.333 0 -72.9953 90.4035 0 -80.9688 104.275 0 -86.8146 94.3789 0 -148.7 202.043 -0 -38.2326 265.54 0 -38.1621 254.046 0 -24.2904 262.019 0 -34.1867 267.865 0 186.748 394.859 0 186.819 383.365 0 200.69 391.338 0 190.794 397.184 0 411.729 524.178 0 411.799 512.684 0 425.671 520.657 0 415.775 526.503 0 526.242 590 -0 590 590 0 590 -148.923 0 590 -1083.1 -0
element 9
  poly 0: 1323.23 591.713 -152.168 1359.37 609.334 -134.38 1446.56 516.93 1.3995 1359.27 375.488 26.4761 1249.82 396.962 -78.9104 1323.23 591.713 -152.168
  poly 1: 1311.97 601.081 -138.556 1350.63 619.934 -119.524 1438.08 527.26 16.6517 1348.72 382.488 42.3187 1237.77 404.258 -64.5193 1311.97 601.081 -138.556
element 10
  poly 0: 2163.52 691.323 -51.1328 2151.55 643.692 -0.645376 2222.99 525.517 54.1087 2343.57 482.641 7.98236 2439.47 537.505 -107.412 2406.44 601.591 -141.089 2163.52 691.323 -51.1328
  poly 1: 2157.42 678.408 -65.5801 2145.5 630.969 -15.296 2215.15 515.754 38.0867 2333.27 473.755 -7.09603 2428.83 528.432 -122.095 2397.18 589.843 -154.367 2157.42 678.408 -65.5801
element 11
  poly 0: 2515.83 -168.55 -31.9975 2413.54 -163.565 52.9666 2284.87 -243.935 106.913 2319.1 -533.549 -97.4178 2407.27 -490.178 -141.536 2515.83 -168.55 -31.9975
  poly 1: 2503.21 -163.876 -47.4283 2401.74 -158.931 36.863 2275.7 -237.657 89.7062 2309.55 -524.087 -112.378 2395.99 -481.57 -155.627 2503.21 -163.876 -47.4283
element 12
  poly 0: 1492.22 688.463 -55.504 1821.17 711.655 -32.3584 1874.84 657.24 11.9412 1863.42 655.219 11.9854 1873.14 645.363 20.0093 1877.67 654.366 14.2815 1931.56 599.72 58.7699 1920.31 545.761 94.998 1911.35 551.265 90.095 1908.62 538.176 98.883 1919.52 541.944 97.5612 1908.33 488.276 133.594 1653.23 479.979 108.901 1628.27 512.3 83.4137 1639.83 513.315 84.0871 1631.53 524.057 75.6158 1625.85 515.433 80.9429 1601.18 547.373 55.7558 1492.22 688.463 -55.504
  poly 1: 1486.35 699.561 -39.445 1822.95 723.291 -15.7616 1875.26 670.253 27.4182 1863.84 668.231 27.4624 1873.56 658.375 35.4863 1878.09 667.378 29.7585 1932.94 611.76 75.0387 1921.49 556.862 111.898 1912.53 562.366 106.995 1909.8 549.277 115.783 1920.7 553.044 114.461 1909.19 497.856 151.515 1648.67 489.383 126.296 1623.44 522.06 100.527 1634.99 523.075 101.201 1626.69 533.818 92.7295 1621.02 525.194 98.0565 1595.48 558.252 71.9877 1486.35 699.561 -39.445
element 13
  poly 0: 2004.08 353.771 207.259 2190.99 198.46 168.904 2180.42 194.125 171.261 2192.57 184.024 168.766 2194.54 195.514 168.177 2215.33 178.239 163.911 2192.79 128.403 169.507 2186.16 137.798 170.812 2179.61 123.296 172.44 2190.88 124.174 169.982 2110.84 -52.8017 189.855 2104.21 -43.4068 191.16 2097.65 -57.9094 192.788 2108.92 -57.0316 190.33 2086.28 -107.105 195.953 1930.28 -83.5543 229.465 1902.62 -40.8289 234.862 1913.99 -39.943 232.382 1905.34 -26.5869 234.069 1900.1 -36.9334 235.354 1872.36 5.91787 240.766 1950.88 213.269 220.792 2004.08 353.771 207.259
  poly 1: 2007.35 360.071 226.927 2197.73 201.881 187.862 2187.15 197.546 190.219 2199.31 187.446 187.724 2201.27 198.935 187.135 2223.36 180.583 182.603 2199.38 127.563 188.557 2192.75 136.958 189.861 2186.19 122.455 191.49 2197.47 123.333 189.032 2117.42 -53.6424 208.905 2110.8 -44.2476 210.209 2104.24 -58.7502 211.838 2115.51 -57.8724 209.38 2091.64 -110.655 215.307 1931.89 -86.5377 249.626 1903.56 -42.7822 255.152 1914.93 -41.8963 252.673 1906.29 -28.5401 254.36 1901.04 -38.8866 255.644 1872.79 4.74307 261.155 1952.89 216.258 240.78 2007.35 360.071 226.927
element 14
  poly 0: 1219.57 -252.063 -48.4109 1208.22 173.841 -37.1518 1236.22 170.625 -11.0013 1231.73 161.031 -15.7107 1243.39 159.693 -4.82704 1239.62 170.235 -7.82687 1267.14 167.074 17.879 1343.55 21.4921 82.2174 1308.73 -55.3398 45.5286 1304.58 -45.0639 42.1562 1298.52 -58.4277 35.7748 1306.96 -59.2376 43.6673 1272.23 -135.875 7.07151 1219.57 -252.063 -48.4109
  poly 1: 1206.02 -258.053 -33.9872 1194.46 176.087 -22.5104 1222.64 172.85 3.81341 1218.15 163.255 -0.895996 1229.8 161.917 9.98763 1226.03 172.459 6.9878 1254.35 169.207 33.4349 1332.33 20.6383 99.0933 1296.84 -57.6717 61.6988 1292.69 -47.3958 58.3264 1286.63 -60.7595 51.9449 1295.07 -61.5694 59.8375 1259.49 -140.074 22.3499 1206.02 -258.053 -33.9872
element 15
  poly 0: 1741.27 -620.867 -13.0469 2133.59 -590.323 -43.5068 2084.37 -509.947 32.6173 2077.49 -517.5 27.1259 2070.99 -506.885 37.1794 2082.48 -506.851 35.5495 2033.57 -426.989 111.187 1978.97 -425.22 120.595 1983.19 -433.143 113.183 1967.43 -432.632 115.898 1974.37 -425.071 121.387 1919.91 -423.307 130.772 1855.71 -494.302 79.089 1867.13 -494.573 77.2065 1857.69 -505.016 69.6044 1852.96 -497.348 76.8717 1788.9 -568.188 25.3016 1741.27 -620.867 -13.0469
  poly 1: 1742.49 -607.651 -28.3943 2128.03 -577.635 -58.3282 2079.37 -498.163 16.9397 2072.49 -505.716 11.4483 2065.99 -495.101 21.5018 2077.47 -495.067 19.8719 2029.54 -416.799 93.9995 1976.3 -415.074 103.174 1980.52 -422.996 95.7622 1964.76 -422.486 98.4777 1971.7 -414.925 103.966 1918.32 -413.195 113.164 1855.72 -482.425 62.7666 1867.14 -482.697 60.8841 1857.69 -493.139 53.2821 1852.97 -485.471 60.5494 1790.23 -554.856 10.0393 1742.49 -607.651 -28.3943
element 16
  poly 0: 2511.3 -547.32 -35.9666 2520.67 219.015 -28.1082 2467.43 229.149 16.2709 2470.5 218.272 13.4984 2458.34 220.586 23.6349 2463.88 229.824 19.2274 2409.71 240.134 64.3802 2370.25 208.599 96.4754 2378.03 202.916 89.8992 2367.48 194.486 98.4796 2367.17 206.14 98.978 2327.45 174.395 131.287 2345.85 102.164 114.548 2351.85 110.8 109.743 2355.7 95.6719 106.237 2346.97 97.7513 113.525 2394 -86.8564 70.7435 2400 -78.2201 65.9385 2403.85 -93.3482 62.4327 2395.12 -91.2688 69.7209 2413.54 -163.565 52.9666 2511.3 -547.32 -35.9666
  poly 1: 2498.62 -539.266 -51.2778 2507.86 215.636 -43.5366 2454.22 225.846 1.17439 2457.29 214.969 -1.59806 2445.13 217.283 8.53844 2450.67 226.521 4.13087 2397.96 236.554 48.068 2359.08 205.487 79.6867 2366.87 199.804 73.1105 2356.32 191.373 81.6909 2356 203.028 82.1893 2317.39 172.171 113.594 2334.93 103.303 97.6344 2340.94 111.94 92.8294 2344.79 96.8117 89.3236 2336.06 98.8911 96.6119 2383.08 -85.7167 53.83 2389.09 -77.0804 49.025 2392.94 -92.2084 45.5192 2384.21 -90.129 52.8074 2401.74 -158.931 36.863 2498.62 -539.266 -51.2778
element 17
  poly 0: 1989.44 22.125 279.349 2141.57 -175.526 184.018 2130.12 -177.272 185.233 2139.23 -189.116 179.52 2144.23 -178.98 182.352 2194.51 -244.311 150.842 2115.41 -334.1 131.351 2111.58 -323.993 135.591 2101.14 -335.842 133.019 2112.36 -337.556 130.601 2033.57 -426.989 111.187 1978.97 -425.22 120.595 1985.43 -415.821 122.928 1969.67 -415.311 125.643 1974.37 -425.071 121.387 1919.91 -423.307 130.772 1869.61 -365.546 159.57 1880.94 -363.212 158.585 1871.11 -351.918 164.216 1866.74 -362.251 161.212 1816.45 -304.503 190.004 1873.04 -197.661 219.229 1879.34 -206.457 215.061 1886.62 -192.714 218.821 1875.16 -193.653 220.326 1931.89 -86.5377 249.626 1989.44 22.125 279.349
  poly 1: 1986.48 22.5543 258.49 2135.51 -171.068 165.102 2124.05 -172.814 166.316 2133.17 -184.658 160.604 2138.17 -174.522 163.436 2187.04 -238.025 132.807 2109.97 -325.506 113.817 2106.14 -315.399 118.058 2095.7 -327.248 115.485 2106.93 -328.962 113.067 2029.54 -416.799 93.9995 1976.3 -415.074 103.174 1982.76 -405.675 105.507 1967 -405.164 108.222 1971.7 -414.925 103.966 1918.32 -413.195 113.164 1869.2 -356.788 141.287 1880.53 -354.455 140.303 1870.7 -343.16 145.934 1866.33 -353.494 142.93 1817.2 -297.074 171.059 1872.75 -192.182 199.751 1879.05 -200.978 195.584 1886.33 -187.234 199.343 1874.87 -188.173 200.848 1930.28 -83.5543 229.465 1986.48 22.5543 258.49
element 18
  poly 0: 1732.28 -194.832 275.529 1672.05 152.816 227.711 1663.59 145.246 225.522 1660.88 160.868 223.373 1671.26 157.373 227.084 1650.33 278.147 210.472 1636.89 287.502 205.277 1635.85 275.924 205.862 1623.33 284.635 201.025 1633.24 290.043 203.866 1619.28 299.754 198.473 1556 280.976 179.061 1563.61 272.802 182.234 1548.89 268.436 177.72 1551.7 279.702 177.745 1489.01 261.098 158.513 1464.71 146.815 159.656 1475.21 150.409 162.838 1471.88 134.759 162.995 1463.74 142.251 159.702 1439.44 27.9333 160.846 1497.36 -16.1304 183.53 1498.83 -4.61872 183.092 1510.99 -13.867 187.854 1500.91 -18.8278 184.919 1559.44 -63.3518 207.841 1732.28 -194.832 275.529
  poly 1: 1734.93 -189.462 254.848 1675.97 150.792 208.047 1667.52 143.222 205.858 1664.81 158.844 203.709 1675.19 155.349 207.42 1654.72 273.492 191.17 1641.17 282.917 185.935 1640.13 271.339 186.521 1627.61 280.05 181.683 1637.52 285.458 184.524 1624.49 294.526 179.488 1563.04 276.292 160.639 1570.65 268.118 163.812 1555.93 263.751 159.298 1558.74 275.018 159.322 1496.71 256.609 140.293 1472.96 144.88 141.411 1483.45 148.474 144.593 1480.13 132.824 144.749 1471.98 140.316 141.457 1448.24 28.6222 142.574 1505.52 -14.9491 165.005 1506.99 -3.43734 164.567 1519.15 -12.6856 169.328 1509.06 -17.6465 166.394 1565.74 -60.7575 188.588 1734.93 -189.462 254.848
element 19
  poly 0: 1451.13 -333.283 86.8239 1331.03 -212.198 46.4177 1330.95 -222.344 40.8356 1319.98 -211.291 37.1471 1327.83 -208.974 45.3418 1259.49 -140.074 22.3499 1203.42 -146.475 -30.6805 1290.2 -447.401 -117.399 1352.77 -403.031 -37.9958 1344.02 -396.908 -42.4027 1353.09 -390.478 -30.8954 1355.42 -401.156 -34.6395 1417.85 -356.885 44.5862 1451.13 -333.283 86.8239
  poly 1: 1460.1 -325.277 70.2752 1342.19 -206.406 30.6078 1342.11 -216.552 25.0257 1331.14 -205.499 21.3372 1338.99 -203.182 29.5319 1272.23 -135.875 7.0715 1216.64 -142.221 -45.5071 1301.79 -437.528 -130.606 1363.78 -393.576 -51.9518 1355.03 -387.453 -56.3587 1364.1 -381.023 -44.8514 1366.42 -391.701 -48.5955 1427.39 -348.467 28.7756 1460.1 -325.277 70.2752
element 20
  poly 0: 1551.74 -395.036 76.8857 1695.17 -491.155 36.6829 1685.17 -493.397 31.3559 1698.12 -502.072 27.7275 1698.95 -493.685 35.6246 1790.23 -554.856 10.0393 1795.41 -603.531 -32.5029 1510.04 -554.352 -81.6431 1525.1 -496.844 -24.4195 1533.69 -503.77 -27.8898 1536.6 -492.619 -16.7935 1525.95 -493.592 -21.1831 1540.74 -437.086 35.0431 1551.74 -395.036 76.8857
  poly 1: 1545.18 -404.857 93.6165 1691.67 -503.025 52.5569 1681.67 -505.267 47.2299 1694.61 -513.942 43.6014 1695.44 -505.555 51.4986 1788.9 -568.188 25.3016 1794.12 -617.195 -17.5305 1502.75 -566.981 -67.7054 1517.88 -509.148 -10.1582 1526.47 -516.073 -13.6285 1529.39 -504.922 -2.53221 1518.73 -505.895 -6.92179 1533.97 -447.678 51.0075 1545.18 -404.857 93.6165
element 21
  poly 0: 3819.06 -4974.28 1259.91 2507.86 215.636 -43.5366 2454.22 225.846 1.17437 2457.38 234.49 -5.94784 2445.22 236.804 4.18866 2450.67 226.521 4.13085 2397.96 236.554 48.0681 2366.26 352.77 21.0406 2375.02 347.812 15.3379 2370.91 362.874 11.8351 2365.06 357.163 20.019 2333.27 473.755 -7.09603 3819.06 -4974.28 1259.91
  poly 1: 3855.77 -5062.2 1297.5 2521.54 218.85 -28.8331 2467.43 229.149 16.2709 2470.59 237.793 9.14868 2458.43 240.107 19.2852 2463.88 229.824 19.2274 2409.71 240.134 64.3802 2377.19 359.38 36.6483 2385.94 354.422 30.9455 2381.84 369.484 27.4427 2375.99 363.773 35.6266 2343.57 482.641 7.98236 3855.77 -5062.2 1297.5
element 22
  poly 0: 3294.87 -233.42 -405.769 2128.03 -577.635 -58.3282 2079.37 -498.163 16.9397 2090.08 -496.316 12.8984 2083.58 -485.701 22.9518 2077.47 -495.067 19.8719 2029.54 -416.799 93.9995 2106.93 -328.962 113.067 2109.88 -337.675 105.981 2120.32 -325.825 108.553 2109.97 -325.506 113.817 2187.04 -238.025 132.807 2229.16 -237.85 112.331 2221.85 -246.719 110.163 2236.24 -246.659 103.168 2233.36 -237.833 110.29 2275.7 -237.657 89.7062 3294.87 -233.42 -405.769
  poly 1: 3315.44 -239.651 -394.103 2132.54 -588.605 -41.8795 2084.37 -509.947 32.6173 2095.09 -508.1 28.576 2088.59 -497.485 38.6295 2082.48 -506.851 35.5495 2033.57 -426.989 111.187 2112.36 -337.556 130.601 2115.31 -346.268 123.515 2125.75 -334.419 126.087 2115.41 -334.1 131.351 2194.51 -244.311 150.842 2237.7 -244.131 129.844 2230.39 -252.999 127.677 2244.78 -252.94 120.681 2241.9 -244.114 127.804 2284.87 -243.935 106.913 3315.44 -239.651 -394.103
element 23
  poly 0: 1427.39 -348.467 28.7756 1409.1 -273.859 53.1172 1568.28 -130.852 174.376 1704.15 -295.913 157.159 1603.85 -429.957 62.2794 1540.74 -437.086 35.0431 1427.39 -348.467 28.7756
  poly 1: 1417.85 -356.885 44.5862 1399.23 -280.951 69.3607 1562.02 -134.694 193.376 1700.83 -303.316 175.787 1598.24 -440.418 78.7427 1533.97 -447.678 51.0075 1417.85 -356.885 44.5862
element 24
  poly 0: -58.0263 232.689 -509.305 1514.39 542.285 43.4788 1510.02 548.766 34.8996 1524.86 551.688 40.1168 1518.72 543.137 45.0005 1595.48 558.252 71.9877 1694.6 716.847 -26.6059 1349.21 621.435 -121.73 -58.0263 232.689 -509.305
  poly 1: -21.4002 227.9 -514.665 1521.94 531.77 27.8969 1517.57 538.251 19.3177 1532.41 541.173 24.5349 1526.27 532.622 29.4186 1601.18 547.373 55.7559 1698.44 703.002 -40.9937 1359.37 609.334 -134.38 -21.4002 227.9 -514.665
element 25
  poly 0: 2099.54 -28.5868 262.032 1786.94 18.8907 232.77 1794.14 27.9891 232.174 1778.39 30.3815 230.699 1782.35 19.5885 232.34 1696.45 32.6357 224.299 1675.97 150.792 208.047 1686.84 147.046 209.325 1684.13 162.669 207.176 1675.19 155.349 207.42 1654.72 273.492 191.169 1772.45 288.606 198.079 1768.03 277.963 199.075 1783.87 279.997 200.005 1777.07 289.199 198.35 1894.91 304.328 205.266 1921.69 260.753 212.696 1910.12 260.227 211.897 1918.41 246.738 214.197 1924.11 256.819 213.367 1950.88 213.269 220.792 2099.54 -28.5868 262.032
  poly 1: 2104.54 -30.4546 282.848 1784.93 18.0875 252.93 1792.13 27.1859 252.334 1776.38 29.5782 250.859 1780.34 18.7853 252.5 1692.97 32.0555 244.321 1672.05 152.816 227.711 1682.91 149.071 228.989 1680.2 164.693 226.84 1671.26 157.373 227.084 1650.33 278.147 210.472 1770.66 293.596 217.534 1766.25 282.953 218.53 1782.09 284.987 219.46 1775.28 294.189 217.805 1895.5 309.623 224.86 1922.98 264.92 232.483 1911.41 264.395 231.684 1919.7 250.905 233.984 1925.4 260.986 233.154 1952.89 216.258 240.78 2104.54 -30.4546 282.848
element 26
  poly 0: 2307.49 614.944 -22.7864 2176.6 476.416 96.3288 2186.84 472.609 92.4698 2177.53 462.747 100.95 2173.88 473.54 98.8022 2127.8 424.769 140.738 2151.55 324.658 165.847 2159.08 330.883 159.649 2162.67 315.759 163.442 2152.6 320.246 166.953 2176.5 219.516 192.217 2197.73 201.881 187.862 2198.36 212.691 183.506 2210.51 202.59 181.011 2201.27 198.935 187.135 2223.36 180.583 182.603 2273.34 177.612 157.963 2267.3 187.6 157.347 2281.63 186.748 150.282 2277.52 177.363 155.902 2327.45 174.395 131.287 2367.17 206.14 98.978 2357.18 211.208 102.236 2367.73 219.639 93.6558 2370.25 208.599 96.4754 2409.71 240.135 64.3802 2377.19 359.38 36.6483 2369.94 352.821 42.83 2365.83 367.882 39.3272 2375.99 363.773 35.6266 2343.57 482.641 7.98236 2307.49 614.944 -22.7864
  poly 1: 2297.92 603.352 -37.2353 2169.98 467.943 79.1982 2180.22 464.136 75.3392 2170.9 454.274 83.8191 2167.26 465.066 81.6715 2121.77 416.924 123.067 2145.11 318.584 147.732 2152.63 324.809 141.534 2156.22 309.686 145.327 2146.15 314.173 148.838 2169.34 216.452 173.348 2190.99 198.46 168.904 2191.62 209.269 164.548 2203.78 199.169 162.053 2194.54 195.514 168.177 2215.33 178.239 163.911 2264.24 175.331 139.795 2258.21 185.319 139.179 2272.54 184.467 132.114 2268.42 175.082 137.735 2317.39 172.171 113.594 2356 203.028 82.1893 2346.01 208.095 85.4475 2356.56 216.526 76.8671 2359.08 205.487 79.6867 2397.96 236.554 48.0681 2366.26 352.77 21.0407 2359.01 346.211 27.2223 2354.9 361.273 23.7195 2365.06 357.163 20.019 2333.27 473.755 -7.09603 2297.92 603.352 -37.2353
element 27
  poly 0: 1323.11 504.624 -23.7645 1354.82 353.401 58.0563 1363.02 361.625 57.9708 1365.92 347.786 65.4585 1355.67 349.365 60.2402 1361.81 320.095 76.077 1423.6 291.432 116.126 1424.22 302.091 111.616 1436.74 296.287 119.725 1427.25 289.74 118.492 1489.01 261.098 158.513 1551.7 279.702 177.745 1545.24 287.113 171.573 1559.95 291.48 176.087 1556 280.976 179.061 1619.28 299.754 198.473 1633.67 392.566 163.146 1623.59 387.227 161.111 1625.89 402.026 155.478 1634.34 396.883 161.504 1648.67 489.383 126.296 1623.44 522.06 100.527 1618.57 511.802 102.99 1610.27 522.545 94.5184 1621.02 525.194 98.0565 1595.48 558.252 71.9877 1518.72 543.137 45.0005 1524.29 534.988 51.1071 1509.44 532.066 45.8899 1514.39 542.285 43.4788 1438.08 527.26 16.6517 1323.11 504.624 -23.7645
  poly 1: 1334.24 494.815 -38.0868 1365.27 346.879 41.9553 1373.46 355.103 41.8698 1376.36 341.264 49.3575 1366.11 342.843 44.1392 1372.07 314.417 59.5193 1432.54 286.369 98.7097 1433.16 297.028 94.1991 1445.68 291.224 102.308 1436.19 284.677 101.075 1496.71 256.609 140.293 1558.74 275.018 159.322 1552.28 282.429 153.151 1566.99 286.796 157.665 1563.04 276.292 160.639 1624.49 294.526 179.488 1638.5 384.938 145.075 1628.43 379.599 143.04 1630.72 394.398 137.407 1639.17 389.255 143.432 1653.23 479.979 108.901 1628.27 512.3 83.4137 1623.4 502.042 85.876 1615.11 512.784 77.4047 1625.85 515.433 80.9429 1601.18 547.373 55.7558 1526.27 532.622 29.4186 1531.83 524.473 35.5251 1516.99 521.551 30.3079 1521.94 531.77 27.8969 1446.56 516.93 1.3995 1334.24 494.815 -38.0868
element 28
  poly 0: 1399.16 -292.783 119.654 1695.17 -491.155 36.6829 1696.4 -481.426 42.7867 1709.34 -490.101 39.1582 1698.95 -493.685 35.6246 1790.23 -554.856 10.0393 1852.97 -485.471 60.5494 1841.55 -483.592 60.2222 1850.99 -473.15 67.8242 1855.72 -482.425 62.7666 1918.32 -413.195 113.164 1869.2 -356.788 141.287 1864.76 -365.682 135.279 1854.93 -354.388 140.91 1866.33 -353.494 142.93 1817.2 -297.074 171.059 1763.17 -296.519 164.415 1769.34 -305.255 159.875 1753.46 -305.092 157.922 1758.53 -296.472 163.846 1704.15 -295.913 157.159 1399.16 -292.783 119.654
  poly 1: 1388.88 -300.114 137.426 1691.67 -503.025 52.5569 1692.89 -493.296 58.6606 1705.84 -501.971 55.0322 1695.44 -505.555 51.4986 1788.9 -568.188 25.3016 1852.96 -497.348 76.8717 1841.54 -495.469 76.5445 1850.98 -485.026 84.1466 1855.71 -494.302 79.089 1919.91 -423.307 130.771 1869.61 -365.546 159.57 1865.17 -374.44 153.561 1855.34 -363.146 159.192 1866.74 -362.251 161.212 1816.45 -304.503 190.004 1760.78 -303.932 183.158 1766.96 -312.667 178.618 1751.08 -312.504 176.666 1756.15 -303.884 182.589 1700.83 -303.316 175.787 1388.88 -300.114 137.426
element 29
  poly 0: 2363.97 674.719 -74.1848 2176.6 476.416 96.3288 2171.96 485.944 91.6259 2162.64 476.082 100.106 2173.88 473.54 98.8022 2127.8 424.769 140.738 2035.2 437.382 156.642 2040.98 445.173 150.347 2025.35 447.302 153.031 2030.64 438.002 157.425 1937.63 450.67 173.398 1924.5 472.45 163.297 1935.88 471.195 161.163 1928.2 483.93 155.257 1922.26 476.164 161.575 1909.19 497.856 151.515 1920.7 553.044 114.461 1929.47 545.789 116.698 1932.2 558.878 107.91 1921.49 556.862 111.898 1932.94 611.76 75.0385 2039.99 627.396 37.9786 2037.51 618.087 44.367 2052.48 620.275 39.1818 2044.36 628.034 36.4662 2151.55 643.692 -0.645376 2363.97 674.719 -74.1848
  poly 1: 2352.6 661.22 -86.9936 2169.98 467.943 79.1982 2165.34 477.471 74.4952 2156.02 467.609 82.9751 2167.26 465.066 81.6715 2121.77 416.924 123.067 2031.01 429.286 138.656 2036.79 437.078 132.36 2021.16 439.206 135.045 2026.45 429.907 139.439 1936.09 442.214 154.957 1923.35 463.344 145.157 1934.73 462.089 143.023 1927.05 474.824 137.117 1921.11 467.058 143.435 1908.33 488.276 133.595 1919.52 541.944 97.5612 1928.29 534.689 99.7988 1931.02 547.778 91.0108 1920.31 545.761 94.998 1931.56 599.72 58.7699 2036.42 615.036 22.4673 2033.94 605.728 28.8558 2048.92 607.915 23.6705 2040.79 615.675 20.955 2145.5 630.969 -15.296 2352.6 661.22 -86.9936
element 30
  poly 0: 2343.99 659.962 -84.0127 2040.79 615.675 20.955 2042.84 623.473 12.6713 2027.86 621.285 17.8566 2036.42 615.036 22.4673 1931.56 599.72 58.7699 1877.67 654.366 14.2815 1889.02 654.454 11.9375 1879.3 664.31 3.91363 1874.84 657.24 11.9412 1821.17 711.655 -32.3584 2157.42 678.408 -65.5801 2343.99 659.962 -84.0127
  poly 1: 2354.24 673.298 -70.8161 2044.36 628.034 36.4662 2046.4 635.833 28.1826 2031.43 633.645 33.3678 2039.99 627.396 37.9786 1932.94 611.76 75.0386 1878.09 667.378 29.7586 1889.44 667.466 27.4146 1879.72 677.322 19.3907 1875.26 670.253 27.4183 1820.18 726.103 -18.0505 2163.73 692.135 -51.9934 2354.24 673.298 -70.8161
element 31
  poly 0: 2318.39 -378.369 342.172 2152.6 320.246 166.953 2144.25 313.245 170.839 2140.67 328.369 167.045 2151.55 324.658 165.847 2127.8 424.769 140.738 2035.2 437.382 156.642 2039.95 427.05 158.743 2024.32 429.179 161.427 2030.64 438.002 157.425 1937.63 450.67 173.398 1917.17 382.152 198.398 1928.23 384.044 195.473 1923.91 369.572 200.753 1915.91 377.931 199.938 1895.5 309.623 224.86 1922.98 264.92 232.483 1928.47 274.333 228.479 1936.76 260.843 230.779 1925.4 260.986 233.154 1952.89 216.258 240.78 2318.39 -378.369 342.172
  poly 1: 2307.96 -367.668 319.85 2146.15 314.173 148.838 2137.81 307.172 152.724 2134.22 322.296 148.93 2145.11 318.584 147.732 2121.77 416.924 123.067 2031.01 429.286 138.656 2035.76 418.955 140.757 2020.13 421.083 143.441 2026.45 429.907 139.439 1936.09 442.214 154.957 1916.16 375.486 179.303 1927.23 377.378 176.378 1922.91 362.906 181.658 1914.9 371.265 180.843 1894.91 304.328 205.266 1921.69 260.753 212.696 1927.18 270.165 208.692 1935.47 256.676 210.992 1924.11 256.819 213.367 1950.88 213.269 220.792 2307.96 -367.668 319.85
element 32
  poly 0: 1287.61 673.936 -115.372 1354.82 353.401 58.0563 1346.27 353.922 50.2262 1349.17 340.083 57.7139 1355.67 349.365 60.2402 1361.81 320.095 76.077 1309.34 246.429 55.2586 1307.36 256.489 49.9258 1298.31 243.789 46.3366 1306.71 242.725 54.2117 1254.35 169.207 33.4349 1226.03 172.459 6.98782 1232.53 181.725 9.50949 1220.87 183.063 -1.37413 1222.64 172.85 3.81343 1194.8 176.047 -22.189 1237.36 404.338 -64.9152 1287.61 673.936 -115.372
  poly 1: 1299.21 661.915 -128.498 1365.27 346.879 41.9553 1356.71 347.4 34.1252 1359.61 333.561 41.6128 1366.11 342.843 44.1392 1372.07 314.417 59.5193 1320.98 242.671 39.2434 1318.99 252.731 33.9107 1309.95 240.031 30.3214 1318.34 238.967 38.1965 1267.14 167.074 17.879 1239.62 170.235 -7.82685 1246.11 179.501 -5.30517 1234.46 180.839 -16.1888 1236.22 170.625 -11.0012 1208.22 173.841 -37.1518 1249.82 396.962 -78.9104 1299.21 661.915 -128.498
element 33
  poly 0: 1568.09 -301.954 159.463 1756.15 -303.884 182.589 1750.38 -293.887 183.939 1766.26 -294.05 185.892 1760.78 -303.932 183.158 1816.45 -304.503 190.004 1873.04 -197.661 219.229 1861.53 -197.766 217.768 1868.81 -184.022 221.528 1875.16 -193.653 220.326 1931.89 -86.5377 249.626 1903.56 -42.7822 255.152 1898.13 -52.7409 252.408 1889.48 -39.3847 254.095 1901.04 -38.8866 255.644 1872.79 4.74302 261.155 1784.93 18.0875 252.93 1789.23 7.42658 251.257 1773.48 9.81893 249.783 1780.34 18.7853 252.5 1692.97 32.0555 244.321 1559.44 -63.3518 207.841 1560.66 -97.163 200.985 1570.56 -91.5074 203.396 1571.13 -107.178 200.219 1560.83 -101.734 200.059 1562.02 -134.694 193.376 1568.09 -301.954 159.463
  poly 1: 1574.21 -294.579 141.18 1758.53 -296.472 163.846 1752.76 -286.474 165.196 1768.64 -286.637 167.148 1763.17 -296.519 164.415 1817.2 -297.074 171.059 1872.75 -192.182 199.751 1861.25 -192.286 198.291 1868.53 -178.543 202.05 1874.87 -188.173 200.848 1930.28 -83.5543 229.465 1902.62 -40.8289 234.862 1897.19 -50.7876 232.118 1888.54 -37.4314 233.805 1900.1 -36.9334 235.354 1872.36 5.91787 240.766 1786.94 18.8907 232.77 1791.24 8.22982 231.097 1775.49 10.6222 229.623 1782.35 19.5885 232.34 1696.45 32.6357 224.299 1565.74 -60.7575 188.588 1566.91 -93.0939 182.032 1576.81 -87.4383 184.443 1577.38 -103.109 181.265 1567.07 -97.6646 181.105 1568.28 -130.852 174.376 1574.21 -294.579 141.18
element 34
  poly 0: 2433.85 -243.316 34.4848 2241.9 -244.114 127.804 2247.39 -233.904 126.231 2233.01 -233.964 133.226 2237.7 -244.131 129.844 2194.51 -244.311 150.842 2144.23 -178.98 182.352 2154.55 -176.402 177.607 2145.43 -164.558 183.32 2141.57 -175.526 184.018 2091.64 -110.655 215.307 2115.51 -57.8724 209.38 2121.27 -67.1569 205.576 2127.83 -52.6543 203.947 2117.42 -53.6424 208.905 2197.47 123.333 189.032 2203.23 114.048 185.228 2209.79 128.551 183.599 2199.38 127.563 188.557 2223.36 180.583 182.603 2273.34 177.612 157.963 2267.34 167.754 159.819 2281.67 166.902 152.754 2277.52 177.363 155.902 2327.45 174.395 131.287 2345.85 102.164 114.548 2335.74 104.387 119.706 2339.59 89.2586 116.2 2346.97 97.7513 113.525 2394 -86.8564 70.7435 2383.89 -84.6335 75.9017 2387.74 -99.7615 72.3959 2395.12 -91.2688 69.7209 2413.54 -163.565 52.9666 2433.85 -243.316 34.4848
  poly 1: 2421.64 -237.05 18.7592 2233.36 -237.833 110.29 2238.85 -227.623 108.717 2224.46 -227.683 115.713 2229.16 -237.85 112.331 2187.04 -238.025 132.807 2138.17 -174.522 163.436 2148.49 -171.944 158.691 2139.37 -160.1 164.403 2135.51 -171.068 165.102 2086.28 -107.105 195.953 2108.92 -57.0316 190.33 2114.68 -66.3161 186.526 2121.24 -51.8135 184.897 2110.84 -52.8017 189.855 2190.88 124.174 169.982 2196.64 114.889 166.178 2203.2 129.392 164.549 2192.79 128.403 169.507 2215.33 178.239 163.911 2264.24 175.331 139.795 2258.25 165.473 141.651 2272.58 164.621 134.586 2268.42 175.082 137.735 2317.39 172.171 113.594 2334.93 103.303 97.6344 2324.83 105.526 102.793 2328.68 90.3983 99.2868 2336.06 98.8911 96.6119 2383.08 -85.7167 53.83 2372.98 -83.4937 58.9882 2376.83 -98.6218 55.4824 2384.21 -90.129 52.8074 2401.74 -158.931 36.863 2421.64 -237.05 18.7592
element 35
  poly 0: 1573.7 -456.848 128.058 1560.83 -101.734 200.059 1552.11 -106.622 194.072 1551.54 -90.9506 197.249 1560.66 -97.163 200.985 1559.44 -63.3518 207.841 1500.91 -18.8278 184.919 1500.78 -30.1458 182.319 1488.62 -20.8976 177.558 1497.36 -16.1304 183.53 1439.44 27.9333 160.846 1387.88 24.4215 131.118 1394.25 14.8395 132.559 1380.41 13.8971 124.581 1383.84 24.1467 128.791 1332.33 20.6383 99.0934 1296.84 -57.6717 61.6988 1306.97 -58.1488 67.2831 1300.92 -71.5125 60.9017 1295.07 -61.5694 59.8375 1259.49 -140.074 22.3499 1327.83 -208.974 45.3418 1329.48 -198.016 48.7095 1340.44 -209.07 52.3981 1331.03 -212.198 46.4177 1399.23 -280.951 69.3607 1573.7 -456.848 128.058
  poly 1: 1579.69 -445.847 110.51 1567.07 -97.6646 181.105 1558.35 -102.553 175.119 1557.78 -86.8815 178.296 1566.91 -93.0939 182.032 1565.74 -60.7575 188.588 1509.06 -17.6465 166.394 1508.93 -28.9644 163.794 1496.77 -19.7162 159.033 1505.52 -14.9491 165.005 1448.24 28.6223 142.574 1397.94 25.1964 113.574 1404.31 15.6143 115.014 1390.48 14.6719 107.037 1393.9 24.9215 111.247 1343.55 21.4921 82.2174 1308.73 -55.3398 45.5286 1318.87 -55.8169 51.113 1312.81 -69.1807 44.7315 1306.96 -59.2376 43.6673 1272.23 -135.875 7.0715 1338.99 -203.182 29.5319 1340.63 -192.224 32.8997 1351.6 -203.278 36.5882 1342.19 -206.406 30.6078 1409.1 -273.859 53.1172 1579.69 -445.847 110.51
element 36
  poly 0: 1139.17 7.48268 -12.2696 1306.71 242.725 54.2117 1310.1 232.211 57.6114 1319.14 244.912 61.2007 1309.34 246.429 55.2586 1361.81 320.095 76.077 1423.6 291.432 116.126 1415.44 284.138 112.325 1427.95 278.335 120.434 1427.25 289.74 118.492 1489.01 261.098 158.513 1464.71 146.815 159.656 1457.45 154.101 154.421 1454.12 138.451 154.578 1463.74 142.251 159.702 1439.44 27.9333 160.846 1387.88 24.4215 131.118 1392.85 34.7901 132.635 1379.01 33.8476 124.658 1383.84 24.1467 128.791 1332.33 20.6383 99.0933 1139.17 7.48268 -12.2696
  poly 1: 1154.28 8.60098 -26.9067 1318.34 238.967 38.1965 1321.73 228.453 41.5962 1330.77 241.154 45.1855 1320.98 242.671 39.2434 1372.07 314.417 59.5193 1432.54 286.369 98.7097 1424.38 279.075 94.9083 1436.89 273.272 103.017 1436.19 284.677 101.075 1496.71 256.609 140.293 1472.96 144.88 141.411 1465.69 152.166 136.176 1462.36 136.516 136.333 1471.98 140.316 141.457 1448.24 28.6223 142.574 1397.94 25.1964 113.574 1402.91 35.5649 115.091 1389.07 34.6225 107.113 1393.9 24.9215 111.247 1343.55 21.4921 82.2174 1154.28 8.60098 -26.9067
element 37
  poly 0: 1703.01 839.909 -7.12207 1634.34 396.883 161.504 1645.09 401.146 160.989 1642.8 386.347 166.622 1633.67 392.566 163.146 1619.28 299.754 198.473 1633.24 290.043 203.866 1635.05 300.794 199.79 1647.57 292.083 204.627 1636.89 287.502 205.277 1650.33 278.147 210.472 1770.66 293.596 217.534 1764.08 302.163 213.405 1779.93 304.197 214.335 1775.28 294.189 217.805 1895.5 309.623 224.86 1915.91 377.931 199.938 1904.68 374.995 199.873 1909 389.467 194.593 1917.17 382.152 198.398 1937.63 450.67 173.398 1924.5 472.45 163.297 1918.36 463.05 166.361 1910.69 475.785 160.455 1922.26 476.164 161.575 1909.19 497.856 151.515 1703.01 839.909 -7.12207
  poly 1: 1706.44 823.207 -21.7393 1639.17 389.255 143.432 1649.93 393.518 142.918 1647.63 378.719 148.55 1638.5 384.938 145.075 1624.49 294.526 179.488 1637.52 285.458 184.524 1639.33 296.208 180.449 1651.85 287.497 185.286 1641.17 282.917 185.935 1654.72 273.492 191.169 1772.45 288.606 198.079 1765.87 297.174 193.95 1781.71 299.207 194.88 1777.07 289.199 198.35 1894.91 304.328 205.266 1914.9 371.265 180.843 1903.68 368.329 180.779 1908 382.801 175.499 1916.16 375.486 179.303 1936.09 442.214 154.957 1923.35 463.344 145.157 1917.21 453.944 148.221 1909.54 466.679 142.315 1921.11 467.058 143.435 1908.33 488.276 133.594 1706.44 823.207 -21.7393
element 38
  poly 0: 1448.32 -774.942 -274.638 1291.35 -446.585 -115.938 1352.77 -403.031 -37.9958 1356.35 -412.63 -43.3326 1365.42 -406.2 -31.8253 1355.42 -401.156 -34.6395 1417.85 -356.885 44.5862 1533.97 -447.678 51.0075 1518.73 -505.895 -6.92178 1511.07 -497.382 -5.2912 1508.16 -508.534 -16.3875 1517.88 -509.148 -10.1582 1502.91 -566.362 -67.0902 1448.32 -774.942 -274.638
  poly 1: 1456.13 -760.367 -286.639 1301.79 -437.528 -130.606 1363.78 -393.576 -51.9518 1367.36 -403.175 -57.2885 1376.42 -396.745 -45.7812 1366.42 -391.701 -48.5955 1427.39 -348.467 28.7756 1540.74 -437.086 35.0431 1525.95 -493.592 -21.1831 1518.29 -485.079 -19.5525 1515.37 -496.23 -30.6488 1525.1 -496.844 -24.4195 1510.04 -554.352 -81.6431 1456.13 -760.367 -286.639
